# r [arcsec]	I [Jy/sr]	I_uncer [Jy/sr]
1.272617859314095550e-03 9.292332770021699524e+10 5.081858882533295631e+09
2.921189009106442414e-03 9.285455543753800964e+10 5.075312795503385544e+09
4.579495862547155495e-03 9.273092819984381104e+10 5.063579874140966415e+09
6.240002426697914550e-03 9.255258855241609192e+10 5.046676843595159531e+09
7.901343393063876494e-03 9.231977834409260559e+10 5.024642804256894112e+09
9.563088128690054243e-03 9.203281668377876282e+10 4.997530953708128929e+09
1.122505851373705593e-02 9.169209731185128784e+10 4.965407326700791359e+09
1.288716767388508287e-02 9.129808748209762573e+10 4.928350393790624619e+09
1.454936822595933807e-02 9.085132698388975525e+10 4.886450810891113281e+09
1.621163214106096165e-02 9.035242709616998291e+10 4.839811195396017075e+09
1.787394178310437384e-02 8.980206942894264221e+10 4.788545899493714333e+09
1.953628550253095827e-02 8.920100464176121521e+10 4.732780772946822166e+09
2.119865529577967186e-02 8.855005103774034119e+10 4.672652914193531036e+09
2.286104548286438387e-02 8.785009303459873962e+10 4.608310411093021393e+09
2.452345192144544592e-02 8.710207951550411987e+10 4.539912073904743195e+09
2.618587151961204035e-02 8.630702206309541321e+10 4.467627163788872719e+09
2.784830192283991451e-02 8.546599308050172424e+10 4.391635120679659843e+09
2.951074130657948408e-02 8.458012380349427795e+10 4.312125294870421410e+09
3.117318823511218417e-02 8.365060220816221619e+10 4.229296687068410873e+09
3.283564156322602012e-02 8.267867081877572632e+10 4.143357702199357033e+09
3.449810036628684490e-02 8.166562442069299316e+10 4.054525922626954079e+09
3.616056388957845924e-02 8.061280768339407349e+10 3.963027907009074211e+09
3.782303151098994481e-02 7.952161269891470337e+10 3.869099021423758507e+09
3.948550271312052662e-02 7.839347644110754395e+10 3.772983309887185097e+09
4.114797706214112089e-02 7.722987815136131287e+10 3.674933411763318539e+09
4.281045419157746001e-02 7.603233665650511169e+10 3.575210533836221218e+09
4.447293378972808769e-02 7.480240762481269836e+10 3.474084484925399303e+09
4.613541558980088775e-02 7.354168076608250427e+10 3.371833780664027691e+09
4.779789936210682849e-02 7.225177698192843628e+10 3.268745825344206810e+09
4.946038490782722619e-02 7.093434547244775391e+10 3.165117176248219490e+09
5.112287205399637657e-02 6.959106080556373596e+10 3.061253893300098419e+09
5.278536064943199074e-02 6.822361995533000183e+10 2.957471972707098007e+09
5.444785056141081270e-02 6.683373931559959412e+10 2.854097856819055080e+09
5.611034167293492414e-02 6.542315169540535736e+10 2.751469002942677021e+09
5.777283388046990098e-02 6.399360330248870087e+10 2.649934480065531254e+09
5.943532709206246489e-02 6.254685072133598328e+10 2.549855543221936703e+09
6.109782122576532665e-02 6.108465789211014557e+10 2.451606108906060219e+09
6.276031620831216962e-02 5.960879309680551147e+10 2.355573020122298717e+09
6.442281197399798987e-02 5.812102595889859009e+10 2.262155945202386856e+09
6.608530846372812073e-02 5.662312446271458435e+10 2.171766700386477947e+09
6.774780562420743002e-02 5.511685199863183594e+10 2.084827724521608829e+09
6.941030340724584080e-02 5.360396444015930939e+10 2.001769371041972399e+09
7.107280176916151715e-02 5.208620725881018829e+10 1.923025629451622009e+09
7.273530067026563739e-02 5.056531268255268097e+10 1.849027865541649103e+09
7.439780007441634813e-02 4.904299690352133179e+10 1.780196204799297094e+09
7.606029994863128252e-02 4.752095734046312714e+10 1.716928311751450539e+09
7.772280026274960840e-02 4.600086996128651428e+10 1.659585572644585371e+09
7.938530098913672284e-02 4.448438667086217499e+10 1.608477086589624166e+09
8.104780210242505667e-02 4.297313276905648804e+10 1.563842389527542114e+09
8.271030357928650656e-02 4.146870448379017639e+10 1.525834396029750109e+09
8.437280539823126257e-02 3.997266658366519165e+10 1.494504502904950619e+09
8.603530753943039455e-02 3.848655007455164337e+10 1.469791977428607464e+09
8.769780998455847798e-02 3.701184998421614838e+10 1.451519502457847595e+09
8.936031271665356712e-02 3.555002323891622162e+10 1.439396031795337915e+09
9.102281571999285004e-02 3.410248663559138107e+10 1.433027045348814249e+09
9.268531897998151525e-02 3.267061491303726196e+10 1.431931150511616468e+09
9.434782248305331742e-02 3.125573892522069168e+10 1.435561063662379503e+09
9.601032621658157906e-02 2.985914391959346008e+10 1.443326551073888063e+09
9.767283016879922675e-02 2.848206792301775360e+10 1.454616972205897093e+09
9.933533432872686253e-02 2.712570023764394760e+10 1.468821544318711042e+09
1.009978386861079547e-01 2.579118004879123688e+10 1.485346135219908237e+09
1.026603432313502873e-01 2.447959514662274170e+10 1.503626087861434698e+09
1.043228479554730720e-01 2.319198076311170959e+10 1.523135145497743368e+09
1.059853528500589448e-01 2.192931852552473450e+10 1.543390919196189165e+09
1.076478579072105424e-01 2.069253552736069107e+10 1.563957526207458496e+09
1.093103631195108394e-01 1.948250351740600967e+10 1.584446069915145874e+09
1.109728684799872744e-01 1.830003820728425980e+10 1.604513581628634691e+09
1.126353739820789568e-01 1.714589869760524940e+10 1.623860947016393900e+09
1.142978796196066349e-01 1.602078702253559303e+10 1.642230228304269075e+09
1.159603853867454265e-01 1.492534781235033607e+10 1.659401687402436018e+09
1.176228912779997832e-01 1.386016807324208450e+10 1.675190724581158876e+09
1.192853972881804531e-01 1.282577708341889000e+10 1.689444875299220085e+09
1.209479034123834701e-01 1.182264640424678612e+10 1.702040953451657534e+09
1.226104096459709192e-01 1.085119000495194054e+10 1.712882390132613420e+09
1.242729159845529646e-01 9.911764499138122559e+09 1.721896789924337626e+09
1.259354224239715991e-01 9.004669491157236099e+09 1.729033708783353567e+09
1.275979289602855449e-01 8.130148030109243393e+09 1.734262646310317993e+09
1.292604355897561952e-01 7.288387169055819511e+09 1.737571238596091032e+09
1.309229423088349165e-01 6.479518626790840149e+09 1.738963634402176142e+09
1.325854491141509606e-01 5.703619549323396683e+09 1.738459036077433348e+09
1.342479560025006402e-01 4.960713368020275116e+09 1.736090386556818485e+09
1.359104629708369483e-01 4.250770751178772449e+09 1.731903184471647739e+09
1.375729700162601765e-01 3.573710645615430832e+09 1.725954410471181870e+09
1.392354771360091448e-01 2.929401404700185776e+09 1.718311549070248127e+09
1.408979843274529020e-01 2.317661999101044655e+09 1.709051691529521227e+09
1.425604915880832879e-01 1.738263306373045444e+09 1.698260706372739553e+09
1.442229989155077718e-01 1.190929475383749723e+09 1.686032465063487053e+09
1.458855063074428748e-01 6.753393614517791271e+08 1.672468111119246006e+09
1.475480137617080634e-01 1.911280279714524150e+08 1.657675361488667488e+09
1.492105212762198374e-01 -2.621116898084339201e+08 1.641767829407101631e+09
1.508730288489867621e-01 -6.848275632593897581e+08 1.624864358168741941e+09
1.525355364781040279e-01 -1.077506295583293915e+09 1.607088355379596233e+09
1.541980441617490649e-01 -1.440671798301025391e+09 1.588567117316226006e+09
1.558605518981770188e-01 -1.774883423604627371e+09 1.569431133083312988e+09
1.575230596857167542e-01 -2.080734157199275255e+09 1.549813358421577930e+09
1.591855675227668576e-01 -2.358848776277312756e+09 1.529848449374811888e+09
1.608480754077921959e-01 -2.609881977284817696e+09 1.509671946678071737e+09
1.625105833393203636e-01 -2.834516478130660534e+09 1.489419402828412056e+09
1.641730913159387406e-01 -3.033461099485115528e+09 1.469225445469179153e+09
1.658355993362912173e-01 -3.207448829783496857e+09 1.449222773088920593e+09
1.674981073990755853e-01 -3.357234878518899441e+09 1.429541082224035740e+09
1.691606155030408176e-01 -3.483594722356913567e+09 1.410305929410688400e+09
1.708231236469845982e-01 -3.587322148556139946e+09 1.391637536069283247e+09
1.724856318297508795e-01 -3.669227300100018978e+09 1.373649550198642492e+09
1.741481400502279120e-01 -3.730134726877388477e+09 1.356447785001398325e+09
1.758106483073458848e-01 -3.770881447155105114e+09 1.340128960963971853e+09
1.774731566000750660e-01 -3.792315023493743420e+09 1.324779483997773170e+09
1.791356649274240265e-01 -3.795291657148623466e+09 1.310474297369819880e+09
1.807981732884377246e-01 -3.780674304886074066e+09 1.297275848644615650e+09
1.824606816821959798e-01 -3.749330822021044731e+09 1.285233214074989796e+09
1.841231901078118072e-01 -3.702132135356184959e+09 1.274381421275072098e+09
1.857856985644300296e-01 -3.639950449559461594e+09 1.264741006293913126e+09
1.874482070512257237e-01 -3.563657490377933502e+09 1.256317833396565199e+09
1.891107155674030538e-01 -3.474122787937389374e+09 1.249103195347493410e+09
1.907732241121938566e-01 -3.372212003214358807e+09 1.243074199511901617e+09
1.924357326848565586e-01 -3.258785300616261005e+09 1.238194431700119734e+09
1.940982412846749550e-01 -3.134695769430644989e+09 1.234414876542744875e+09
1.957607499109572380e-01 -3.000787896744256496e+09 1.231675061506833076e+09
1.974232585630348313e-01 -2.857896094250155926e+09 1.229904382430348396e+09
1.990857672402615297e-01 -2.706843281193241596e+09 1.229023562369188070e+09
2.007482759420124996e-01 -2.548439525520322800e+09 1.228946192928904772e+09
2.024107846676835298e-01 -2.383480745123217583e+09 1.229580308000126600e+09
2.040732934166899215e-01 -2.212747470877526283e+09 1.230829943503148794e+09
2.057358021884660160e-01 -2.037003673001413584e+09 1.232596642711879253e+09
2.073983109824642512e-01 -1.856995652070909023e+09 1.234780874173695326e+09
2.090608197981545235e-01 -1.673450995841762066e+09 1.237283337369035721e+09
2.107233286350234380e-01 -1.487077602856097221e+09 1.240006139369246006e+09
2.123858374925735870e-01 -1.298562773611787558e+09 1.242853833271525860e+09
2.140483463703231337e-01 -1.108572369908284664e+09 1.245734315749778509e+09
2.157108552678049240e-01 -9.177500427926509380e+08 1.248559586426668167e+09
2.173733641845664311e-01 -7.267165293562539816e+08 1.251246375891792059e+09
2.190358731201685061e-01 -5.360690184599831104e+08 1.253716652101779938e+09
2.206983820741854618e-01 -3.463805852894707322e+08 1.255898016728976965e+09
2.223608910462041566e-01 -1.581996944824054837e+08 1.257724003945257187e+09
2.240234000358239386e-01 2.795022860312826186e+07 1.259134294317312479e+09
2.256859090426557024e-01 2.115711590597835481e+08 1.260074856132063866e+09
2.273484180663219723e-01 3.921907667850605845e+08 1.260498025722209454e+09
2.290109271064561247e-01 5.693626449062047005e+08 1.260362537370654106e+09
2.306734361627020280e-01 7.426664733087791204e+08 1.259633512228154421e+09
2.323359452347137921e-01 9.117081184445493221e+08 1.258282414486134768e+09
2.339984543221555469e-01 1.076119670719115496e+09 1.256286981851830482e+09
2.356609634247005536e-01 1.235559420896441936e+09 1.253631136218611240e+09
2.373234725420314828e-01 1.389711777068790436e+09 1.250304879333532333e+09
2.389859816738397480e-01 1.538287123862236023e+09 1.246304177251114845e+09
2.406484908198254224e-01 1.681021625645326138e+09 1.241630836421012640e+09
2.423109999796965175e-01 1.817676975624173641e+09 1.236292373392005205e+09
2.439735091531692601e-01 1.948040092781457424e+09 1.230301879305474520e+09
2.456360183399674824e-01 2.071922768719630718e+09 1.223677879599842072e+09
2.472985275398224547e-01 2.189161266538075447e+09 1.216444188628754854e+09
2.489610367524725254e-01 2.299615873948532581e+09 1.208629758204235554e+09
2.506235459776631203e-01 2.403170412897874355e+09 1.200268518405850410e+09
2.522860552151463542e-01 2.499731708023898125e+09 1.191399208328849077e+09
2.539485644646808371e-01 2.589229016317489147e+09 1.182065193788603306e+09
2.556110737260313126e-01 2.671613420411111832e+09 1.172314268344769239e+09
2.572735829989687417e-01 2.746857187943919182e+09 1.162198433377888918e+09
2.589360922832700251e-01 2.814953099483474255e+09 1.151773652347022533e+09
2.605986015787175591e-01 2.875913747504230499e+09 1.141099573817596197e+09
2.622611108850994577e-01 2.929770808937200069e+09 1.130239217405744791e+09
2.639236202022091082e-01 2.976574293808683872e+09 1.119258616490286350e+09
2.655861295298450053e-01 3.016391772488255501e+09 1.108226411463463306e+09
2.672486388678106950e-01 3.049307584057137966e+09 1.097213387494958639e+09
2.689111482159146083e-01 3.075422028294529438e+09 1.086291951360922813e+09
2.705736575739698391e-01 3.094850543759286880e+09 1.075535542927754164e+09
2.722361669417941443e-01 3.107722874417862415e+09 1.065017978453222156e+09
2.738986763192096108e-01 3.114182227235462666e+09 1.054812725058330774e+09
2.755611857060425440e-01 3.114384423112012863e+09 1.044992108545773983e+09
2.772236951021236906e-01 3.108497043497355938e+09 1.035626460195069313e+09
2.788862045072874607e-01 3.096698574971764565e+09 1.026783212158635855e+09
2.805487139213725944e-01 3.079177554027592659e+09 1.018525955459279299e+09
2.822112233442213292e-01 3.056131714218455315e+09 1.010913479086293697e+09
2.838737327756796214e-01 3.027767137796045780e+09 1.003998812977768183e+09
2.855362422155972579e-01 2.994297413863627911e+09 9.978283013361911774e+08
2.871987516638271343e-01 2.955942805029255867e+09 9.924407353416910172e+08
2.888612611202258651e-01 2.912929424444075584e+09 9.878665754567581415e+08
2.905237705846532292e-01 2.865488425044734001e+09 9.841272928514527082e+08
2.921862800569720031e-01 2.813855202738161087e+09 9.812348568127572536e+08
2.938487895370484604e-01 2.758268615169648170e+09 9.791913903467969894e+08
2.955112990247516502e-01 2.698970217645709038e+09 9.779890097771046162e+08
2.971738085199533974e-01 2.636203517679565907e+09 9.776098564098062515e+08
2.988363180225286353e-01 2.570213249544879913e+09 9.780263199070804119e+08
3.004988275323551283e-01 2.501244670123639107e+09 9.792014445809355974e+08
3.021613370493130279e-01 2.429542877252068043e+09 9.810895021063959599e+08
3.038238465732852611e-01 2.355352151656785011e+09 9.836367077615183592e+08
3.054863561041573639e-01 2.278915323496614933e+09 9.867820526986076832e+08
3.071488656418173702e-01 2.200473164413483620e+09 9.904582221447963715e+08
3.088113751861554790e-01 2.120263805914428711e+09 9.945925688585474491e+08
3.104738847370644983e-01 2.038522184799416065e+09 9.991081124054118395e+08
3.121363942944395120e-01 1.955479516263510466e+09 1.003924537561723948e+09
3.137989038581776025e-01 1.871362795202794552e+09 1.008959168947525859e+09
3.154614134281782389e-01 1.786394326164237976e+09 1.014127903408309102e+09
3.171239230043430002e-01 1.700791282283105373e+09 1.019346086277824998e+09
3.187864325865753523e-01 1.614765293466994047e+09 1.024529322127514839e+09
3.204489421747808708e-01 1.528522063994493484e+09 1.029594214668710828e+09
3.221114517688670742e-01 1.442261019606358528e+09 1.034459033972973585e+09
3.237739613687434237e-01 1.356174984093308687e+09 1.039044312019985914e+09
3.254364709743211015e-01 1.270449885288004875e+09 1.043273369765512705e+09
3.270989805855132326e-01 1.185264490305418730e+09 1.047072780488542080e+09
3.287614902022346075e-01 1.100790169785474062e+09 1.050372775189441323e+09
3.304239998244018484e-01 1.017190690826707363e+09 1.053107596368443012e+09
3.320865094519330207e-01 9.346220382276688814e+08 1.055215806713708639e+09
3.337490190847480775e-01 8.532322635814819336e+08 1.056640559146543741e+09
3.354115287227684150e-01 7.731613617093727589e+08 1.057329834407527089e+09
3.370740383659170392e-01 6.945411738573925495e+08 1.057236651981125712e+09
3.387365480141183438e-01 6.174953170207285881e+08 1.056319259699619889e+09
3.403990576672984991e-01 5.421391387086015940e+08 1.054541306892089128e+09
3.420615673253846745e-01 4.685796964129342437e+08 1.051872005472769737e+09
3.437240769883058711e-01 3.969157609975166917e+08 1.048286282921655059e+09
3.453865866559921449e-01 3.272378431774337292e+08 1.043764930703751206e+09
3.470490963283750507e-01 2.596282422295487821e+08 1.038294751316894889e+09
3.487116060053874755e-01 1.941611160271234214e+08 1.031868706830869555e+09
3.503741156869634166e-01 1.309025714713266790e+08 1.024486071497835159e+09
3.520366253730383144e-01 6.991077435800485313e+07 1.016152590736342549e+09
3.536991350635486642e-01 1.123607769526367448e+07 1.006880648517040849e+09
3.553616447584322380e-01 -4.507883252734421939e+07 9.966894448638919592e+08
3.570241544576279180e-01 -9.899877514580669999e+07 9.856051848049386740e+08
3.586866641610758633e-01 -1.504958962295159400e+08 9.736612795936360359e+08
3.603491738687170098e-01 -1.995494771403177977e+08 9.608985603308658600e+08
3.620116835804937372e-01 -2.461457292869129479e+08 9.473655031452362537e+08
3.636741932963493684e-01 -2.902775766275910735e+08 9.331184637410696745e+08
3.653367030162280593e-01 -3.319444269737194180e+08 9.182219172662498951e+08
3.669992127400752979e-01 -3.711519331390566230e+08 9.027486969196221828e+08
3.686617224678372939e-01 -4.079117449778468013e+08 8.867802213354208469e+08
3.703242321994613118e-01 -4.422412533403486013e+08 8.704066963386645317e+08
3.719867419348956150e-01 -4.741633269678645730e+08 8.537272709643034935e+08
3.736492516740893000e-01 -5.037060433271882534e+08 8.368501205085361004e+08
3.753117614169925176e-01 -5.309024143723011017e+08 8.198924207669446468e+08
3.769742711635561405e-01 -5.557901082007178068e+08 8.029801676420036554e+08
3.786367809137318741e-01 -5.784111675440343618e+08 7.862477854287856817e+08
3.802992906674724227e-01 -5.988117260172466040e+08 7.698374562768385410e+08
3.819618004247312126e-01 -6.170417230153940916e+08 7.538980942407896519e+08
3.836243101854625026e-01 -6.331546181257153749e+08 7.385838825039809942e+08
3.852868199496213841e-01 -6.472071058890007734e+08 7.240522952364575863e+08
3.869493297171635593e-01 -6.592588317145785093e+08 7.104615402857708931e+08
3.886118394880457849e-01 -6.693721097209925652e+08 6.979673897136592865e+08
3.902743492622252064e-01 -6.776116432401676178e+08 6.867194151648000479e+08
3.919368590396599683e-01 -6.840442486869087219e+08 6.768567143670971394e+08
3.935993688203087704e-01 -6.887385834643808603e+08 6.685032990739370584e+08
3.952618786041311449e-01 -6.917648785324490070e+08 6.617634025622475147e+08
3.969243883910870685e-01 -6.931946762382260561e+08 6.567170394992985725e+08
3.985868981811374612e-01 -6.931005739620743990e+08 6.534161924437260628e+08
4.002494079742436872e-01 -6.915559741006966829e+08 6.518819895802909136e+08
4.019119177703678880e-01 -6.886348408679991961e+08 6.521031686262631416e+08
4.035744275694727046e-01 -6.844114643603017330e+08 6.540359976391038895e+08
4.052369373715214440e-01 -6.789602322875968218e+08 6.576056653401410580e+08
4.068994471764781906e-01 -6.723554097475134134e+08 6.627089924621994495e+08
4.085619569843071952e-01 -6.646709273656262159e+08 6.692181834599083662e+08
4.102244667949735413e-01 -6.559801781064739227e+08 6.769852579625338316e+08
4.118869766084432005e-01 -6.463558230068286657e+08 6.858467820605281591e+08
4.135494864246819224e-01 -6.358696060652769804e+08 6.956285543792772293e+08
4.152119962436567890e-01 -6.245921784677588940e+08 7.061499739081014395e+08
4.168745060653349932e-01 -6.125929323162604570e+08 7.172279052300782204e+08
4.185370158896842829e-01 -5.999398439759740829e+08 7.286799439724069834e+08
4.201995257166728504e-01 -5.866993271406165361e+08 7.403270587170075178e+08
4.218620355462696647e-01 -5.729360956717205048e+08 7.519956394616863728e+08
4.235245453784438063e-01 -5.587130362501914501e+08 7.635190165744951963e+08
4.251870552131651881e-01 -5.440910908396137953e+08 7.747385308427282572e+08
4.268495650504041117e-01 -5.291291489446011186e+08 7.855042390387251377e+08
4.285120748901312115e-01 -5.138839496084842086e+08 7.956753347363450527e+08
4.301745847323175664e-01 -4.984099930892183781e+08 8.051203546956688166e+08
4.318370945769347546e-01 -4.827594621049181223e+08 8.137172296912941933e+08
4.334996044239549096e-01 -4.669821525458473563e+08 8.213532271041324139e+08
4.351621142733504422e-01 -4.511254135036315322e+08 8.279248219307817221e+08
4.368246241250944295e-01 -4.352340964739406705e+08 8.333375236867399216e+08
4.384871339791597822e-01 -4.193505135460559130e+08 8.375056790670573711e+08
4.401496438355204099e-01 -4.035144044054429531e+08 8.403522642043558359e+08
4.418121536941504446e-01 -3.877629119279212356e+08 8.418086756592031717e+08
4.434746635550242400e-01 -3.721305661663065553e+08 8.418145257863183022e+08
4.451371734181167605e-01 -3.566492764816624522e+08 8.403174455032842159e+08
4.467996832834031928e-01 -3.413483315960046053e+08 8.372728956748701334e+08
4.484621931508591675e-01 -3.262544072997034788e+08 8.326439870155746937e+08
4.501247030204606481e-01 -3.113915815722731948e+08 8.264013075987884998e+08
4.517872128921838204e-01 -2.967813568321605921e+08 8.185227564966093302e+08
4.534497227660054253e-01 -2.824426890647905469e+08 8.089933818122539520e+08
4.551122326419027031e-01 -2.683920235279344618e+08 7.978052211941821575e+08
4.567747425198525613e-01 -2.546433367808324397e+08 7.849571429504384995e+08
4.584372523998329063e-01 -2.412081847225329280e+08 7.704546858926134109e+08
4.600997622818217003e-01 -2.280957563868555427e+08 7.543098962111874819e+08
4.617622721657972384e-01 -2.153129331701480448e+08 7.365411597715191841e+08
4.634247820517383154e-01 -2.028643532432522178e+08 7.171730284543372393e+08
4.650872919396236149e-01 -1.907524808158473969e+08 6.962360392696528435e+08
4.667498018294323758e-01 -1.789776800169969201e+08 6.737665252390106916e+08
4.684123117211442255e-01 -1.675382930474521220e+08 6.498064171242786646e+08
4.700748216147389580e-01 -1.564307223875133991e+08 6.244030353724871874e+08
4.717373315101965336e-01 -1.456495167034021318e+08 5.976088716862878799e+08
4.733998414074974126e-01 -1.351874602606919706e+08 5.694813599474719763e+08
4.750623513066224435e-01 -1.250356654697249830e+08 5.400826362038830519e+08
4.767248612075521974e-01 -1.151836684101033956e+08 5.094792877870805860e+08
4.783873711102680226e-01 -1.056195269249842614e+08 4.777420915343621969e+08
4.800498810147514894e-01 -9.632992119525326788e+07 4.449457415187062025e+08
4.817123909209840571e-01 -8.730025631982856989e+07 4.111685664831526279e+08
4.833749008289477955e-01 -7.851476691593100131e+07 3.764922377579207420e+08
4.850374107386249412e-01 -6.995662314709670842e+07 3.410014680636997819e+08
4.866999206499977859e-01 -6.160803837575183809e+07 3.047837025341401696e+08
4.883624305630492324e-01 -5.345037760404122621e+07 2.679288027517805994e+08
4.900249404777619611e-01 -4.546426728274936974e+07 2.305287266524847150e+08
4.916874503941192631e-01 -3.762970507014770061e+07 1.926772076003854573e+08
4.933499603121045407e-01 -2.992617110081364959e+07 1.544694459176099896e+08
4.950124702317013070e-01 -2.233273755227309093e+07 1.160018526299998909e+08
4.966749801528934083e-01 -1.482818178800793551e+07 7.737206103191275895e+07
4.983374900756649684e-01 -7.391086390669013374e+06 3.868098799841769040e+07
