# r [arcsec]	I [Jy/sr]	I_uncer [Jy/sr]
1.272617859314095550e-03 2.953632534467071915e+10 1.060774660006479025e+09
2.921189009106442414e-03 2.953018431988551331e+10 1.060218919313721061e+09
4.579495862547155495e-03 2.951913870215847397e+10 1.059350669937535524e+09
6.240002426697914550e-03 2.950319041838031769e+10 1.058126067210619807e+09
7.901343393063876494e-03 2.948234549303006744e+10 1.056536755878423572e+09
9.563088128690054243e-03 2.945661211993121719e+10 1.054581150688342690e+09
1.122505851373705593e-02 2.942600047677087021e+10 1.052259762498858333e+09
1.288716767388508287e-02 2.939052268578773880e+10 1.049574071411156416e+09
1.454936822595933807e-02 2.935019279817339325e+10 1.046526164353556395e+09
1.621163214106096165e-02 2.930502678339489746e+10 1.043118592579089403e+09
1.787394178310437384e-02 2.925504251929990005e+10 1.039354306399676919e+09
1.953628550253095827e-02 2.920025978182817078e+10 1.035236621276023507e+09
2.119865529577967186e-02 2.914070023395631790e+10 1.030769198083097339e+09
2.286104548286438387e-02 2.907638741373205185e+10 1.025956030311874509e+09
2.452345192144544592e-02 2.900734672134642029e+10 1.020801434862957478e+09
2.618587151961204035e-02 2.893360540521792221e+10 1.015310044776445985e+09
2.784830192283991451e-02 2.885519254710105896e+10 1.009486803026748657e+09
2.951074130657948408e-02 2.877213904619999313e+10 1.003336956908401489e+09
3.117318823511218417e-02 2.868447760231150055e+10 9.968660527473001480e+08
3.283564156322602012e-02 2.859224269799620819e+10 9.900799307828836441e+08
3.449810036628684490e-02 2.849547057979629135e+10 9.829847201384373903e+08
3.616056388957845924e-02 2.839419923849905396e+10 9.755868338300703764e+08
3.782303151098994481e-02 2.828846838847555161e+10 9.678929637933007479e+08
3.948550271312052662e-02 2.817831944608870316e+10 9.599100759195588827e+08
4.114797706214112089e-02 2.806379550720175552e+10 9.516454051052434444e+08
4.281045419157746001e-02 2.794494132378744507e+10 9.431064503231352568e+08
4.447293378972808769e-02 2.782180327966214752e+10 9.343009697301949263e+08
4.613541558980088775e-02 2.769442936535678864e+10 9.252369758304152489e+08
4.779789936210682849e-02 2.756286915213972092e+10 9.159227307116367817e+08
4.946038490782722619e-02 2.742717376520954895e+10 9.063667413807384968e+08
5.112287205399637657e-02 2.728739585607695389e+10 8.965777552194232941e+08
5.278536064943199074e-02 2.714358957414589691e+10 8.865647555869582891e+08
5.444785056141081270e-02 2.699581053752430725e+10 8.763369575962011814e+08
5.611034167293492414e-02 2.684411580306681061e+10 8.659038040895051956e+08
5.777283388046990098e-02 2.668856383568661499e+10 8.552749618433362246e+08
5.943532709206246489e-02 2.652921447693893433e+10 8.444603180284997225e+08
6.109782122576532665e-02 2.636612891290657043e+10 8.334699769561301470e+08
6.276031620831216962e-02 2.619936964140802765e+10 8.223142571358617544e+08
6.442281197399798987e-02 2.602900043853739929e+10 8.110036886762846708e+08
6.608530846372812073e-02 2.585508632457448578e+10 7.995490110528130531e+08
6.774780562420743002e-02 2.567769352927083588e+10 7.879611712702114582e+08
6.941030340724584080e-02 2.549688945654228592e+10 7.762513224434592724e+08
7.107280176916151715e-02 2.531274264859104156e+10 7.644308228180924654e+08
7.273530067026563739e-02 2.512532274946823502e+10 7.525112352481758595e+08
7.439780007441634813e-02 2.493470046811964417e+10 7.405043271458678246e+08
7.606029994863128252e-02 2.474094754091595840e+10 7.284220709091352224e+08
7.772280026274960840e-02 2.454413669370887375e+10 7.162766448291593790e+08
7.938530098913672284e-02 2.434434160342491150e+10 7.040804344674916267e+08
8.104780210242505667e-02 2.414163685922647858e+10 6.918460344832376242e+08
8.271030357928650656e-02 2.393609792326583862e+10 6.795862508756660223e+08
8.437280539823126257e-02 2.372780109104737473e+10 6.673141035906761885e+08
8.603530753943039455e-02 2.351682345143974686e+10 6.550428294189150333e+08
8.769780998455847798e-02 2.330324284634053421e+10 6.427858850879901648e+08
8.936031271665356712e-02 2.308713783003917694e+10 6.305569504220936298e+08
9.102281571999285004e-02 2.286858762829254532e+10 6.183699314064077139e+08
9.268531897998151525e-02 2.264767209713750839e+10 6.062389629516427517e+08
9.434782248305331742e-02 2.242447168147312164e+10 5.941784111075801849e+08
9.601032621658157906e-02 2.219906737343256378e+10 5.822028744153572321e+08
9.767283016879922675e-02 2.197154067057125092e+10 5.703271840267800093e+08
9.933533432872686253e-02 2.174197353389968491e+10 5.585664021448514462e+08
1.009978386861079547e-01 2.151044834578277206e+10 5.469358182590066195e+08
1.026603432313502873e-01 2.127704786773693848e+10 5.354509425599256754e+08
1.043228479554730720e-01 2.104185519814267731e+10 5.241274958224452734e+08
1.059853528500589448e-01 2.080495372991139603e+10 5.129813949455810785e+08
1.076478579072105424e-01 2.056642710811375427e+10 5.020287332350003123e+08
1.093103631195108394e-01 2.032635918761958694e+10 4.912857544167322516e+08
1.109728684799872744e-01 2.008483399074784470e+10 4.807688192787363529e+08
1.126353739820789568e-01 1.984193566497874451e+10 4.704943637679411173e+08
1.142978796196066349e-01 1.959774844073215103e+10 4.604788473255293369e+08
1.159603853867454265e-01 1.935235658925457382e+10 4.507386902431960702e+08
1.176228912779997832e-01 1.910584438062596893e+10 4.412901988773914576e+08
1.192853972881804531e-01 1.885829604192354202e+10 4.321494776879793406e+08
1.209479034123834701e-01 1.860979571555946732e+10 4.233323272858457565e+08
1.226104096459709192e-01 1.836042741782513046e+10 4.148541280010336637e+08
1.242729159845529646e-01 1.811027499765461731e+10 4.067297089282155633e+08
1.259354224239715991e-01 1.785942209565061188e+10 3.989732029814256430e+08
1.275979289602855449e-01 1.760795210337512970e+10 3.915978891890886426e+08
1.292604355897561952e-01 1.735594812295026779e+10 3.846160242733657360e+08
1.309229423088349165e-01 1.710349292697722626e+10 3.780386664518291354e+08
1.325854491141509606e-01 1.685066891880768013e+10 3.718754953300745487e+08
1.342479560025006402e-01 1.659755809318281937e+10 3.661346326539431810e+08
1.359104629708369483e-01 1.634424199727056503e+10 3.608224694826966524e+08
1.375729700162601765e-01 1.609080169212099838e+10 3.559435059379240870e+08
1.392354771360091448e-01 1.583731771455905724e+10 3.515002099902851582e+08
1.408979843274529020e-01 1.558387003954379654e+10 3.474929016888402104e+08
1.425604915880832879e-01 1.533053804301057816e+10 3.439196687623045444e+08
1.442229989155077718e-01 1.507740046522034454e+10 3.407763186109126806e+08
1.458855063074428748e-01 1.482453537463653183e+10 3.380563703895724416e+08
1.475480137617080634e-01 1.457202013235112572e+10 3.357510892308970094e+08
1.492105212762198374e-01 1.431993135708071327e+10 3.338495627881452441e+08
1.508730288489867621e-01 1.406834489075084305e+10 3.323388183391203284e+08
1.525355364781040279e-01 1.381733576468798828e+10 3.312039768433867693e+08
1.541980441617490649e-01 1.356697816644482994e+10 3.304284387374426126e+08
1.558605518981770188e-01 1.331734540726898956e+10 3.299940950108262897e+08
1.575230596857167542e-01 1.306850989023565102e+10 3.298815563144806027e+08
1.591855675227668576e-01 1.282054307906975365e+10 3.300703925418772101e+08
1.608480754077921959e-01 1.257351546766318130e+10 3.305393754771774411e+08
1.625105833393203636e-01 1.232749655031275558e+10 3.312667176646239161e+08
1.641730913159387406e-01 1.208255479269147491e+10 3.322303015271654129e+08
1.658355993362912173e-01 1.183875760356954193e+10 3.334078938458463550e+08
1.674981073990755853e-01 1.159617130730132866e+10 3.347773418971853852e+08
1.691606155030408176e-01 1.135486111709239960e+10 3.363167487366006970e+08
1.708231236469845982e-01 1.111489110905826759e+10 3.380046262324994206e+08
1.724856318297508795e-01 1.087632419709554482e+10 3.398200254433232546e+08
1.741481400502279120e-01 1.063922210857081223e+10 3.417426447512457371e+08
1.758106483073458848e-01 1.040364536084195900e+10 3.437529168113358021e+08
1.774731566000750660e-01 1.016965323862713432e+10 3.458320758430256248e+08
1.791356649274240265e-01 9.937303772230653763e+09 3.479622070985880494e+08
1.807981732884377246e-01 9.706653716631692886e+09 3.501262805096333027e+08
1.824606816821959798e-01 9.477758531455572128e+09 3.523081705673287511e+08
1.841231901078118072e-01 9.250672361827627182e+09 3.544926644542939067e+08
1.857856985644300296e-01 9.025448020124429703e+09 3.566654603466530442e+08
1.874482070512257237e-01 8.802136968627838135e+09 3.588131576595740318e+08
1.891107155674030538e-01 8.580789303090498924e+09 3.609232408396319151e+08
1.907732241121938566e-01 8.361453737219349861e+09 3.629840581252555847e+08
1.924357326848565586e-01 8.144177588082621574e+09 3.649847965127841234e+08
1.940982412846749550e-01 7.929006762448452950e+09 3.669154539893050790e+08
1.957607499109572380e-01 7.715985744056433678e+09 3.687668099276507497e+08
1.974232585630348313e-01 7.505157581829574585e+09 3.705303943885512948e+08
1.990857672402615297e-01 7.296563879029232025e+09 3.721984569401335716e+08
2.007482759420124996e-01 7.090244783354692459e+09 3.737639354867061973e+08
2.024107846676835298e-01 6.886238977992598534e+09 3.752204254971110821e+08
2.040732934166899215e-01 6.684583673615043640e+09 3.765621499349993467e+08
2.057358021884660160e-01 6.485314601329528809e+09 3.777839301211139560e+08
2.073983109824642512e-01 6.288466006579328537e+09 3.788811576952450871e+08
2.090608197981545235e-01 6.094070643994573593e+09 3.798497677970317006e+08
2.107233286350234380e-01 5.902159773195640564e+09 3.806862135422333479e+08
2.123858374925735870e-01 5.712763155540598869e+09 3.813874418398168683e+08
2.140483463703231337e-01 5.525909051823019028e+09 3.819508705680381060e+08
2.157108552678049240e-01 5.341624220909119606e+09 3.823743671088665724e+08
2.173733641845664311e-01 5.159933919316431046e+09 3.826562282229246497e+08
2.190358731201685061e-01 4.980861901725330353e+09 3.827951612372158170e+08
2.206983820741854618e-01 4.804430422422763824e+09 3.827902665081214905e+08
2.223608910462041566e-01 4.630660237667159081e+09 3.826410211172234416e+08
2.240234000358239386e-01 4.459570608974620819e+09 3.823472637529022098e+08
2.256859090426557024e-01 4.291179307311812401e+09 3.819091807286785841e+08
2.273484180663219723e-01 4.125502618196950912e+09 3.813272930883788466e+08
2.290109271064561247e-01 3.962555347690821648e+09 3.806024447472193241e+08
2.306734361627020280e-01 3.802350829278609276e+09 3.797357916193905473e+08
2.323359452347137921e-01 3.644900931624601841e+09 3.787287916823008060e+08
2.339984543221555469e-01 3.490216067196703911e+09 3.775831959300363660e+08
2.356609634247005536e-01 3.338305201744922161e+09 3.763010401685069799e+08
2.373234725420314828e-01 3.189175864626095295e+09 3.748846376068853140e+08
2.389859816738397480e-01 3.042834159960588932e+09 3.733365722003619671e+08
2.406484908198254224e-01 2.899284778611312866e+09 3.716596927000378370e+08
2.423109999796965175e-01 2.758531010968518734e+09 3.698571073663950562e+08
2.439735091531692601e-01 2.620574760531618118e+09 3.679321793026783466e+08
2.456360183399674824e-01 2.485416558269166946e+09 3.658885223635842204e+08
2.472985275398224547e-01 2.353055577746882439e+09 3.637299975944299102e+08
2.489610367524725254e-01 2.223489651005325317e+09 3.614607101530625224e+08
2.506235459776631203e-01 2.096715285174621105e+09 3.590850066652975082e+08
2.522860552151463542e-01 1.972727679807688951e+09 3.566074729604938030e+08
2.539485644646808371e-01 1.851520744917571068e+09 3.540329321298794746e+08
2.556110737260313126e-01 1.733087119701516628e+09 3.513664428451626301e+08
2.572735829989687417e-01 1.617418191933349371e+09 3.486132978679443002e+08
2.589360922832700251e-01 1.504504118008098125e+09 3.457790226731019616e+08
2.605986015787175591e-01 1.394333843619764328e+09 3.428693741007976532e+08
2.622611108850994577e-01 1.286895125053505659e+09 3.398903389402672648e+08
2.639236202022091082e-01 1.182174551074171305e+09 3.368481323382837772e+08
2.655861295298450053e-01 1.080157565391152859e+09 3.337491959109141231e+08
2.672486388678106950e-01 9.808284896792173386e+08 3.306001954228006005e+08
2.689111482159146083e-01 8.841705471382745504e+08 3.274080178827403784e+08
2.705736575739698391e-01 7.901658865667545795e+08 3.241797678861840367e+08
2.722361669417941443e-01 6.987956069332319498e+08 3.209227630177283883e+08
2.738986763192096108e-01 6.100397824223685265e+08 3.176445281071442962e+08
2.755611857060425440e-01 5.238774879327744246e+08 3.143527881135456562e+08
2.772236951021236906e-01 4.402868250103328824e+08 3.110554593932901621e+08
2.788862045072874607e-01 3.592449481892063022e+08 3.077606390893257856e+08
2.805487139213725944e-01 2.807280917231096029e+08 3.044765923646415472e+08
2.822112233442213292e-01 2.047115966829287708e+08 3.012117371898024678e+08
2.838737327756796214e-01 1.311699383982136846e+08 2.979746263882957697e+08
2.855362422155972579e-01 6.007675422094032913e+07 2.947739266417766213e+08
2.871987516638271343e-01 -8.595128411153608933e+06 2.916183941669688225e+08
2.888612611202258651e-01 -7.487366363493481278e+07 2.885168467933424711e+08
2.905237705846532292e-01 -1.387875585686055422e+08 2.854781322032575011e+08
2.921862800569720031e-01 -2.003662444865495861e+08 2.825110921430528760e+08
2.938487895370484604e-01 -2.596398477872017026e+08 2.796245224759259224e+08
2.955112990247516502e-01 -3.166391607747728229e+08 2.768271290309069157e+08
2.971738085199533974e-01 -3.713956122805261016e+08 2.741274793021615744e+08
2.988363180225286353e-01 -4.239412381434162855e+08 2.715339501733020544e+08
3.004988275323551283e-01 -4.743086515758091807e+08 2.690546719793976545e+08
3.021613370493130279e-01 -5.225310134364662170e+08 2.666974693726126254e+08
3.038238465732852611e-01 -5.686420024336556196e+08 2.644697996198468208e+08
3.054863561041573639e-01 -6.126757852808194160e+08 2.623786891298763156e+08
3.071488656418173702e-01 -6.546669868289091587e+08 2.604306691708510220e+08
3.088113751861554790e-01 -6.946506601981003284e+08 2.586317118913241625e+08
3.104738847370644983e-01 -7.326622569295419455e+08 2.569871678861170113e+08
3.121363942944395120e-01 -7.687375971826089621e+08 2.555017066434015632e+08
3.137989038581776025e-01 -8.029128399986740351e+08 2.541792612611190975e+08
3.154614134281782389e-01 -8.352244536526653767e+08 2.530229788194360733e+08
3.171239230043430002e-01 -8.657091861162431240e+08 2.520351777376111448e+08
3.187864325865753523e-01 -8.944040356549348831e+08 2.512173133239538074e+08
3.204489421747808708e-01 -9.213462215766669512e+08 2.505699525488030612e+08
3.221114517688670742e-01 -9.465731551599322557e+08 2.500927588381403387e+08
3.237739613687434237e-01 -9.701224107757878304e+08 2.497844874109390676e+08
3.254364709743211015e-01 -9.920316972302805185e+08 2.496429913766395450e+08
3.270989805855132326e-01 -1.012338829343311429e+09 2.496652384926185608e+08
3.287614902022346075e-01 -1.031081699788426638e+09 2.498473381649419367e+08
3.304239998244018484e-01 -1.048298251209625244e+09 2.501845779841530621e+08
3.320865094519330207e-01 -1.064026448637588143e+09 2.506714688294875026e+08
3.337490190847480775e-01 -1.078304252223483801e+09 2.513017973688125610e+08
3.354115287227684150e-01 -1.091169590309943438e+09 2.520686846298772693e+08
3.370740383659170392e-01 -1.102660332855394125e+09 2.529646492315887809e+08
3.387365480141183438e-01 -1.112814265234759569e+09 2.539816738358441293e+08
3.403990576672984991e-01 -1.121669062428527832e+09 2.551112734113374650e+08
3.420615673253846745e-01 -1.129262263621643066e+09 2.563445639806327820e+08
3.437240769883058711e-01 -1.135631247228262663e+09 2.576723306424132586e+08
3.453865866559921449e-01 -1.140813206356698036e+09 2.590850938096266985e+08
3.470490963283750507e-01 -1.144845124734397650e+09 2.605731727743256986e+08
3.487116060053874755e-01 -1.147763753104748964e+09 2.621267458838092089e+08
3.503741156869634166e-01 -1.149605586113637924e+09 2.637359067905742526e+08
3.520366253730383144e-01 -1.150406839699033976e+09 2.653907164029041529e+08
3.536991350635486642e-01 -1.150203428998051405e+09 2.670812503175397515e+08
3.553616447584322380e-01 -1.149030946784984112e+09 2.687976416485823989e+08
3.570241544576279180e-01 -1.146924642454565525e+09 2.705301192831521630e+08
3.586866641610758633e-01 -1.143919401561523438e+09 2.722690416856887341e+08
3.603491738687170098e-01 -1.140049725929416180e+09 2.740049264486445785e+08
3.620116835804937372e-01 -1.135349714341289759e+09 2.757284758389256001e+08
3.636741932963493684e-01 -1.129853043820692539e+09 2.774305986289197206e+08
3.653367030162280593e-01 -1.123592951516542912e+09 2.791024285213319659e+08
3.669992127400752979e-01 -1.116602217200124979e+09 2.807353394888890386e+08
3.686617224678372939e-01 -1.108913146383716345e+09 2.823209583471188545e+08
3.703242321994613118e-01 -1.100557554069854498e+09 2.838511748732522726e+08
3.719867419348956150e-01 -1.091566749140399218e+09 2.853181497670453787e+08
3.736492516740893000e-01 -1.081971519391868830e+09 2.867143207340048552e+08
3.753117614169925176e-01 -1.071802117223699331e+09 2.880324069472382665e+08
3.769742711635561405e-01 -1.061088245989496112e+09 2.892654121253949404e+08
3.786367809137318741e-01 -1.049859047010965705e+09 2.904066264368200898e+08
3.802992906674724227e-01 -1.038143087267122626e+09 2.914496274215257168e+08
3.819618004247312126e-01 -1.025968347757178545e+09 2.923882800964171886e+08
3.836243101854625026e-01 -1.013362212545253754e+09 2.932167363920258880e+08
3.852868199496213841e-01 -1.000351458489363313e+09 2.939294340458255410e+08
3.869493297171635593e-01 -9.869622456563837528e+08 2.945210950631131530e+08
3.886118394880457849e-01 -9.732201084272770882e+08 2.949867238357276320e+08
3.902743492622252064e-01 -9.591499472937071323e+08 2.953216049991486073e+08
3.919368590396599683e-01 -9.447760213457325697e+08 2.955213010900476575e+08
3.935993688203087704e-01 -9.301219414545515776e+08 2.955816500602875948e+08
3.952618786041311449e-01 -9.152106641454720497e+08 2.954987626877229810e+08
3.969243883910870685e-01 -9.000644861657705307e+08 2.952690199206418991e+08
3.985868981811374612e-01 -8.847050397427294254e+08 2.948890701800341010e+08
4.002494079742436872e-01 -8.691532885305439234e+08 2.943558266417682171e+08
4.019119177703678880e-01 -8.534295242453327179e+08 2.936664645111893415e+08
4.035744275694727046e-01 -8.375533639850553274e+08 2.928184183018531203e+08
4.052369373715214440e-01 -8.215437482276269197e+08 2.918093791215122342e+08
4.068994471764781906e-01 -8.054189395099872351e+08 2.906372919710513949e+08
4.085619569843071952e-01 -7.891965217755600214e+08 2.893003530520272851e+08
4.102244667949735413e-01 -7.728934003924188614e+08 2.877970070848211050e+08
4.118869766084432005e-01 -7.565258028298978806e+08 2.861259446281985641e+08
4.135494864246819224e-01 -7.401092799944368601e+08 2.842860993995494246e+08
4.152119962436567890e-01 -7.236587082100210190e+08 2.822766455841383934e+08
4.168745060653349932e-01 -7.071882918449523449e+08 2.800969951304783821e+08
4.185370158896842829e-01 -6.907115665677839518e+08 2.777467950190552473e+08
4.201995257166728504e-01 -6.742414032336280346e+08 2.752259245008136630e+08
4.218620355462696647e-01 -6.577900123830040693e+08 2.725344922912568450e+08
4.235245453784438063e-01 -6.413689493532733917e+08 2.696728337174506783e+08
4.251870552131651881e-01 -6.249891199832574129e+08 2.666415078028591275e+08
4.268495650504041117e-01 -6.086607869109619856e+08 2.634412942883155346e+08
4.285120748901312115e-01 -5.923935764436122179e+08 2.600731905735296011e+08
4.301745847323175664e-01 -5.761964859996584654e+08 2.565384085793106854e+08
4.318370945769347546e-01 -5.600778921008902788e+08 2.528383715142632425e+08
4.334996044239549096e-01 -5.440455589111260176e+08 2.489747105479751825e+08
4.351621142733504422e-01 -5.281066473035807014e+08 2.449492613745375872e+08
4.368246241250944295e-01 -5.122677244492695928e+08 2.407640606703304946e+08
4.384871339791597822e-01 -4.965347739061517715e+08 2.364213424295691252e+08
4.401496438355204099e-01 -4.809132062066890001e+08 2.319235341843096614e+08
4.418121536941504446e-01 -4.654078699154536128e+08 2.272732530915991664e+08
4.434746635550242400e-01 -4.500230631593983769e+08 2.224733018974704444e+08
4.451371734181167605e-01 -4.347625455996680856e+08 2.175266647598932385e+08
4.467996832834031928e-01 -4.196295508453235030e+08 2.124365029432621896e+08
4.484621931508591675e-01 -4.046267992812181115e+08 2.072061503657131195e+08
4.501247030204606481e-01 -3.897565113053806424e+08 2.018391090154525936e+08
4.517872128921838204e-01 -3.750204209501952529e+08 1.963390442159383297e+08
4.534497227660054253e-01 -3.604197898838161826e+08 1.907097797605979741e+08
4.551122326419027031e-01 -3.459554217592539787e+08 1.849552928940790594e+08
4.567747425198525613e-01 -3.316276769155159593e+08 1.790797091672239602e+08
4.584372523998329063e-01 -3.174364873905581832e+08 1.730872971385529339e+08
4.600997622818217003e-01 -3.033813722554796934e+08 1.669824629570375979e+08
4.617622721657972384e-01 -2.894614532240672112e+08 1.607697447942389548e+08
4.634247820517383154e-01 -2.756754705529335141e+08 1.544538071701345742e+08
4.650872919396236149e-01 -2.620217991781540215e+08 1.480394351341218352e+08
4.667498018294323758e-01 -2.484984651138008833e+08 1.415315283596430719e+08
4.684123117211442255e-01 -2.351031620452104211e+08 1.349350951045439243e+08
4.700748216147389580e-01 -2.218332681557925940e+08 1.282552461169468760e+08
4.717373315101965336e-01 -2.086858631055925488e+08 1.214971884274337441e+08
4.733998414074974126e-01 -1.956577452172450423e+08 1.146662191414853483e+08
4.750623513066224435e-01 -1.827454487661433816e+08 1.077677191623976827e+08
4.767248612075521974e-01 -1.699452614559145868e+08 1.008071470202570856e+08
4.783873711102680226e-01 -1.572532419448029399e+08 9.379003273961417377e+07
4.800498810147514894e-01 -1.446652375449357629e+08 8.672197205285663903e+07
4.817123909209840571e-01 -1.321769019034845680e+08 7.960862095823132992e+07
4.833749008289477955e-01 -1.197837128639487475e+08 7.245569128010490537e+07
4.850374107386249412e-01 -1.074809902151270956e+08 6.526894760839319974e+07
4.866999206499977859e-01 -9.526391366448818147e+07 5.805420751154533029e+07
4.883624305630492324e-01 -8.312754054397499561e+07 5.081734754604783654e+07
4.900249404777619611e-01 -7.106682388355584443e+07 4.356432324782755971e+07
4.916874503941192631e-01 -5.907662989205948263e+07 3.630122130467569828e+07
4.933499603121045407e-01 -4.715175625391766429e+07 2.903440433466304094e+07
4.950124702317013070e-01 -3.528694884133430570e+07 2.177095993594693020e+07
4.966749801528934083e-01 -2.347692116788512468e+07 1.452051449946298823e+07
4.983374900756649684e-01 -1.171636343536943384e+07 7.307567866423685104e+06
