# r [arcsec]	I [Jy/sr]	I_uncer [Jy/sr]
1.272617859314095550e-03 4.518856038107433319e+10 1.300922535079991341e+09
2.921189009106442414e-03 4.516069671493160248e+10 1.299080021889925718e+09
4.579495862547155495e-03 4.511060394196360016e+10 1.295877040248685360e+09
6.240002426697914550e-03 4.503833272778751373e+10 1.291285460302179337e+09
7.901343393063876494e-03 4.494397083624947357e+10 1.285310681994103670e+09
9.563088128690054243e-03 4.482763423631101990e+10 1.277967212879637718e+09
1.122505851373705593e-02 4.468946607551651001e+10 1.269274835975510836e+09
1.288716767388508287e-02 4.452963627429237366e+10 1.259257673859771252e+09
1.454936822595933807e-02 4.434834118579576111e+10 1.247943843571276903e+09
1.621163214106096165e-02 4.414580323673052216e+10 1.235365274241329670e+09
1.787394178310437384e-02 4.392227053102571106e+10 1.221557578817735910e+09
1.953628550253095827e-02 4.367801641192916107e+10 1.206559945355133295e+09
2.119865529577967186e-02 4.341333898172276306e+10 1.190415035232585669e+09
2.286104548286438387e-02 4.312856057944113922e+10 1.173168883463065386e+09
2.452345192144544592e-02 4.282402721747299194e+10 1.154870799461578131e+09
2.618587151961204035e-02 4.250010797814822388e+10 1.135573268107671976e+09
2.784830192283991451e-02 4.215719437157563019e+10 1.115331851668399811e+09
2.951074130657948408e-02 4.179569965609938812e+10 1.094205093543001175e+09
3.117318823511218417e-02 4.141605812283962250e+10 1.072254425015320539e+09
3.283564156322602012e-02 4.101872434585758209e+10 1.049544076328790069e+09
3.449810036628684490e-02 4.060417239956932831e+10 1.026140993460516453e+09
3.616056388957845924e-02 4.017289504508446503e+10 1.002114761973753095e+09
3.782303151098994481e-02 3.972540288722606659e+10 9.775375392649772167e+08
3.948550271312052662e-02 3.926222350402731323e+10 9.524839963758572340e+08
4.114797706214112089e-02 3.878390055056999207e+10 9.270312702843481302e+08
4.281045419157746001e-02 3.829099283905818176e+10 9.012589271822774410e+08
4.447293378972808769e-02 3.778407339708671570e+10 8.752489366410174370e+08
4.613541558980088775e-02 3.726372850607225037e+10 8.490856556825608015e+08
4.779789936210682849e-02 3.673055672187631989e+10 8.228558205363699198e+08
4.946038490782722619e-02 3.618516787965258026e+10 7.966485421461440325e+08
5.112287205399637657e-02 3.562818208499340820e+10 7.705552991795680523e+08
5.278536064943199074e-02 3.506022869344763184e+10 7.446699192284975052e+08
5.444785056141081270e-02 3.448194528051538849e+10 7.190885349239603281e+08
5.611034167293492414e-02 3.389397660421090698e+10 6.939094966904784441e+08
5.777283388046990098e-02 3.329697356230725861e+10 6.692332177731000185e+08
5.943532709206246489e-02 3.269159214635628891e+10 6.451619200520427227e+08
6.109782122576532665e-02 3.207849239458119965e+10 6.217992413454570770e+08
6.276031620831216962e-02 3.145833734572255325e+10 5.992496571075643301e+08
6.442281197399798987e-02 3.083179199589873123e+10 5.776176629486334324e+08
6.608530846372812073e-02 3.019952226052520370e+10 5.570066612725553513e+08
6.774780562420743002e-02 2.956219394330456161e+10 5.375174983975987434e+08
6.941030340724584080e-02 2.892047171427188492e+10 5.192466113421546221e+08
7.107280176916151715e-02 2.827501809884679413e+10 5.022837697076416612e+08
7.273530067026563739e-02 2.762649247979063416e+10 4.867094405286923051e+08
7.439780007441634813e-02 2.697555011394858932e+10 4.725918627173563838e+08
7.606029994863128252e-02 2.632284116557627869e+10 4.599839883381376863e+08
7.772280026274960840e-02 2.566900975803125381e+10 4.489205198676166534e+08
7.938530098913672284e-02 2.501469304552721405e+10 4.394153293666717410e+08
8.104780210242505667e-02 2.436052030660955811e+10 4.314595677648013830e+08
8.271030357928650656e-02 2.370711206094081879e+10 4.250207439259253740e+08
8.437280539823126257e-02 2.305507921091250610e+10 4.200429679260353446e+08
8.603530753943039455e-02 2.240502220955518723e+10 4.164484208498894572e+08
8.769780998455847798e-02 2.175753025611350250e+10 4.141399597726435661e+08
8.936031271665356712e-02 2.111318052061408615e+10 4.130046253459093571e+08
9.102281571999285004e-02 2.047253739865763474e+10 4.129177216745893359e+08
9.268531897998151525e-02 1.983615179759143829e+10 4.137471018423045278e+08
9.434782248305331742e-02 1.920456045515060806e+10 4.153573175135009289e+08
9.601032621658157906e-02 1.857828529156009293e+10 4.176133622107341290e+08
9.767283016879922675e-02 1.795783279601839447e+10 4.203838321369913220e+08
9.933533432872686253e-02 1.734369344839575577e+10 4.235434234133251309e+08
1.009978386861079547e-01 1.673634117689321136e+10 4.269747643149046898e+08
1.026603432313502873e-01 1.613623285232831383e+10 4.305696377259710431e+08
1.043228479554730720e-01 1.554380781962179947e+10 4.342296818951020837e+08
1.059853528500589448e-01 1.495948746697719193e+10 4.378666704409844875e+08
1.076478579072105424e-01 1.438367483315538406e+10 4.414024710880976915e+08
1.093103631195108394e-01 1.381675425316333961e+10 4.447687724162673354e+08
1.109728684799872744e-01 1.325909104258373070e+10 4.479066535550658703e+08
1.126353739820789568e-01 1.271103122069368362e+10 4.507660564466097951e+08
1.142978796196066349e-01 1.217290127242803192e+10 4.533052059845987558e+08
1.159603853867454265e-01 1.164500794916538429e+10 4.554900109893524051e+08
1.176228912779997832e-01 1.112763810822133827e+10 4.572934689211425781e+08
1.192853972881804531e-01 1.062105859086409950e+10 4.586950893955324292e+08
1.209479034123834701e-01 1.012551613857415390e+10 4.596803456783426404e+08
1.226104096459709192e-01 9.641237347199195862e+09 4.602401590641515851e+08
1.242729159845529646e-01 9.168428658568363190e+09 4.603704180388739705e+08
1.259354224239715991e-01 8.707276389068780899e+09 4.600715320919756889e+08
1.275979289602855449e-01 8.257946794592302322e+09 4.593480187215121388e+08
1.292604355897561952e-01 7.820586171211091042e+09 4.582081213658475280e+08
1.309229423088349165e-01 7.395320990853498459e+09 4.566634555429407954e+08
1.325854491141509606e-01 6.982258071195455551e+09 4.547286802665785551e+08
1.342479560025006402e-01 6.581484778912363052e+09 4.524211917543879747e+08
1.359104629708369483e-01 6.193069265379561424e+09 4.497608364869794846e+08
1.375729700162601765e-01 5.817060733847117424e+09 4.467696407767232060e+08
1.392354771360091448e-01 5.453489737060455322e+09 4.434715541367359161e+08
1.408979843274529020e-01 5.102368504246235847e+09 4.398922038858612776e+08
1.425604915880832879e-01 4.763691296332852364e+09 4.360586585781052113e+08
1.442229989155077718e-01 4.437434788229673386e+09 4.319991980021853447e+08
1.458855063074428748e-01 4.123558476943544388e+09 4.277430876619163752e+08
1.475480137617080634e-01 3.822005114278179169e+09 4.233203558279522657e+08
1.492105212762198374e-01 3.532701162817953110e+09 4.187615714541963339e+08
1.508730288489867621e-01 3.255557273872308731e+09 4.140976214893745780e+08
1.525355364781040279e-01 2.990468786023895264e+09 4.093594863985860348e+08
1.541980441617490649e-01 2.737316242902289391e+09 4.045780130518137217e+08
1.558605518981770188e-01 2.495965928780041695e+09 3.997836845469825864e+08
1.575230596857167542e-01 2.266270420570975780e+09 3.950063870209522247e+08
1.591855675227668576e-01 2.048069154800668001e+09 3.902751740664561391e+08
1.608480754077921959e-01 1.841189008100696802e+09 3.856180300067049265e+08
1.625105833393203636e-01 1.645444889779121876e+09 3.810616339730450511e+08
1.641730913159387406e-01 1.460640345011744738e+09 3.766311274551793337e+08
1.658355993362912173e-01 1.286568167199539900e+09 3.723498887122887373e+08
1.674981073990755853e-01 1.123011018043739557e+09 3.682393181005998850e+08
1.691606155030408176e-01 9.697420538943054676e+08 3.643186389294130802e+08
1.708231236469845982e-01 8.265255569390990734e+08 3.606047188439088464e+08
1.724856318297508795e-01 6.931175698167302608e+08 3.571119168888121843e+08
1.741481400502279120e-01 5.692665322502713203e+08 3.538519612800462246e+08
1.758106483073458848e-01 4.547139183201325536e+08 3.508338624691587687e+08
1.774731566000750660e-01 3.491948730202488899e+08 3.480638653150934577e+08
1.791356649274240265e-01 2.524388467633124590e+08 3.455454431010107398e+08
1.807981732884377246e-01 1.641702265337957740e+08 3.432793347984721661e+08
1.824606816821959798e-01 8.410896241765956581e+07 3.412636254701945186e+08
1.841231901078118072e-01 1.197118827124729753e+07 3.394938681138504744e+08
1.857856985644300296e-01 -5.253016467026020586e+07 3.379632437017540932e+08
1.874482070512257237e-01 -1.096847624041181058e+08 3.366627547743641734e+08
1.891107155674030538e-01 -1.597842721137295067e+08 3.355814468022206426e+08
1.907732241121938566e-01 -2.031217765371710658e+08 3.347066507142222524e+08
1.924357326848565586e-01 -2.399911997848661244e+08 3.340242395455692410e+08
1.940982412846749550e-01 -2.706867455870414972e+08 3.335188920915958285e+08
1.957607499109572380e-01 -2.955023489099903107e+08 3.331743567418840528e+08
1.974232585630348313e-01 -3.147311418225536346e+08 3.329737092583547235e+08
1.990857672402615297e-01 -3.286649344503561258e+08 3.328995990824832916e+08
2.007482759420124996e-01 -3.375937117967286706e+08 3.329344797299243808e+08
2.024107846676835298e-01 -3.418051471612430811e+08 3.330608198773893714e+08
2.040732934166899215e-01 -3.415841328266244531e+08 3.332612927939072847e+08
2.057358021884660160e-01 -3.372123286377957463e+08 3.335189427592056394e+08
2.073983109824642512e-01 -3.289677290332377553e+08 3.338173280006552935e+08
2.090608197981545235e-01 -3.171242490397049189e+08 3.341406404405933022e+08
2.107233286350234380e-01 -3.019513296824428439e+08 3.344738031639578938e+08
2.123858374925735870e-01 -2.837135632088944912e+08 3.348025469903296828e+08
2.140483463703231337e-01 -2.626703384656392038e+08 3.351134678734851480e+08
2.157108552678049240e-01 -2.390755067187583148e+08 3.353940670684780478e+08
2.173733641845664311e-01 -2.131770681444320977e+08 3.356327761190251112e+08
2.190358731201685061e-01 -1.852168791731925309e+08 3.358189687456098795e+08
2.206983820741854618e-01 -1.554303808051133454e+08 3.359429616745205522e+08
2.223608910462041566e-01 -1.240463479745419770e+08 3.359960063589977026e+08
2.240234000358239386e-01 -9.128665997739134729e+07 3.359702734182549119e+08
2.256859090426557024e-01 -5.736609193600225449e+07 3.358588314721406698e+08
2.273484180663219723e-01 -2.249212721671583503e+07 3.356556218891033530e+08
2.290109271064561247e-01 1.313520932432821020e+07 3.353554307979875803e+08
2.306734361627020280e-01 4.932349744459032267e+07 3.349538595493481755e+08
2.323359452347137921e-01 8.588804718592791259e+07 3.344472946498054266e+08
2.339984543221555469e-01 1.226520043771757185e+08 3.338328780385687351e+08
2.356609634247005536e-01 1.594464362729306817e+08 3.331084784284462333e+08
2.373234725420314828e-01 1.961103976748421788e+08 3.322726642964261174e+08
2.389859816738397480e-01 2.324909779176065326e+08 3.313246789798009396e+08
2.406484908198254224e-01 2.684433291404222250e+08 3.302644182135345936e+08
2.423109999796965175e-01 3.038306762978785634e+08 3.290924103327637911e+08
2.439735091531692601e-01 3.385243093970280290e+08 3.278097992581760287e+08
2.456360183399674824e-01 3.724035584767505527e+08 3.264183302831760049e+08
2.472985275398224547e-01 4.053557518766087890e+08 3.249203385877153277e+08
2.489610367524725254e-01 4.372761583638117313e+08 3.233187403137193322e+08
2.506235459776631203e-01 4.680679137170820236e+08 3.216170259504672289e+08
2.522860552151463542e-01 4.976419323819656968e+08 3.198192556950128675e+08
2.539485644646808371e-01 5.259168048367812037e+08 3.179300563707506657e+08
2.556110737260313126e-01 5.528186813231220245e+08 3.159546194067810774e+08
2.572735829989687417e-01 5.782811426123631001e+08 3.138986993026086092e+08
2.589360922832700251e-01 6.022450584904180765e+08 3.117686119242874384e+08
2.605986015787175591e-01 6.246584346577713490e+08 3.095712319028947949e+08
2.622611108850994577e-01 6.454762487474166155e+08 3.073139883321544528e+08
2.639236202022091082e-01 6.646602761740542650e+08 3.050048578926553130e+08
2.655861295298450053e-01 6.821789065287888050e+08 3.026523544662934542e+08
2.672486388678106950e-01 6.980069512418215275e+08 3.002655142488552928e+08
2.689111482159146083e-01 7.121254432317031622e+08 2.978538753258295059e+08
2.705736575739698391e-01 7.245214292634843588e+08 2.954274506504335403e+08
2.722361669417941443e-01 7.351877557317909002e+08 2.929966933590998054e+08
2.738986763192096108e-01 7.441228485842813253e+08 2.905724533853477836e+08
2.755611857060425440e-01 7.513304880904893875e+08 2.881659243955000043e+08
2.772236951021236906e-01 7.568195791591674089e+08 2.857885801765725613e+08
2.788862045072874607e-01 7.606039178906327486e+08 2.834520997662956119e+08
2.805487139213725944e-01 7.627019550484910011e+08 2.811682808352135420e+08
2.822112233442213292e-01 7.631365571127250195e+08 2.789489411149345636e+08
2.838737327756796214e-01 7.619347655744374990e+08 2.768058080210646391e+08
2.855362422155972579e-01 7.591275551036264896e+08 2.747503970379264951e+08
2.871987516638271343e-01 7.547495912203288078e+08 2.727938799136748314e+08
2.888612611202258651e-01 7.488389880673518181e+08 2.709469442401268482e+08
2.905237705846532292e-01 7.414370668763356209e+08 2.692196465448132753e+08
2.921862800569720031e-01 7.325881156917213202e+08 2.676212615743040144e+08
2.938487895370484604e-01 7.223391509006243944e+08 2.661601309604620934e+08
2.955112990247516502e-01 7.107396810930794477e+08 2.648435149021236300e+08
2.971738085199533974e-01 6.978414737579002380e+08 2.636774508145355582e+08
2.988363180225286353e-01 6.836983252927640676e+08 2.626666230672957301e+08
3.004988275323551283e-01 6.683658347878930569e+08 2.618142479104062617e+08
3.021613370493130279e-01 6.519011820152574778e+08 2.611219774637810588e+08
3.038238465732852611e-01 6.343629100339900255e+08 2.605898262056766450e+08
3.054863561041573639e-01 6.158107127946430445e+08 2.602161227633285224e+08
3.071488656418173702e-01 5.963052281038148403e+08 2.599974890055835545e+08
3.088113751861554790e-01 5.759078362806186676e+08 2.599288475196238756e+08
3.104738847370644983e-01 5.546804648172147274e+08 2.600034575731735528e+08
3.121363942944395120e-01 5.326853993221927881e+08 2.602129786923245490e+08
3.137989038581776025e-01 5.099851010091954470e+08 2.605475600813612938e+08
3.154614134281782389e-01 4.866420309586690664e+08 2.609959533357013166e+08
3.171239230043430002e-01 4.627184813638321161e+08 2.615456452915762663e+08
3.187864325865753523e-01 4.382764139374313951e+08 2.621830074466100931e+08
3.204489421747808708e-01 4.133773056436147690e+08 2.628934581769858301e+08
3.221114517688670742e-01 3.880820018776771426e+08 2.636616339665950835e+08
3.237739613687434237e-01 3.624505772126111984e+08 2.644715660230029821e+08
3.254364709743211015e-01 3.365422037859110832e+08 2.653068589556466937e+08
3.270989805855132326e-01 3.104150273986011744e+08 2.661508685925025940e+08
3.287614902022346075e-01 2.841260513549082875e+08 2.669868764760106206e+08
3.304239998244018484e-01 2.577310280677296519e+08 2.677982590667565167e+08
3.320865094519330207e-01 2.312843584174041450e+08 2.685686501698065996e+08
3.337490190847480775e-01 2.048389988446150124e+08 2.692820955492728353e+08
3.354115287227684150e-01 1.784463761238370836e+08 2.699231991052042842e+08
3.370740383659170392e-01 1.521563097612599432e+08 2.704772603319233060e+08
3.387365480141183438e-01 1.260169419229483008e+08 2.709304030617325306e+08
3.403990576672984991e-01 1.000746748016829342e+08 2.712696957155368328e+08
3.420615673253846745e-01 7.437411529453088343e+07 2.714832634414337277e+08
3.437240769883058711e-01 4.895802686637680233e+07 2.715603926218152642e+08
3.453865866559921449e-01 2.386728843873172253e+07 2.714916282818232775e+08
3.470490963283750507e-01 -8.591398476712882984e+05 2.712688649370484352e+08
3.487116060053874755e-01 -2.518424418675734475e+07 2.708854313854806423e+08
3.503741156869634166e-01 -4.907297815384366363e+07 2.703361698796509504e+08
3.520366253730383144e-01 -7.249227745894601941e+07 2.696175100139685869e+08
3.536991350635486642e-01 -9.541106860624310374e+07 2.687275375281759501e+08
3.553616447584322380e-01 -1.178002716910098046e+08 2.676660580634351075e+08
3.570241544576279180e-01 -1.396327975546609163e+08 2.664346557058738470e+08
3.586866641610758633e-01 -1.608835395436911285e+08 2.650367459149132073e+08
3.603491738687170098e-01 -1.815293601066505313e+08 2.634776221501880586e+08
3.620116835804937372e-01 -2.015490724906515181e+08 2.617644951807941198e+08
3.636741932963493684e-01 -2.209234177778920233e+08 2.599065236736602187e+08
3.653367030162280593e-01 -2.396350375363035798e+08 2.579148342159860134e+08
3.669992127400752979e-01 -2.576684423296255469e+08 2.558025284211522639e+08
3.686617224678372939e-01 -2.750099763668149710e+08 2.535846742110086083e+08
3.703242321994613118e-01 -2.916477785392912626e+08 2.512782777638102770e+08
3.719867419348956150e-01 -3.075717401290858984e+08 2.489022319964572191e+08
3.736492516740893000e-01 -3.227734594348821044e+08 2.464772368459812999e+08
3.753117614169925176e-01 -3.372461935978450775e+08 2.440256860913323760e+08
3.769742711635561405e-01 -3.509848078730291724e+08 2.415715150913206041e+08
3.786367809137318741e-01 -3.639857226217023134e+08 2.391400037173683941e+08
3.802992906674724227e-01 -3.762468582649977803e+08 2.367575290598181486e+08
3.819618004247312126e-01 -3.877675784685680270e+08 2.344512633296743035e+08
3.836243101854625026e-01 -3.985486317870947719e+08 2.322488139104360342e+08
3.852868199496213841e-01 -4.085920920321811438e+08 2.301778048554514050e+08
3.869493297171635593e-01 -4.179012975776439309e+08 2.282654023369968235e+08
3.886118394880457849e-01 -4.264807898569545150e+08 2.265377905875065029e+08
3.902743492622252064e-01 -4.343362512517871261e+08 2.250196095514006615e+08
3.919368590396599683e-01 -4.414744426127224565e+08 2.237333704240230918e+08
3.935993688203087704e-01 -4.479031405962705612e+08 2.226988699761036038e+08
3.952618786041311449e-01 -4.536310750437936187e+08 2.219326283805301785e+08
3.969243883910870685e-01 -4.586678665684821606e+08 2.214473774916588664e+08
3.985868981811374612e-01 -4.630239645621576309e+08 2.212516265553398132e+08
4.002494079742436872e-01 -4.667105857652813792e+08 2.213493297975113690e+08
4.019119177703678880e-01 -4.697396535986933708e+08 2.217396752238273621e+08
4.035744275694727046e-01 -4.721237383791674972e+08 2.224170066897847056e+08
4.052369373715214440e-01 -4.738759985985906124e+08 2.233708826436609328e+08
4.068994471764781906e-01 -4.750101233701515794e+08 2.245862659756059051e+08
4.085619569843071952e-01 -4.755402762032167912e+08 2.260438311974020600e+08
4.102244667949735413e-01 -4.754810401870594621e+08 2.277203687126933038e+08
4.118869766084432005e-01 -4.748473647309532166e+08 2.295892617933491468e+08
4.135494864246819224e-01 -4.736545139166094661e+08 2.316210103170235753e+08
4.152119962436567890e-01 -4.719180165953050256e+08 2.337837761091072857e+08
4.168745060653349932e-01 -4.696536182619029880e+08 2.360439274491811395e+08
4.185370158896842829e-01 -4.668772348255737424e+08 2.383665642469640076e+08
4.201995257166728504e-01 -4.636049082835807800e+08 2.407160099663196206e+08
4.218620355462696647e-01 -4.598527644075046778e+08 2.430562609303353727e+08
4.235245453784438063e-01 -4.556369724225274324e+08 2.453513878191482127e+08
4.251870552131651881e-01 -4.509737067801388502e+08 2.475658876270385385e+08
4.268495650504041117e-01 -4.458791109799211621e+08 2.496649870528320670e+08
4.285120748901312115e-01 -4.403692635321941376e+08 2.516149001648620069e+08
4.301745847323175664e-01 -4.344601459942170382e+08 2.533830443968252242e+08
4.318370945769347546e-01 -4.281676131649853587e+08 2.549382195036292672e+08
4.334996044239549096e-01 -4.215073653453653455e+08 2.562507542971766293e+08
4.351621142733504422e-01 -4.144949227498002648e+08 2.572926257882297337e+08
4.368246241250944295e-01 -4.071456019470232129e+08 2.580375550357517004e+08
4.384871339791597822e-01 -3.994744944188780785e+08 2.584610834870350957e+08
4.401496438355204099e-01 -3.914964470883851647e+08 2.585406331116337180e+08
4.418121536941504446e-01 -3.832260449109857082e+08 2.582555530584531426e+08
4.434746635550242400e-01 -3.746775953511176109e+08 2.575871551219409406e+08
4.451371734181167605e-01 -3.658651148514882922e+08 2.565187397990631759e+08
4.467996832834031928e-01 -3.568023170812810063e+08 2.550356143866750002e+08
4.484621931508591675e-01 -3.475026030936899781e+08 2.531251041693603992e+08
4.501247030204606481e-01 -3.379790531377682090e+08 2.507765575394566655e+08
4.517872128921838204e-01 -3.282444202856621742e+08 2.479813455872868001e+08
4.534497227660054253e-01 -3.183111255743870735e+08 2.447328566011066139e+08
4.551122326419027031e-01 -3.081912548622943163e+08 2.410264856827780306e+08
4.567747425198525613e-01 -2.978965570457851291e+08 2.368596196785138547e+08
4.584372523998329063e-01 -2.874384438901770711e+08 2.322316174318532050e+08
4.600997622818217003e-01 -2.768279910507689714e+08 2.271437854345843792e+08
4.617622721657972384e-01 -2.660759406139277518e+08 2.215993487765999138e+08
4.634247820517383154e-01 -2.551927046419155300e+08 2.156034174284512401e+08
4.650872919396236149e-01 -2.441883701560764909e+08 2.091629477101525962e+08
4.667498018294323758e-01 -2.330727049194380939e+08 2.022866989968678951e+08
4.684123117211442255e-01 -2.218551645976734161e+08 1.949851855012722015e+08
4.700748216147389580e-01 -2.105449004874917865e+08 1.872706232438252270e+08
4.717373315101965336e-01 -1.991507686025943458e+08 1.791568720540429652e+08
4.733998414074974126e-01 -1.876813390522259772e+08 1.706593728121737242e+08
4.750623513066224435e-01 -1.761449068179742098e+08 1.617950797817707658e+08
4.767248612075521974e-01 -1.645495024781750739e+08 1.525823883856990039e+08
4.783873711102680226e-01 -1.529029044754940867e+08 1.430410582792885303e+08
4.800498810147514894e-01 -1.412126508608063757e+08 1.331921322948404402e+08
4.817123909209840571e-01 -1.294860529146043211e+08 1.230578511189449131e+08
4.833749008289477955e-01 -1.177302075261054933e+08 1.126615646892801970e+08
4.850374107386249412e-01 -1.059520121675339937e+08 1.020276402885726094e+08
4.866999206499977859e-01 -9.415817737220107019e+07 9.118136936965613067e+07
4.883624305630492324e-01 -8.235524340069057047e+07 8.014887405286836624e+07
4.900249404777619611e-01 -7.054959181350471079e+07 6.895701961003290117e+07
4.916874503941192631e-01 -5.874746524621009082e+07 5.763334250768121332e+07
4.933499603121045407e-01 -4.695497516874232143e+07 4.620603421085720509e+07
4.950124702317013070e-01 -3.517813128739346564e+07 3.470411286470533907e+07
4.966749801528934083e-01 -2.342283056112884730e+07 2.315848511767343059e+07
4.983374900756649684e-01 -1.169499191975763999e+07 1.160977720582655631e+07
