# r [arcsec]	I [Jy/sr]	I_uncer [Jy/sr]
1.272617859314095550e-03 8.480807744760711670e+10 2.624746081773786545e+09
2.921189009106442414e-03 8.473310271740277100e+10 2.619066858590203762e+09
4.579495862547155495e-03 8.459835452827503967e+10 2.608925971803915501e+09
6.240002426697914550e-03 8.440403757206741333e+10 2.594344117010617256e+09
7.901343393063876494e-03 8.415048647720082092e+10 2.575376387094871521e+09
9.563088128690054243e-03 8.383814157473416138e+10 2.552098328364984035e+09
1.122505851373705593e-02 8.346754574371723938e+10 2.524603707398313999e+09
1.288716767388508287e-02 8.303934283669920349e+10 2.493003739270596981e+09
1.454936822595933807e-02 8.255427619205435181e+10 2.457426568855843544e+09
1.621163214106096165e-02 8.201318700669952393e+10 2.418016798070799351e+09
1.787394178310437384e-02 8.141701252186325073e+10 2.374935013055780411e+09
1.953628550253095827e-02 8.076678401157095337e+10 2.328357302986641884e+09
2.119865529577967186e-02 8.006362457346302795e+10 2.278474774587243557e+09
2.286104548286438387e-02 7.930874672499334717e+10 2.225493071972992420e+09
2.452345192144544592e-02 7.850344980951673889e+10 2.169631914781890392e+09
2.618587151961204035e-02 7.764911721760870361e+10 2.111124670122302532e+09
2.784830192283991451e-02 7.674721342957102966e+10 2.050217976207842350e+09
2.951074130657948408e-02 7.579928088553601074e+10 1.987171437845909595e+09
3.117318823511218417e-02 7.480693669002893066e+10 1.922257416213173628e+09
3.283564156322602012e-02 7.377186915824780273e+10 1.855760937453188896e+09
3.449810036628684490e-02 7.269583421169012451e+10 1.787979746283862591e+09
3.616056388957845924e-02 7.158065163110865784e+10 1.719224531433029413e+09
3.782303151098994481e-02 7.042820117514503479e+10 1.649819348432616949e+09
3.948550271312052662e-02 6.924041857325982666e+10 1.580102260548693895e+09
4.114797706214112089e-02 6.801929140194937134e+10 1.510426208042635679e+09
4.281045419157746001e-02 6.676685485345555115e+10 1.441160095861244917e+09
4.447293378972808769e-02 6.548518740650281525e+10 1.372690054857838392e+09
4.613541558980088775e-02 6.417640640879134369e+10 1.305420774119183302e+09
4.779789936210682849e-02 6.284266358125022125e+10 1.239776711928970098e+09
4.946038490782722619e-02 6.148614045421733093e+10 1.176202858693936586e+09
5.112287205399637657e-02 6.010904374593791199e+10 1.115164536347788334e+09
5.278536064943199074e-02 5.871360069389329529e+10 1.057145473011107087e+09
5.444785056141081270e-02 5.730205434966572571e+10 1.002643108302164197e+09
5.611034167293492414e-02 5.587665884809518433e+10 9.521598261794393063e+08
5.777283388046990098e-02 5.443967466165123749e+10 9.061887101872709990e+08
5.943532709206246489e-02 5.299336385094448853e+10 8.651926846234455109e+08
6.109782122576532665e-02 5.153998532239067078e+10 8.295768049423564672e+08
6.276031620831216962e-02 5.008179010405311584e+10 7.996551645744270086e+08
6.442281197399798987e-02 4.862101665065131378e+10 7.756162376310050488e+08
6.608530846372812073e-02 4.715988618874625397e+10 7.574927643863375187e+08
6.774780562420743002e-02 4.570059811299853516e+10 7.451433007263917923e+08
6.941030340724584080e-02 4.424532544435593414e+10 7.382511850388411283e+08
7.107280176916151715e-02 4.279621036089025116e+10 7.363428306741437912e+08
7.273530067026563739e-02 4.135535981186821747e+10 7.388222999149489403e+08
7.439780007441634813e-02 3.992484122550538635e+10 7.450152290698919296e+08
7.606029994863128252e-02 3.850667832060910797e+10 7.542139272433279753e+08
7.772280026274960840e-02 3.710284703216751862e+10 7.657169096329309940e+08
7.938530098913672284e-02 3.571527156063281250e+10 7.788590404520092010e+08
8.104780210242505667e-02 3.434582055443259048e+10 7.930313918278684616e+08
8.271030357928650656e-02 3.299630343492079926e+10 8.076919653690065145e+08
8.437280539823126257e-02 3.166846687265809250e+10 8.223693797353900671e+08
8.603530753943039455e-02 3.036399142360313797e+10 8.366617550385338068e+08
8.769780998455847798e-02 2.908448833336976242e+10 8.502326969820300341e+08
8.936031271665356712e-02 2.783149651738231277e+10 8.628058005536886454e+08
9.102281571999285004e-02 2.660647972429056931e+10 8.741586299679193497e+08
9.268531897998151525e-02 2.541082388959914017e+10 8.841167615594735146e+08
9.434782248305331742e-02 2.424583468600702286e+10 8.925482118610297441e+08
9.601032621658157906e-02 2.311273527646795654e+10 8.993583990392322540e+08
9.767283016879922675e-02 2.201266427548360825e+10 9.044856794188141823e+08
9.933533432872686253e-02 2.094667392364193726e+10 9.078974407234679461e+08
1.009978386861079547e-01 1.991572847985773468e+10 9.095867033116586208e+08
1.026603432313502873e-01 1.892070283524702454e+10 9.095691683337297440e+08
1.043228479554730720e-01 1.796238135198278427e+10 9.078806495823554993e+08
1.059853528500589448e-01 1.704145692992097473e+10 9.045748289183752537e+08
1.076478579072105424e-01 1.615853030318107414e+10 8.997212805550210476e+08
1.093103631195108394e-01 1.531410956828056526e+10 8.934037154396414757e+08
1.109728684799872744e-01 1.450860994479878426e+10 8.857184025539548397e+08
1.126353739820789568e-01 1.374235376894690514e+10 8.767727286900839806e+08
1.142978796196066349e-01 1.301557071978226662e+10 8.666838619685947895e+08
1.159603853867454265e-01 1.232839827719029236e+10 8.555774870442639589e+08
1.176228912779997832e-01 1.168088241012410355e+10 8.435865816832315922e+08
1.192853972881804531e-01 1.107297849296133232e+10 8.308502054060151577e+08
1.209479034123834701e-01 1.050455244721341896e+10 8.175122714268215895e+08
1.226104096459709192e-01 9.975382105195884705e+09 8.037202735813688040e+08
1.242729159845529646e-01 9.485158791638412476e+09 7.896239407891472578e+08
1.259354224239715991e-01 9.033489118619173050e+09 7.753737934649330378e+08
1.275979289602855449e-01 8.619896988577835083e+09 7.611195798832312822e+08
1.292604355897561952e-01 8.243825799590533257e+09 7.470085765979175568e+08
1.309229423088349165e-01 7.904640846485363960e+09 7.331837463726953268e+08
1.325854491141509606e-01 7.601631910827260017e+09 7.197817602521419525e+08
1.342479560025006402e-01 7.334016032234723091e+09 7.069309075442140102e+08
1.359104629708369483e-01 7.100940452965554237e+09 6.947489380816539526e+08
1.375729700162601765e-01 6.901485727193050385e+09 6.833409037493180037e+08
1.392354771360091448e-01 6.734668985894979477e+09 6.727970884439250231e+08
1.408979843274529020e-01 6.599447347820813179e+09 6.631911339754899740e+08
1.425604915880832879e-01 6.494721466549682617e+09 6.545784799912685156e+08
1.442229989155077718e-01 6.419339203238529205e+09 6.469952351206954718e+08
1.458855063074428748e-01 6.372099414275629044e+09 6.404575817027091980e+08
1.475480137617080634e-01 6.351755842691991806e+09 6.349617873235782385e+08
1.492105212762198374e-01 6.357021101864384651e+09 6.304848553217393160e+08
1.508730288489867621e-01 6.386570739746741295e+09 6.269857983801771402e+08
1.525355364781040279e-01 6.439047371610311508e+09 6.244074710363746881e+08
1.541980441617490649e-01 6.513064869058343887e+09 6.226788554222756624e+08
1.558605518981770188e-01 6.607212592888157845e+09 6.217176655331830978e+08
1.575230596857167542e-01 6.720059657229060173e+09 6.214331220575200319e+08
1.591855675227668576e-01 6.850159212288731575e+09 6.217287525190838575e+08
1.608480754077921959e-01 6.996052732953318596e+09 6.225050877353742123e+08
1.625105833393203636e-01 7.156274300481809616e+09 6.236621511781730652e+08
1.641730913159387406e-01 7.329354864532532692e+09 6.251016678966852427e+08
1.658355993362912173e-01 7.513826472825483322e+09 6.267289498244304657e+08
1.674981073990755853e-01 7.708226455837283134e+09 6.284544412084206343e+08
1.691606155030408176e-01 7.911101554067949295e+09 6.301949295881907940e+08
1.708231236469845982e-01 8.121011975594488144e+09 6.318744434774632454e+08
1.724856318297508795e-01 8.336535371857164383e+09 6.334248678886954784e+08
1.741481400502279120e-01 8.556270719878999710e+09 6.347863139139115810e+08
1.758106483073458848e-01 8.778842099429147720e+09 6.359072798335965872e+08
1.774731566000750660e-01 9.002902353984333038e+09 6.367446397905292511e+08
1.791356649274240265e-01 9.227136624725858688e+09 6.372634929412151575e+08
1.807981732884377246e-01 9.450265747225505829e+09 6.374369019850242138e+08
1.824606816821959798e-01 9.671049500946393967e+09 6.372455456690074205e+08
1.841231901078118072e-01 9.888289702158811569e+09 6.366773056679608822e+08
1.857856985644300296e-01 1.010083313141957092e+10 6.357268044020994902e+08
1.874482070512257237e-01 1.030757428730681419e+10 6.343949069998961687e+08
1.891107155674030538e-01 1.050745795870631790e+10 6.326881977933619022e+08
1.907732241121938566e-01 1.069948160855827522e+10 6.306184394429119825e+08
1.924357326848565586e-01 1.088269756261879921e+10 6.282020209948440790e+08
1.940982412846749550e-01 1.105621499747064400e+10 6.254593998271049261e+08
1.957607499109572380e-01 1.121920172269968987e+10 6.224145414819840193e+08
1.974232585630348313e-01 1.137088575287092018e+10 6.190943607653508186e+08
1.990857672402615297e-01 1.151055666567586136e+10 6.155281671554995775e+08
2.007482759420124996e-01 1.163756674334836960e+10 6.117471174627293348e+08
2.024107846676835298e-01 1.175133189522242928e+10 6.077836787668037415e+08
2.040732934166899215e-01 1.185133236005739403e+10 6.036711048858138323e+08
2.057358021884660160e-01 1.193711318753253555e+10 5.994429299531979561e+08
2.073983109824642512e-01 1.200828449907956886e+10 5.951324830494669676e+08
2.090608197981545235e-01 1.206452152900835419e+10 5.907724282055455446e+08
2.107233286350234380e-01 1.210556444763640594e+10 5.863943344130778313e+08
2.123858374925735870e-01 1.213121796890999985e+10 5.820282804925563335e+08
2.140483463703231337e-01 1.214135074574971581e+10 5.777024997352588177e+08
2.157108552678049240e-01 1.213589455710626221e+10 5.734430691061931849e+08
2.173733641845664311e-01 1.211484329143090057e+10 5.692736474364663363e+08
2.190358731201685061e-01 1.207825173198318100e+10 5.652152664270615578e+08
2.206983820741854618e-01 1.202623415008050537e+10 5.612861774239823818e+08
2.223608910462041566e-01 1.195896271306259155e+10 5.575017558266695738e+08
2.240234000358239386e-01 1.187666571438527489e+10 5.538744636881991625e+08
2.256859090426557024e-01 1.177962563385317612e+10 5.504138696173770428e+08
2.273484180663219723e-01 1.166817703660266876e+10 5.471267235667051077e+08
2.290109271064561247e-01 1.154270431995800400e+10 5.440170825685145855e+08
2.306734361627020280e-01 1.140363931782071877e+10 5.410864820537062883e+08
2.323359452347137921e-01 1.125145877269399261e+10 5.383341461290410757e+08
2.339984543221555469e-01 1.108668168589060783e+10 5.357572291778247356e+08
2.356609634247005536e-01 1.090986655683999062e+10 5.333510804343144894e+08
2.373234725420314828e-01 1.072160852276764870e+10 5.311095228008191586e+08
2.389859816738397480e-01 1.052253641030003929e+10 5.290251371348949671e+08
2.406484908198254224e-01 1.031330971080117226e+10 5.270895435259331465e+08
2.423109999796965175e-01 1.009461549145630455e+10 5.252936716688411832e+08
2.439735091531692601e-01 9.867165254252887726e+09 5.236280132867403030e+08
2.456360183399674824e-01 9.631691755123559952e+09 5.220828505957492590e+08
2.472985275398224547e-01 9.388945795569679260e+09 5.206484559870079756e+08
2.489610367524725254e-01 9.139692999077125549e+09 5.193152593619868755e+08
2.506235459776631203e-01 8.884710584602428436e+09 5.180739808446498513e+08
2.522860552151463542e-01 8.624784149299610138e+09 5.169157278611887693e+08
2.539485644646808371e-01 8.360704472526453972e+09 5.158320567839362621e+08
2.556110737260313126e-01 8.093264352966343880e+09 5.148150004516024590e+08
2.572735829989687417e-01 7.823255490468960762e+09 5.138570638805332184e+08
2.589360922832700251e-01 7.551465423924631119e+09 5.129511913549833298e+08
2.605986015787175591e-01 7.278674536163893700e+09 5.120907088176132441e+08
2.622611108850994577e-01 7.005653136491619110e+09 5.112692460688663125e+08
2.639236202022091082e-01 6.733158631067312241e+09 5.104806437214544415e+08
2.655861295298450053e-01 6.461932790872354507e+09 5.097188501426433921e+08
2.672486388678106950e-01 6.192699126537811279e+09 5.089778137529308796e+08
2.689111482159146083e-01 5.926160378764570236e+09 5.082513760371330976e+08
2.705736575739698391e-01 5.662996132524909019e+09 5.075331704686746001e+08
2.722361669417941443e-01 5.403860562646567345e+09 5.068165322549299002e+08
2.738986763192096108e-01 5.149380317769260406e+09 5.060944233935613632e+08
2.755611857060425440e-01 4.900152549027030945e+09 5.053593769983788729e+08
2.772236951021236906e-01 4.656743089164176941e+09 5.046034642266788483e+08
2.788862045072874607e-01 4.419684787104507446e+09 5.038182864360556602e+08
2.805487139213725944e-01 4.189476002322212696e+09 5.029949944441038370e+08
2.822112233442213292e-01 3.966579262649082661e+09 5.021243359751892686e+08
2.838737327756796214e-01 3.751420088461705208e+09 5.011967315898278356e+08
2.855362422155972579e-01 3.544385985459180355e+09 5.002023786140658259e+08
2.871987516638271343e-01 3.345825607552900314e+09 4.991313818527741432e+08
2.888612611202258651e-01 3.156048090653576851e+09 4.979739091874020100e+08
2.905237705846532292e-01 2.975322557446330070e+09 4.967203695463247895e+08
2.921862800569720031e-01 2.803877792544864655e+09 4.953616101991122961e+08
2.938487895370484604e-01 2.641902086710581779e+09 4.938891298637564778e+08
2.955112990247516502e-01 2.489543248167341232e+09 4.922953037332828641e+08
2.971738085199533974e-01 2.346908778363357544e+09 4.905736162077519894e+08
2.988363180225286353e-01 2.214066208902235031e+09 4.887188968554360271e+08
3.004988275323551283e-01 2.091043595739858389e+09 4.867275549042526484e+08
3.021613370493130279e-01 1.977830166154130936e+09 4.845978073692501187e+08
3.038238465732852611e-01 1.874377113418157816e+09 4.823298957335349321e+08
3.054863561041573639e-01 1.780598533579025507e+09 4.799262859116996527e+08
3.071488656418173702e-01 1.696372498223685980e+09 4.773918460205796957e+08
3.088113751861554790e-01 1.621542256648690701e+09 4.747339962635410428e+08
3.104738847370644983e-01 1.555917560401747465e+09 4.719628250005020499e+08
3.121363942944395120e-01 1.499276102760542870e+09 4.690911648458513618e+08
3.137989038581776025e-01 1.451365065347219229e+09 4.661346224355657101e+08
3.154614134281782389e-01 1.411902763746909618e+09 4.631115553728528023e+08
3.171239230043430002e-01 1.380580383707011938e+09 4.600429898642776012e+08
3.187864325865753523e-01 1.357063799245684862e+09 4.569524727633709908e+08
3.204489421747808708e-01 1.340995463793119907e+09 4.538658522436933517e+08
3.221114517688670742e-01 1.331996365306704044e+09 4.508109822287356257e+08
3.237739613687434237e-01 1.329668036198585510e+09 4.478173471170263886e+08
3.254364709743211015e-01 1.333594608798744202e+09 4.449156053544719219e+08
3.270989805855132326e-01 1.343344907061914206e+09 4.421370530894599557e+08
3.287614902022346075e-01 1.358474565194956779e+09 4.395130125161365271e+08
3.304239998244018484e-01 1.378528163939747095e+09 4.370741535103064179e+08
3.320865094519330207e-01 1.403041375304936647e+09 4.348497616374588609e+08
3.337490190847480775e-01 1.431543106661917686e+09 4.328669702937213182e+08
3.354115287227684150e-01 1.463557635264415026e+09 4.311499792584435344e+08
3.370740383659170392e-01 1.498606724445356607e+09 4.297192858210809827e+08
3.387365480141183438e-01 1.536211712950436831e+09 4.285909573932039738e+08
3.403990576672984991e-01 1.575895569136459827e+09 4.277759756482767463e+08
3.420615673253846745e-01 1.617184902034894466e+09 4.272796813810037374e+08
3.437240769883058711e-01 1.659611921599938393e+09 4.271013462649618983e+08
3.453865866559921449e-01 1.702716340799071789e+09 4.272338925905562043e+08
3.470490963283750507e-01 1.746047212572618961e+09 4.276637752294178605e+08
3.487116060053874755e-01 1.789164695075507164e+09 4.283710320852984786e+08
3.503741156869634166e-01 1.831641739028151751e+09 4.293295009122670293e+08
3.520366253730383144e-01 1.873065691433685303e+09 4.305071924074514508e+08
3.536991350635486642e-01 1.913039810363679886e+09 4.318668026552340388e+08
3.553616447584322380e-01 1.951184685980216503e+09 4.333663428647964001e+08
3.570241544576279180e-01 1.987139563432053566e+09 4.349598612103123069e+08
3.586866641610758633e-01 2.020563563751225471e+09 4.365982305027028322e+08
3.603491738687170098e-01 2.051136799367169142e+09 4.382299761980796456e+08
3.620116835804937372e-01 2.078561381352174997e+09 4.398021215280177593e+08
3.636741932963493684e-01 2.102562316013348579e+09 4.412610298607337475e+08
3.653367030162280593e-01 2.122888288952826500e+09 4.425532283152895570e+08
3.669992127400752979e-01 2.139312335210315228e+09 4.436262007178437710e+08
3.686617224678372939e-01 2.151632394608011723e+09 4.444291418932421803e+08
3.703242321994613118e-01 2.159671751907938004e+09 4.449136687763910294e+08
3.719867419348956150e-01 2.163279361871073723e+09 4.450344867864062190e+08
3.736492516740893000e-01 2.162330059794584751e+09 4.447500122690400481e+08
3.753117614169925176e-01 2.156724658557213306e+09 4.440229536015979052e+08
3.769742711635561405e-01 2.146389933659234762e+09 4.428208548094410896e+08
3.786367809137318741e-01 2.131278498184959650e+09 4.411166063410538435e+08
3.802992906674724227e-01 2.111368570024646044e+09 4.388889280492133498e+08
3.819618004247312126e-01 2.086663634110321522e+09 4.361228294890391231e+08
3.836243101854625026e-01 2.057192002794118881e+09 4.328100523900469542e+08
3.852868199496213841e-01 2.023006277865894079e+09 4.289494995878513455e+08
3.869493297171635593e-01 1.984182718052507162e+09 4.245476537490916848e+08
3.886118394880457849e-01 1.940820516154278517e+09 4.196189877915747762e+08
3.902743492622252064e-01 1.893040990281773806e+09 4.141863668075428009e+08
3.919368590396599683e-01 1.840986693920558929e+09 4.082814382990228534e+08
3.935993688203087704e-01 1.784820449806847095e+09 4.019450032892310023e+08
3.952618786041311449e-01 1.724724312819422007e+09 3.952273549713902473e+08
3.969243883910870685e-01 1.660898467288714647e+09 3.881885635095604658e+08
3.985868981811374612e-01 1.593560064302500248e+09 3.808986749352367520e+08
4.002494079742436872e-01 1.522942004729743242e+09 3.734377784185848832e+08
4.019119177703678880e-01 1.449291673807861567e+09 3.658958795201730132e+08
4.035744275694727046e-01 1.372869633233193159e+09 3.583724980321260691e+08
4.052369373715214440e-01 1.293948276762971878e+09 3.509758896232950687e+08
4.068994471764781906e-01 1.212810455383883238e+09 3.438217744843034744e+08
4.085619569843071952e-01 1.129748078116619825e+09 3.370314497102021575e+08
4.102244667949735413e-01 1.045060694527651787e+09 3.307291739593732953e+08
4.118869766084432005e-01 9.590540649810954332e+08 3.250387531469095945e+08
4.135494864246819224e-01 8.720387246173677444e+08 3.200793334549195170e+08
4.152119962436567890e-01 7.843285469704703093e+08 3.159605253373793364e+08
4.168745060653349932e-01 6.962393130286459923e+08 3.127771297065212727e+08
4.185370158896842829e-01 6.080872914422096014e+08 3.106038883629781604e+08
4.201995257166728504e-01 5.201878354250117540e+08 3.094907929445315599e+08
4.218620355462696647e-01 4.328540017565897703e+08 3.094595138240836859e+08
4.235245453784438063e-01 3.463951971020981669e+08 3.105014213311628103e+08
4.251870552131651881e-01 2.611158566891790926e+08 3.125774693988368511e+08
4.268495650504041117e-01 1.773141601610028744e+08 3.156199402693429589e+08
4.285120748901312115e-01 9.528078921347200871e+07 3.195357794466011524e+08
4.301745847323175664e-01 1.529773138070610724e+07 3.242110529922335148e+08
4.318370945769347546e-01 -6.236286590683467686e+07 3.295159757283208966e+08
4.334996044239549096e-01 -1.374397871311226785e+08 3.353099895725242496e+08
4.351621142733504422e-01 -2.096837827662366331e+08 3.414464834524328709e+08
4.368246241250944295e-01 -2.788585423126153946e+08 3.477768941844010949e+08
4.384871339791597822e-01 -3.447416032443662882e+08 3.541540704498188496e+08
4.401496438355204099e-01 -4.071251931344460249e+08 3.604348945623621345e+08
4.418121536941504446e-01 -4.658170024918026328e+08 3.664822301599112153e+08
4.434746635550242400e-01 -5.206408861724749804e+08 3.721663015779312253e+08
4.451371734181167605e-01 -5.714374914945490360e+08 3.773656210467429161e+08
4.467996832834031928e-01 -6.180648115195866823e+08 3.819675731702489853e+08
4.484621931508591675e-01 -6.603986622367126942e+08 3.858687504240601063e+08
4.501247030204606481e-01 -6.983330827102084160e+08 3.889751148518786430e+08
4.517872128921838204e-01 -7.317806575285342932e+08 3.912020429531979561e+08
4.534497227660054253e-01 -7.606727612138521671e+08 3.924742950999295712e+08
4.551122326419027031e-01 -7.849597245081801414e+08 3.927259379196438789e+08
4.567747425198525613e-01 -8.046109227864732742e+08 3.919002383379766345e+08
4.584372523998329063e-01 -8.196147870734347105e+08 3.899495405387456417e+08
4.600997622818217003e-01 -8.299787384746162891e+08 3.868351320405948162e+08
4.617622721657972384e-01 -8.357290470416593552e+08 3.825271013522398472e+08
4.634247820517383154e-01 -8.369106164115172625e+08 3.770041874955748916e+08
4.650872919396236149e-01 -8.335866957470912933e+08 3.702536200313190222e+08
4.667498018294323758e-01 -8.258385208230044842e+08 3.622709476265692115e+08
4.684123117211442255e-01 -8.137648862450057268e+08 3.530598525772203803e+08
4.700748216147389580e-01 -7.974816511182365417e+08 3.426319489175122380e+08
4.717373315101965336e-01 -7.771211805714070797e+08 3.310065615515264273e+08
4.733998414074974126e-01 -7.528317258807326555e+08 3.182104844869873524e+08
4.750623513066224435e-01 -7.247767459729923010e+08 3.042777161568053365e+08
4.767248612075521974e-01 -6.931341734390159845e+08 2.892491707256547213e+08
4.783873711102680226e-01 -6.580956281520975828e+08 2.731723640916603804e+08
4.800498810147514894e-01 -6.198655819814292192e+08 2.561010744593739212e+08
4.817123909209840571e-01 -5.786604779282990694e+08 2.380949769229421318e+08
4.833749008289477955e-01 -5.347078075242797136e+08 2.192192530496773124e+08
4.850374107386249412e-01 -4.882451499551832676e+08 1.995441755848056972e+08
4.866999206499977859e-01 -4.395191771063445210e+08 1.791446707366677523e+08
4.883624305630492324e-01 -3.887846279837313890e+08 1.580998590346666276e+08
4.900249404777619611e-01 -3.363032571616737247e+08 1.364925803662330210e+08
4.916874503941192631e-01 -2.823427603876331449e+08 1.144089081345254183e+08
4.933499603121045407e-01 -2.271756828654371500e+08 9.193767609416837990e+07
4.950124702317013070e-01 -1.710783120159494281e+08 6.917008236117830873e+07
4.966749801528934083e-01 -1.143295632291767299e+08 4.619974125615400076e+07
4.983374900756649684e-01 -5.720984983078178018e+07 2.312619551913065463e+07
