# r [arcsec]	I [Jy/sr]	I_uncer [Jy/sr]
1.272617859314095550e-03 3.930232690785792236e+11 6.425879155316617966e+09
2.921189009106442414e-03 3.917163055114385376e+11 6.374878796805065155e+09
4.579495862547155495e-03 3.893737948936715698e+11 6.283924065673338890e+09
6.240002426697914550e-03 3.860102448934472046e+11 6.154313538608289719e+09
7.901343393063876494e-03 3.816471268945875854e+11 5.987940282904574394e+09
9.563088128690054243e-03 3.763122756828588257e+11 5.787253013309868813e+09
1.122505851373705593e-02 3.700396058862856445e+11 5.555232761908049583e+09
1.288716767388508287e-02 3.628688072837241821e+11 5.295370265422192574e+09
1.454936822595933807e-02 3.548449959953803711e+11 5.011645635212417603e+09
1.621163214106096165e-02 3.460183211912758179e+11 4.708513881958183289e+09
1.787394178310437384e-02 3.364435305368270874e+11 4.390901070136526108e+09
1.953628550253095827e-02 3.261794986487808228e+11 4.064216929160305500e+09
2.119865529577967186e-02 3.152887233634091187e+11 3.734390148328126907e+09
2.286104548286438387e-02 3.038367949747687378e+11 3.407930698596238613e+09
2.452345192144544592e-02 2.918918438623275757e+11 3.092015344082360744e+09
2.618587151961204035e-02 2.795239721141439209e+11 2.794569472612698078e+09
2.784830192283991451e-02 2.668046748693880005e+11 2.524265841737248421e+09
2.951074130657948408e-02 2.538062571541364441e+11 2.290265552505422592e+09
3.117318823511218417e-02 2.406012519679268188e+11 2.101416280548854351e+09
3.283564156322602012e-02 2.272618452969859009e+11 1.964653770546737432e+09
3.449810036628684490e-02 2.138593135852089844e+11 1.882814029238782644e+09
3.616056388957845924e-02 2.004634789884510803e+11 1.852928701532730103e+09
3.782303151098994481e-02 1.871421874748155212e+11 1.866373605581293821e+09
3.948550271312052662e-02 1.739608145173798828e+11 1.911046564787530422e+09
4.114797706214112089e-02 1.609818027607167358e+11 1.974208783164281845e+09
4.281045419157746001e-02 1.482642356337027588e+11 2.044550136592560291e+09
4.447293378972808769e-02 1.358634504342041168e+11 2.113077096705658436e+09
4.613541558980088775e-02 1.238306939319614105e+11 2.173177292850550175e+09
4.779789936210682849e-02 1.122128230309269562e+11 2.220319290225378036e+09
4.946038490782722619e-02 1.010520525076336975e+11 2.251671734074425220e+09
5.112287205399637657e-02 9.038575130462713623e+10 2.265761410646223068e+09
5.278536064943199074e-02 8.024628831411116028e+10 2.262200944419259071e+09
5.444785056141081270e-02 7.066092804335382080e+10 2.241481672554207802e+09
5.611034167293492414e-02 6.165177601636211395e+10 2.204817653879875660e+09
5.777283388046990098e-02 5.323577324225069427e+10 2.154026595931999683e+09
5.943532709206246489e-02 4.542473857525856781e+10 2.091435519815912485e+09
6.109782122576532665e-02 3.822545731023271179e+10 2.019800459531442642e+09
6.276031620831216962e-02 3.163981390560172653e+10 1.942229464824440718e+09
6.442281197399798987e-02 2.566496630800554657e+10 1.862096501540925741e+09
6.608530846372812073e-02 2.029355897301184464e+10 1.782931128935766220e+09
6.774780562420743002e-02 1.551397133816056252e+10 1.708267010103235006e+09
6.941030340724584080e-02 1.131059821091435051e+10 1.641435339857757092e+09
7.107280176916151715e-02 7.664158287284603119e+09 1.585302682721721172e+09
7.273530067026563739e-02 4.552026818562902451e+09 1.541979793507673502e+09
7.439780007441634813e-02 1.948588294880140305e+09 1.512562220352243423e+09
7.606029994863128252e-02 -1.743950844360851943e+08 1.496983880242128849e+09
7.772280026274960840e-02 -1.847403432623403311e+09 1.494046840346659422e+09
7.938530098913672284e-02 -3.102771968123353958e+09 1.501632208414028645e+09
8.104780210242505667e-02 -3.974300808954320908e+09 1.517031061577112675e+09
8.271030357928650656e-02 -4.496865905901684761e+09 1.537302402728302002e+09
8.437280539823126257e-02 -4.706035114296708107e+09 1.559579882751474380e+09
8.603530753943039455e-02 -4.637693226108326912e+09 1.581289182040322781e+09
8.769780998455847798e-02 -4.327679568452319145e+09 1.600274989529269218e+09
8.936031271665356712e-02 -3.811441525006679058e+09 1.614856595072414398e+09
9.102281571999285004e-02 -3.123707056971922398e+09 1.623835640831976414e+09
9.268531897998151525e-02 -2.298178994253726006e+09 1.626475741025319099e+09
9.434782248305331742e-02 -1.367253539679543495e+09 1.622467474097338438e+09
9.601032621658157906e-02 -3.617650836751339436e+08 1.611886702811470270e+09
9.767283016879922675e-02 6.892409316536142826e+08 1.595150150896429300e+09
9.933533432872686253e-02 1.758705727160305023e+09 1.572969523723711491e+09
1.009978386861079547e-01 2.821724479447525978e+09 1.546303805249672890e+09
1.026603432313502873e-01 3.855682562377048969e+09 1.516308360996362209e+09
1.043228479554730720e-01 4.840360474636258125e+09 1.484278970132248878e+09
1.059853528500589448e-01 5.758007549106560707e+09 1.451588933753097534e+09
1.076478579072105424e-01 6.593384885929834366e+09 1.419618152583056688e+09
1.093103631195108394e-01 7.333778281535555840e+09 1.389674776680547237e+09
1.109728684799872744e-01 7.968982237184888840e+09 1.362912782200547457e+09
1.126353739820789568e-01 8.491256419764974594e+09 1.340252251534050226e+09
1.142978796196066349e-01 8.895256212078262329e+09 1.322312182914440870e+09
1.159603853867454265e-01 9.177939227295814514e+09 1.309366788644538879e+09
1.176228912779997832e-01 9.338449870775726318e+09 1.301334132008087158e+09
1.192853972881804531e-01 9.377984210429189682e+09 1.297800503525089025e+09
1.209479034123834701e-01 9.299637563177709579e+09 1.298076774204121113e+09
1.226104096459709192e-01 9.108237318910957336e+09 1.301276772716807365e+09
1.242729159845529646e-01 8.810163604433771133e+09 1.306404743380481720e+09
1.259354224239715991e-01 8.413160438102395058e+09 1.312439719484027863e+09
1.275979289602855449e-01 7.926140041561279297e+09 1.318408087022921085e+09
1.292604355897561952e-01 7.358982958995558739e+09 1.323439905915152311e+09
1.309229423088349165e-01 6.722336587547804832e+09 1.326808219327592850e+09
1.325854491141509606e-01 6.027414646532540321e+09 1.327952936990004301e+09
1.342479560025006402e-01 5.285800009397723198e+09 1.326491938535420895e+09
1.359104629708369483e-01 4.509253193061964989e+09 1.322222169617595673e+09
1.375729700162601765e-01 3.709528646472943783e+09 1.315113111730803490e+09
1.392354771360091448e-01 2.898200806442486763e+09 1.305294417082424164e+09
1.408979843274529020e-01 2.086501696609804869e+09 1.293038910590720415e+09
1.425604915880832879e-01 1.285171637582900763e+09 1.278741676265284538e+09
1.442229989155077718e-01 5.043244157508174181e+08 1.262895616026842594e+09
1.458855063074428748e-01 -2.466719720342058539e+08 1.246063725073318005e+09
1.475480137617080634e-01 -9.592981176919003725e+08 1.228848391898538828e+09
1.492105212762198374e-01 -1.625968905558458567e+09 1.211858316187932491e+09
1.508730288489867621e-01 -2.240101722225899220e+09 1.195674129441878319e+09
1.525355364781040279e-01 -2.796167013364786148e+09 1.180814432646765232e+09
1.541980441617490649e-01 -3.289721262095996380e+09 1.167704589710929871e+09
1.558605518981770188e-01 -3.717422689296545029e+09 1.156651025245575905e+09
1.575230596857167542e-01 -4.077030191458007336e+09 1.147823747489763498e+09
1.591855675227668576e-01 -4.367386233966825485e+09 1.141249208137345791e+09
1.608480754077921959e-01 -4.588384604702633858e+09 1.136814449887882948e+09
1.625105833393203636e-01 -4.740924102669272423e+09 1.134282014508787870e+09
1.641730913159387406e-01 -4.826849387287366867e+09 1.133313661211410999e+09
1.658355993362912173e-01 -4.848880344457847595e+09 1.133499940490139246e+09
1.674981073990755853e-01 -4.810531434446793556e+09 1.134392291449647665e+09
1.691606155030408176e-01 -4.716022573102663994e+09 1.135534572576657534e+09
1.708231236469845982e-01 -4.570183161345320702e+09 1.136491612258277178e+09
1.724856318297508795e-01 -4.378350917970761299e+09 1.136873220369771242e+09
1.741481400502279120e-01 -4.146267187629753113e+09 1.136352911515112400e+09
1.758106483073458848e-01 -3.879970389667507172e+09 1.134681216890452623e+09
1.774731566000750660e-01 -3.585689244998265743e+09 1.131693860348157883e+09
1.791356649274240265e-01 -3.269737368188771725e+09 1.127315266106173515e+09
1.807981732884377246e-01 -2.938410741623718262e+09 1.121557904681601286e+09
1.824606816821959798e-01 -2.597889499406851292e+09 1.114517931460424185e+09
1.841231901078118072e-01 -2.254145342134032726e+09 1.106367484281010628e+09
1.857856985644300296e-01 -1.912855781683913469e+09 1.097343927572214127e+09
1.874482070512257237e-01 -1.579326279700661182e+09 1.087736296188964844e+09
1.891107155674030538e-01 -1.258421196617636681e+09 1.077869228352824926e+09
1.907732241121938566e-01 -9.545043121397264004e+08 1.068084799776487470e+09
1.924357326848565586e-01 -6.713895154088474512e+08 1.058722880525371790e+09
1.940982412846749550e-01 -4.123020959688283801e+08 1.050100910286939144e+09
1.957607499109572380e-01 -1.798508975615117848e+08 1.042494276339535713e+09
1.974232585630348313e-01 2.398857194222034514e+07 1.036118705234723449e+09
1.990857672402615297e-01 1.978801471610045135e+08 1.031116155892163157e+09
2.007482759420124996e-01 3.411223620856913924e+08 1.027545556024430871e+09
2.024107846676835298e-01 4.536335448366386294e+08 1.025379331284502149e+09
2.040732934166899215e-01 5.359271826616789103e+08 1.024506082904032111e+09
2.057358021884660160e-01 5.890782232892078161e+08 1.024739086582453370e+09
2.073983109824642512e-01 6.146810998239762783e+08 1.025829657603299379e+09
2.090608197981545235e-01 6.148003732920168638e+08 1.027483982942451119e+09
2.107233286350234380e-01 5.919149784451352358e+08 1.029381830597738743e+09
2.123858374925735870e-01 5.488571335222806931e+08 1.031195605832301855e+09
2.140483463703231337e-01 4.887470325315099359e+08 1.032608470087278366e+09
2.157108552678049240e-01 4.149244787666822672e+08 1.033330579769324183e+09
2.173733641845664311e-01 3.308786404190542698e+08 1.033112852306725025e+09
2.190358731201685061e-01 2.401771132747790217e+08 1.031757964286885738e+09
2.206983820741854618e-01 1.463954618723117113e+08 1.029128500577971458e+09
2.223608910462041566e-01 5.304837956422229111e+07 1.025152299621995091e+09
2.240234000358239386e-01 -3.647643952226708084e+07 1.019825090907981753e+09
2.256859090426557024e-01 -1.189806867151395231e+08 1.013210516494830012e+09
2.273484180663219723e-01 -1.915131308274444044e+08 1.005437592382470608e+09
2.290109271064561247e-01 -2.514217542209248841e+08 9.966956206317415237e+08
2.306734361627020280e-01 -2.963995733570294380e+08 9.872265323418425322e+08
2.323359452347137921e-01 -3.245234964239364862e+08 9.773146480925616026e+08
2.339984543221555469e-01 -3.342856909241020083e+08 9.672739089382586479e+08
2.356609634247005536e-01 -3.246170606585428119e+08 9.574327764333608150e+08
2.373234725420314828e-01 -2.949025624261292815e+08 9.481172327141355276e+08
2.389859816738397480e-01 -2.449882259870430231e+08 9.396326191574944258e+08
2.406484908198254224e-01 -1.751798744049534202e+08 9.322453926188778877e+08
2.423109999796965175e-01 -8.623367382115878165e+07 9.261661772811994553e+08
2.439735091531692601e-01 2.066122990438868478e+07 9.215356519204905033e+08
2.456360183399674824e-01 1.439076073157056272e+08 9.184147474444551468e+08
2.472985275398224547e-01 2.815320781216692328e+08 9.167802927605386972e+08
2.489610367524725254e-01 4.312234775706311464e+08 9.165266685179171562e+08
2.506235459776631203e-01 5.903769568505408764e+08 9.174733176561237574e+08
2.522860552151463542e-01 7.561430330622124672e+08 9.193772764692350626e+08
2.539485644646808371e-01 9.254807322823456526e+08 9.219493800404118299e+08
2.556110737260313126e-01 1.095213911039542913e+09 9.248725517297625542e+08
2.572735829989687417e-01 1.262089797875943422e+09 9.278206150547108650e+08
2.589360922832700251e-01 1.422838768158708096e+09 9.304763040836082697e+08
2.605986015787175591e-01 1.574234352201811790e+09 9.325474964432549477e+08
2.622611108850994577e-01 1.713152479202512503e+09 9.337810550599225760e+08
2.639236202022091082e-01 1.836628977292989969e+09 9.339739721114670038e+08
2.655861295298450053e-01 1.941914382867031097e+09 9.329817273674927950e+08
2.672486388678106950e-01 2.026525159617850780e+09 9.307238983005163670e+08
2.689111482159146083e-01 2.088290488684758663e+09 9.271871047371525764e+08
2.705736575739698391e-01 2.125393864940392733e+09 9.224253586931570768e+08
2.722361669417941443e-01 2.136408819603725910e+09 9.165578451442836523e+08
2.738986763192096108e-01 2.120328184716734886e+09 9.097641065830265284e+08
2.755611857060425440e-01 2.076586419081420422e+09 9.022765680960452557e+08
2.772236951021236906e-01 2.005074626443407536e+09 8.943703459874649048e+08
2.788862045072874607e-01 1.906148013315527678e+09 8.863503573645687103e+08
2.805487139213725944e-01 1.780625654098071814e+09 8.785359124126583338e+08
2.822112233442213292e-01 1.629782553220799685e+09 8.712432348539923429e+08
2.838737327756796214e-01 1.455334116106893301e+09 8.647667046315912008e+08
2.855362422155972579e-01 1.259413260919521570e+09 8.593600000756701231e+08
2.871987516638271343e-01 1.044540519560495496e+09 8.552186466748783588e+08
2.888612611202258651e-01 8.135875874065350294e+08 8.524656448390419483e+08
2.905237705846532292e-01 5.697348851754866838e+08 8.511417502937904596e+08
2.921862800569720031e-01 3.164237914831517935e+08 8.512015758409097195e+08
2.938487895370484604e-01 5.730428965874955058e+07 8.525160209066255093e+08
2.955112990247516502e-01 -2.038211540612998307e+08 8.548807533775904179e+08
2.971738085199533974e-01 -4.630566029118236303e+08 8.580297492544662952e+08
2.988363180225286353e-01 -7.164736270807520151e+08 8.616523995277402401e+08
3.004988275323551283e-01 -9.601732877183384895e+08 8.654125016952326298e+08
3.021613370493130279e-01 -1.190348150586312771e+09 8.689675509374083281e+08
3.038238465732852611e-01 -1.403343349278253794e+09 8.719870463905917406e+08
3.054863561041573639e-01 -1.595715729965961695e+09 8.741689171170730591e+08
3.071488656418173702e-01 -1.764290136704302311e+09 8.752535497378219366e+08
3.088113751861554790e-01 -1.906211938084831715e+09 8.750352005302059650e+08
3.104738847370644983e-01 -2.018994951864399910e+09 8.733707724193038940e+08
3.121363942944395120e-01 -2.100563993290783644e+09 8.701860334136452675e+08
3.137989038581776025e-01 -2.149291354182115555e+09 8.654793648295454979e+08
3.154614134281782389e-01 -2.164026612161988735e+09 8.593230777033067942e+08
3.171239230043430002e-01 -2.144119271442092896e+09 8.518622469746882915e+08
3.187864325865753523e-01 -2.089433846602897406e+09 8.433109079871255159e+08
3.204489421747808708e-01 -2.000357117293079853e+09 8.339453637579354048e+08
3.221114517688670742e-01 -1.877797402862327576e+09 8.240942960165146589e+08
3.237739613687434237e-01 -1.723175829773967981e+09 8.141253990042369366e+08
3.254364709743211015e-01 -1.538409689322703838e+09 8.044284102010552883e+08
3.270989805855132326e-01 -1.325888106732533932e+09 7.953947397381654978e+08
3.287614902022346075e-01 -1.088440363216529131e+09 7.873944158705474138e+08
3.304239998244018484e-01 -8.292973281315758228e+08 7.807517239598312378e+08
3.320865094519330207e-01 -5.520465671130765676e+08 7.757215926030164957e+08
3.337490190847480775e-01 -2.605817923161733449e+08 7.724692647769161463e+08
3.354115287227684150e-01 4.095258903299597651e+07 7.710558537753282785e+08
3.370740383659170392e-01 3.482209930863224864e+08 7.714318746801425219e+08
3.387365480141183438e-01 6.567593445493091345e+08 7.734397971558469534e+08
3.403990576672984991e-01 9.620399767053811550e+08 7.768253308306550980e+08
3.420615673253846745e-01 1.259537757669661283e+09 7.812559022120583057e+08
3.437240769883058711e-01 1.544796432996987581e+09 7.863439481846790314e+08
3.453865866559921449e-01 1.813494169411180496e+09 7.916723964889799356e+08
3.470490963283750507e-01 2.061507295086079359e+09 7.968199751082698107e+08
3.487116060053874755e-01 2.284971258491247654e+09 8.013845903404804468e+08
3.503741156869634166e-01 2.480337869914294243e+09 8.050037029386444092e+08
3.520366253730383144e-01 2.644427946797708988e+09 8.073712324862234592e+08
3.536991350635486642e-01 2.774478555045615673e+09 8.082509395537462234e+08
3.553616447584322380e-01 2.868184122424309731e+09 8.074864568770495653e+08
3.570241544576279180e-01 2.923730795695119858e+09 8.050081934944972992e+08
3.586866641610758633e-01 2.939823518743226051e+09 8.008372639124492407e+08
3.603491738687170098e-01 2.915705422919064522e+09 7.950864408369922638e+08
3.620116835804937372e-01 2.851169241327497482e+09 7.879579316070944071e+08
3.636741932963493684e-01 2.746560583885062695e+09 7.797375706059762239e+08
3.653367030162280593e-01 2.602773037601602077e+09 7.707848467335327864e+08
3.669992127400752979e-01 2.421235184643074989e+09 7.615181101806279421e+08
3.686617224678372939e-01 2.203889757213484287e+09 7.523944145293695927e+08
3.703242321994613118e-01 1.953165271061959028e+09 7.438838504154399633e+08
3.719867419348956150e-01 1.671940596489753008e+09 7.364389924733752012e+08
3.736492516740893000e-01 1.363503035163056374e+09 7.304611947994159460e+08
3.753117614169925176e-01 1.031500571041047573e+09 7.262667430826369524e+08
3.769742711635561405e-01 6.798890526740397215e+08 7.240569167280057669e+08
3.786367809137318741e-01 3.128751405610695481e+08 7.238963405101217031e+08
3.802992906674724227e-01 -6.514408407473669201e+07 7.257032487464795113e+08
3.819618004247312126e-01 -4.496439047968854308e+08 7.292534690362941027e+08
3.836243101854625026e-01 -8.360361730625808239e+08 7.341975578037159443e+08
3.852868199496213841e-01 -1.219733935817786694e+09 7.400883620822104216e+08
3.869493297171635593e-01 -1.596215494297333002e+09 7.464150027524745464e+08
3.886118394880457849e-01 -1.961086916715502024e+09 7.526391122353365421e+08
3.902743492622252064e-01 -2.310142059352627754e+09 7.582298975296927691e+08
3.919368590396599683e-01 -2.639419197561472893e+09 7.626957743316689730e+08
3.935993688203087704e-01 -2.945253429631187916e+09 7.656114819239442348e+08
3.952618786041311449e-01 -3.224324091089643478e+09 7.666404639371049404e+08
3.969243883910870685e-01 -3.473696503626003742e+09 7.655527959014487267e+08
3.985868981811374612e-01 -3.690857479803780079e+09 7.622390870224012136e+08
4.002494079742436872e-01 -3.873744110438958168e+09 7.567206552445076704e+08
4.019119177703678880e-01 -4.020765474096835136e+09 7.491559387412611246e+08
4.035744275694727046e-01 -4.130817025638830185e+09 7.398426071994665861e+08
4.052369373715214440e-01 -4.203287541156735897e+09 7.292142065781631470e+08
4.068994471764781906e-01 -4.238058617861579895e+09 7.178294758157441616e+08
4.085619569843071952e-01 -4.235496847494707108e+09 7.063518716015326977e+08
4.102244667949735413e-01 -4.196438898637310982e+09 6.955166502707426548e+08
4.118869766084432005e-01 -4.122169854821104527e+09 6.860835923781418800e+08
4.135494864246819224e-01 -4.014395259937885284e+09 6.787756734670180082e+08
4.152119962436567890e-01 -3.875207418170166016e+09 6.742078871186593771e+08
4.168745060653349932e-01 -3.707046581199238777e+09 6.728152649668817520e+08
4.185370158896842829e-01 -3.512657729241674900e+09 6.747929051239959002e+08
4.201995257166728504e-01 -3.295043713549095154e+09 6.800609526795376539e+08
4.218620355462696647e-01 -3.057415575328851700e+09 6.882626562629450560e+08
4.235245453784438063e-01 -2.803140889096834660e+09 6.987953338799947500e+08
4.251870552131651881e-01 -2.535690996697422028e+09 7.108660859511326551e+08
4.268495650504041117e-01 -2.258588001657853603e+09 7.235598962193875313e+08
4.285120748901312115e-01 -1.975352382115540504e+09 7.359083292734105587e+08
4.301745847323175664e-01 -1.689452054867948771e+09 7.469507713915570974e+08
4.318370945769347546e-01 -1.404253683511832476e+09 7.557846199497654438e+08
4.334996044239549096e-01 -1.122976971324584007e+09 7.616042906356840134e+08
4.351621142733504422e-01 -8.486526152439570427e+08 7.637308539142056704e+08
4.368246241250944295e-01 -5.840845226296002865e+08 7.616348039978662729e+08
4.384871339791597822e-01 -3.318168085429466963e+08 7.549544290639190674e+08
4.401496438355204099e-01 -9.410599998694403470e+07 7.435119337523812056e+08
4.418121536941504446e-01 1.271012237608052492e+08 7.273291222169597149e+08
4.434746635550242400e-01 3.301845267588710785e+08 7.066441629052910805e+08
4.451371734181167605e-01 5.138605235990087390e+08 6.819306444380517006e+08
4.467996832834031928e-01 6.771874776256564856e+08 6.539195156045519114e+08
4.484621931508591675e-01 8.195641721969621181e+08 6.236229776444590092e+08
4.501247030204606481e-01 9.407231361676844358e+08 5.923558402588069439e+08
4.517872128921838204e-01 1.040718499301716208e+09 5.617425723859390020e+08
4.534497227660054253e-01 1.119908841098029137e+09 5.336859228771736622e+08
4.551122326419027031e-01 1.178935476696432590e+09 5.102582157501622438e+08
4.567747425198525613e-01 1.218696694156431437e+09 4.934733829866022468e+08
4.584372523998329063e-01 1.240318518111486912e+09 4.849349697601214051e+08
4.600997622818217003e-01 1.245122623857736826e+09 4.854478993896464109e+08
4.617622721657972384e-01 1.234592063550027847e+09 4.947712273060147166e+08
4.634247820517383154e-01 1.210335490847324371e+09 5.116560738646230698e+08
4.650872919396236149e-01 1.174050582960101366e+09 5.341428522072841525e+08
4.667498018294323758e-01 1.127487358279058933e+09 5.599486098571956158e+08
4.684123117211442255e-01 1.072412075259000540e+09 5.867852095665029287e+08
4.700748216147389580e-01 1.010572372735961795e+09 6.125502669702714682e+08
4.717373315101965336e-01 9.436642758910694122e+08 6.354113584648022652e+08
4.733998414074974126e-01 8.733016442440018654e+08 6.538267588376466036e+08
4.750623513066224435e-01 8.009885818985431194e+08 6.665372113528052568e+08
4.767248612075521974e-01 7.280952639340958595e+08 6.725483702307236195e+08
4.783873711102680226e-01 6.558375611132535934e+08 6.711126931192890406e+08
4.800498810147514894e-01 5.852607651872477531e+08 6.617136173232520819e+08
4.817123909209840571e-01 5.172276354968831539e+08 6.440521675843266249e+08
4.833749008289477955e-01 4.524108997243328094e+08 6.180351757012165785e+08
4.850374107386249412e-01 3.912902566675481796e+08 5.837641018530110121e+08
4.866999206499977859e-01 3.341538388245974183e+08 5.415235684718136787e+08
4.883624305630492324e-01 2.811040112414057255e+08 4.917689271303948164e+08
4.900249404777619611e-01 2.320672957118289173e+08 4.351124032278531790e+08
4.916874503941192631e-01 1.868081397850132585e+08 3.723075559545598626e+08
4.933499603121045407e-01 1.449461676282277405e+08 3.042319697781335711e+08
4.950124702317013070e-01 1.059765041232417375e+08 2.318682308177645206e+08
4.966749801528934083e-01 6.929267546294032037e+07 1.562834615190013647e+08
4.983374900756649684e-01 3.421162513124036044e+07 7.860864194445578754e+07
