# r [arcsec]	I [Jy/sr]	I_uncer [Jy/sr]
3.817853577942286001e-03 2.035780703020113220e+11 1.433199220797212124e+09
8.763567027319327241e-03 2.027569293406601257e+11 1.412008308486705303e+09
1.373848758764146562e-02 2.012884912698553467e+11 1.374438795201673269e+09
1.872000728009374365e-02 1.991874672500947571e+11 1.321420444704448223e+09
2.370403017919163122e-02 1.964752349167253113e+11 1.254287208405405760e+09
2.868926438607016446e-02 1.931792521526464233e+11 1.174751576489884853e+09
3.367517554121116780e-02 1.893326144338838501e+11 1.084886043242966652e+09
3.866150302165524688e-02 1.849735496895534363e+11 9.871129283382327557e+08
4.364810467787801074e-02 1.801448439137401123e+11 8.842132613403183222e+08
4.863489642318288148e-02 1.748932060026110535e+11 7.793722216796705723e+08
5.362182534931311806e-02 1.692685833281999817e+11 6.762864574690372944e+08
5.860885650759287135e-02 1.633234407684378967e+11 5.793578472424219847e+08
6.359596588733901212e-02 1.571120165389774780e+11 4.939430046971227527e+08
6.858313644859315161e-02 1.506895684319937134e+11 4.263780210603151917e+08
7.357035576433633428e-02 1.441116240104590149e+11 3.829099277990138531e+08
7.855761455883611410e-02 1.374332479531916962e+11 3.666117765316395164e+08
8.354490576851973660e-02 1.307083391134398651e+11 3.742387176969903708e+08
8.853222391973845917e-02 1.239889689628199310e+11 3.974346504526782036e+08
9.351956470533653865e-02 1.173247719689364929e+11 4.271872378338239193e+08
9.850692468967806037e-02 1.107623971297531433e+11 4.566331596739529371e+08
1.034943010988605139e-01 1.043450283957629852e+11 4.813812213472804427e+08
1.084816916687353777e-01 9.811198009055648804e+10 4.989285639300860167e+08
1.134690945329698275e-01 9.209837173221511841e+10 5.080797970783352852e+08
1.184565081393615799e-01 8.633488490393383789e+10 5.085537910688452721e+08
1.234439311864233557e-01 8.084760306462977600e+10 5.007417142361733317e+08
1.284313625747323662e-01 7.565793347005598450e+10 4.855597278160015345e+08
1.334188013691842700e-01 7.078260873152040100e+10 4.643575804801248312e+08
1.384062467694026355e-01 6.623376400888631439e+10 4.388587697825158834e+08
1.433936980863204647e-01 6.201908444974887848e+10 4.111122763262115717e+08
1.483811547234816508e-01 5.814201627549251556e+10 3.834287305059065223e+08
1.533686161619891020e-01 5.460203390022525024e+10 3.582556042575389147e+08
1.583560819482959792e-01 5.139495466760991669e+10 3.379292646105039716e+08
1.633435516842324520e-01 4.851329221482904053e+10 3.242696931903437376e+08
1.683310250188047585e-01 4.594663912755290985e+10 3.181105075218489170e+08
1.733185016414096891e-01 4.368206943442372131e+10 3.190233533904856443e+08
1.783059812761873808e-01 4.170455159761103058e+10 3.254663344546629190e+08
1.832934636772959591e-01 3.999736297582265472e+10 3.352849576642067432e+08
1.882809486249364950e-01 3.854249725085468292e+10 3.462594515543064475e+08
1.932684359219939418e-01 3.732105699731314850e+10 3.564700623297634125e+08
1.982559253911843622e-01 3.631362441279787445e+10 3.644531437718333006e+08
2.032434168726222901e-01 3.550060418498146820e+10 3.692237305288586617e+08
2.082309102217375085e-01 3.486253352310500336e+10 3.702393191125573516e+08
2.132184053074845376e-01 3.438035549363473511e+10 3.673474730453688502e+08
2.182059020107968983e-01 3.403565294217174530e+10 3.607347520762332082e+08
2.231934002232490444e-01 3.381084142571210098e+10 3.508812763945142627e+08
2.281808998458938198e-01 3.368932069178428268e+10 3.385190955687850714e+08
2.331684007882487975e-01 3.365558529693499756e+10 3.245889081642481089e+08
2.381559029674101546e-01 3.369529593200204468e+10 3.101861829159867167e+08
2.431434063072751561e-01 3.379531389467875290e+10 2.964843297559417486e+08
2.481309107378594780e-01 3.394370190359931564e+10 2.846225133111703992e+08
2.531184161946937738e-01 3.412969506925878525e+10 2.755559103078467846e+08
2.581059226182911837e-01 3.434364631644165421e+10 2.698920062490819693e+08
2.630934299536754062e-01 3.457695088550130463e+10 2.677678662296179533e+08
2.680809381499607014e-01 3.482195472535097504e+10 2.688290128404825330e+08
2.730684471599785779e-01 3.507185163260491943e+10 2.723285384954459667e+08
2.780559569399445041e-01 3.532057389622837067e+10 2.773031074055773616e+08
2.830434674491599245e-01 3.556268098581517029e+10 2.827546994589852691e+08
2.880309786497447511e-01 3.579325048762367249e+10 2.877877284717258811e+08
2.930184905063976664e-01 3.600777506169979095e+10 2.916886492050943971e+08
2.980060029861805737e-01 3.620206868342933655e+10 2.939592297533829808e+08
3.029935160583238640e-01 3.637218486271293640e+10 2.943205715430117846e+08
3.079810296940508341e-01 3.651434892320362091e+10 2.927012841302936673e+08
3.129685438664192021e-01 3.662490579240448761e+10 2.892175694798787832e+08
3.179560585501768344e-01 3.670028412007270813e+10 2.841484492118813992e+08
3.229435737216315716e-01 3.673697692546324158e+10 2.779063873601273298e+08
3.279310893585324904e-01 3.673153839023603058e+10 2.710017853798056245e+08
3.329186054399617678e-01 3.668059587805184174e+10 2.639991481615131795e+08
3.379061219462368704e-01 3.658087578677593994e+10 2.574635471831829846e+08
3.428936388588199047e-01 3.642924143479299164e+10 2.518990197592209876e+08
3.478811561602362934e-01 3.622274085699102020e+10 2.476857877716310918e+08
3.528686738339993356e-01 3.595866214321012115e+10 2.450287657685265243e+08
3.578561918645413176e-01 3.563459379482305145e+10 2.439317350377440155e+08
3.628437102371503964e-01 3.524848750310043335e+10 2.442063184077655077e+08
3.678312289379127020e-01 3.479872076352207947e+10 2.455137509350362122e+08
3.728187479536588800e-01 3.428415682815336990e+10 2.474268098028024733e+08
3.778062672719147974e-01 3.370419965687756729e+10 2.494953428980170190e+08
3.827937868808565791e-01 3.305884174898020935e+10 2.513023271796673238e+08
3.877813067692685856e-01 3.234870300980995178e+10 2.525042179828768373e+08
3.927688269265047216e-01 3.157505912207559204e+10 2.528551801875219047e+08
3.977563473424529095e-01 3.073985823677277756e+10 2.522178282350362837e+08
4.027438680075018929e-01 2.984572516322862244e+10 2.505637442528328598e+08
4.077313889125108171e-01 2.889595261017815781e+10 2.479664101122155488e+08
4.127189100487804740e-01 2.789447939927141571e+10 2.445881865974064469e+08
4.177064314080274343e-01 2.684585592901250458e+10 2.406621087787990868e+08
4.226939529823587338e-01 2.575519750179994583e+10 2.364687985544070899e+08
4.276814747642498915e-01 2.462812643159693909e+10 2.323088901445866525e+08
4.326689967465233155e-01 2.347070411832425308e+10 2.284721336403463185e+08
4.376565189223286523e-01 2.228935450221381378e+10 2.252057242228913009e+08
4.426440412851241901e-01 2.109078049345968246e+10 2.226859713042120039e+08
4.476315638286594845e-01 1.988187510734223938e+10 2.209983226544926763e+08
4.526190865469603142e-01 1.866962912185519409e+10 2.201300755612019598e+08
4.576066094343120838e-01 1.746103711424026489e+10 2.199775677878832519e+08
4.625941324852472225e-01 1.626300372653838730e+10 2.203661030171474516e+08
4.675816556945310287e-01 1.508225196104376221e+10 2.210779203883841634e+08
4.725691790571502904e-01 1.392523521819673729e+10 2.218824019655046761e+08
4.775567025683005173e-01 1.279805466634667397e+10 2.225635231889247298e+08
4.825442262233765600e-01 1.170638337988927078e+10 2.229414329814212620e+08
4.875317500179611185e-01 1.065539850493123055e+10 2.228869680443217754e+08
4.925192739478161941e-01 9.649722515243007660e+09 2.223292418985348046e+08
4.975067980088735964e-01 8.693374411382467270e+09 2.212570945475266874e+08
5.024943221972267837e-01 7.789731497855634689e+09 2.197153337916969359e+08
5.074818465091224251e-01 6.941502152105405807e+09 2.177966086535831690e+08
5.124693709409537945e-01 6.150709779758694649e+09 2.156296489298992753e+08
5.174568954892526662e-01 5.418687937192233086e+09 2.133646266682811379e+08
5.224444201506837082e-01 4.746086398888609886e+09 2.111566113374117911e+08
5.274319449220377098e-01 4.132887756548284054e+09 2.091484779523330629e+08
5.324194698002251425e-01 3.578433962199215412e+09 2.074550582010973990e+08
5.374069947822720517e-01 3.081462070795465946e+09 2.061505757502273023e+08
5.423945198653131738e-01 2.640148300711528778e+09 2.052612386332645416e+08
5.473820450465878285e-01 2.252159414307644367e+09 2.047641565028941631e+08
5.523695703234354770e-01 1.914710326106200695e+09 2.045926312984976172e+08
5.573570956932899501e-01 1.624626773487088680e+09 2.046466847270163298e+08
5.623446211536771155e-01 1.378411834172823429e+09 2.048068354293120801e+08
5.673321467022091058e-01 1.172315045890846491e+09 2.049488595407878757e+08
5.723196723365815419e-01 1.002402875974103570e+09 2.049575335051401258e+08
5.773071980545696480e-01 8.646293015440813303e+08 2.047379458925828338e+08
5.822947238540248094e-01 7.549052934664269686e+08 2.042236136469633877e+08
5.872822497328716862e-01 6.691660483829240799e+08 2.033811661170648038e+08
5.922697756891045495e-01 6.034348816795995235e+08 2.022117019624657333e+08
5.972573017207846169e-01 5.538827788753859997e+08 2.007491022771398127e+08
6.022448278260374988e-01 5.168827022271165848e+08 1.990556625873750448e+08
6.072323540030505340e-01 4.890578617196353078e+08 1.972154568253843486e+08
6.122198802500696813e-01 4.673232833809000850e+08 1.953259227384788096e+08
6.172074065653979646e-01 4.489201411253795028e+08 1.934882881191478074e+08
6.221949329473926982e-01 4.314424591450219750e+08 1.917976323798725605e+08
6.271824593944635984e-01 4.128559380078519583e+08 1.903335492742565274e+08
6.321699859050702308e-01 3.915088068692363501e+08 1.891524619332250953e+08
6.371575124777206778e-01 3.661347540515280962e+08 1.882825543674828410e+08
6.421450391109693179e-01 3.358481362341134548e+08 1.877219788033097982e+08
6.471325658034148276e-01 3.001318099290790558e+08 1.874405109132768810e+08
6.521200925536991821e-01 2.588180652274238765e+08 1.873842736628541648e+08
6.571076193605055460e-01 2.120632682564640641e+08 1.874826903433773816e+08
6.620951462225563855e-01 1.603169329175758064e+08 1.876565790138359964e+08
6.670826731386124697e-01 1.042860417433489561e+08 1.878262991634026468e+08
6.720702001074717602e-01 4.489551799167308211e+07 1.879190554710564315e+08
6.770577271279670795e-01 -1.675418565711663477e+07 1.878747553836662471e+08
6.820452541989658890e-01 -7.943137375345672667e+07 1.876501123473343849e+08
6.870327813193682909e-01 -1.418182411829160750e+08 1.872209245779648721e+08
6.920203084881060285e-01 -2.025558254806776643e+08 1.865826197100535333e+08
6.970078357041413764e-01 -2.602877755455212891e+08 1.857492469561472833e+08
7.019953629664664740e-01 -3.137019807879124880e+08 1.847511428552157581e+08
7.069828902741016607e-01 -3.615691731394895911e+08 1.836315185622570217e+08
7.119704176260943651e-01 -4.027777028079949021e+08 1.824422351924523711e+08
7.169579450215193273e-01 -4.363637951981378794e+08 1.812390599003627002e+08
7.219454724594762673e-01 -4.615367184879271388e+08 1.800767303820283115e+08
7.269329999390895525e-01 -4.776984259931736588e+08 1.790041909450952411e+08
7.319205274595077526e-01 -4.844573812729738355e+08 1.780603832017937899e+08
7.369080550199024193e-01 -4.816364232789046168e+08 1.772709599886358380e+08
7.418955826194673087e-01 -4.692746798398852348e+08 1.766462280434384644e+08
7.468831102574174929e-01 -4.476236864438915849e+08 1.761805111887461543e+08
7.518706379329892497e-01 -4.171380096925346255e+08 1.758529754484497905e+08
7.568581656454390627e-01 -3.784608071692504287e+08 1.756297984126014411e+08
7.618456933940425113e-01 -3.324048742412289977e+08 1.754674293704153895e+08
7.668332211780939378e-01 -2.799298303537544608e+08 1.753165990449516177e+08
7.718207489969062252e-01 -2.221161800003785491e+08 1.751267073860127032e+08
7.768082768498100199e-01 -1.601370446160979271e+08 1.748502372375445366e+08
7.817958047361527329e-01 -9.522839969195021689e+07 1.744468918501164913e+08
7.867833326552983175e-01 -2.865866560531657562e+07 1.738872131861267686e+08
7.917708606066273802e-01 3.830150905437994003e+07 1.731554879898806810e+08
7.967583885895350715e-01 1.044084659151083976e+08 1.722517801067423522e+08
8.017459166034320850e-01 1.684730062585818768e+08 1.711929401319203973e+08
8.067334446477437693e-01 2.293854357133116722e+08 1.700124451442491114e+08
8.117209727219093507e-01 2.861376008691346049e+08 1.687589271341462135e+08
8.167085008253823775e-01 3.378414412305066586e+08 1.674932793160087168e+08
8.216960289576287213e-01 3.837436975081207156e+08 1.662843075860017538e+08
8.266835571181275766e-01 4.232365418837596774e+08 1.652030382748254538e+08
8.316710853063710163e-01 4.558640236075440645e+08 1.643160058274043500e+08
8.366586135218624376e-01 4.813243500897184610e+08 1.636780992353864908e+08
8.416461417641176723e-01 4.994681456471674442e+08 1.633257821871486902e+08
8.466336700326639875e-01 5.102929435317048430e+08 1.632716312872148454e+08
8.516211983270388641e-01 5.139342684872174859e+08 1.635010787394172847e+08
8.566087266467917738e-01 5.106537539065310359e+08 1.639719724833959341e+08
8.615962549914814028e-01 5.008248073452745676e+08 1.646171318542797565e+08
8.665837833606774288e-01 4.849163888966274858e+08 1.653496032120282352e+08
8.715713117539596322e-01 4.634754976503189802e+08 1.660699443586810827e+08
8.765588401709160093e-01 4.371089717101164460e+08 1.666746764811296463e+08
8.815463686111453256e-01 4.064651972754347920e+08 1.670650451417365372e+08
8.865338970742548952e-01 3.722162930650728345e+08 1.671553688048477471e+08
8.915214255598600257e-01 3.350412893825739622e+08 1.668804404054102302e+08
8.965089540675857949e-01 2.956107585587435365e+08 1.662016124946863949e+08
9.014964825970653850e-01 2.545732779095979035e+08 1.651112975691303611e+08
9.064840111479389728e-01 2.125440207382099926e+08 1.636356404642574489e+08
9.114715397198557278e-01 1.700956785118127763e+08 1.618350805205601454e+08
9.164590683124720361e-01 1.277518215986263156e+08 1.598024481703305244e+08
9.214465969254520550e-01 8.598271028286959231e+07 1.576581863669427335e+08
9.264341255584663815e-01 4.520347558220227808e+07 1.555423325691215098e+08
9.314216542111933839e-01 5.774503821825447492e+06 1.536031458060298860e+08
9.364091828833184250e-01 -3.199621714396363869e+07 1.519828069819813371e+08
9.413967115745327519e-01 -6.784909626419851184e+07 1.508014562472462654e+08
9.463842402845346058e-01 -1.015676384920318723e+08 1.501417623496923149e+08
9.513717690130290006e-01 -1.329722358623284698e+08 1.500368319727244973e+08
9.563592977597260569e-01 -1.619134598176839352e+08 1.504640989155301750e+08
9.613468265243425570e-01 -1.882652659081241190e+08 1.513467041521095037e+08
9.663343553066010561e-01 -2.119185074667990208e+08 1.525621353745735884e+08
9.713218841062303266e-01 -2.327751248790295720e+08 1.539562730398685336e+08
9.763094129229632490e-01 -2.507433331157242656e+08 1.553601385689527094e+08
9.812969417565396979e-01 -2.657340740919775665e+08 1.566067284217352867e+08
9.862844706067037670e-01 -2.776589345035495758e+08 1.575460390694885850e+08
9.912719994732055451e-01 -2.864296566251585484e+08 1.580572691390738487e+08
9.962595283557990067e-01 -2.919592919908956289e+08 1.580578780628478229e+08
1.001247057254244233e+00 -2.941649688278984427e+08 1.575095568277802765e+08
1.006234586168305301e+00 -2.929721665430570841e+08 1.564212559839131534e+08
1.011222115097751173e+00 -2.883203173276719451e+08 1.548493120400333107e+08
1.016209644042354920e+00 -2.801694887324563861e+08 1.528945147008011639e+08
1.021197173001895608e+00 -2.685078442715996504e+08 1.506957609996073246e+08
1.026184701976153857e+00 -2.533595338033022881e+08 1.484198635808161199e+08
1.031172230964917613e+00 -2.347926332421118021e+08 1.462472696846013069e+08
1.036159759967976379e+00 -2.129267352643766105e+08 1.443540622102697790e+08
1.041147288985125208e+00 -1.879397897340063751e+08 1.428917071264117360e+08
1.046134818016162260e+00 -1.600738047940099537e+08 1.419673527120324075e+08
1.051122347060890139e+00 -1.296390465480086654e+08 1.416284684000106454e+08
1.056109876119114777e+00 -9.701641619479440153e+07 1.418554697954720557e+08
1.061097405190645881e+00 -6.265773702783188224e+07 1.425643567756766081e+08
1.066084934275296714e+00 -2.708374818098566681e+07 1.436188204126297832e+08
1.071072463372883643e+00 9.120324698026839644e+06 1.448489488926762640e+08
1.076059992483227479e+00 4.531167189643228054e+07 1.460726056850157380e+08
1.081047521606151030e+00 8.079924157294188440e+07 1.471159352303648591e+08
1.086035050741481101e+00 1.148554026418752223e+08 1.478306755654310584e+08
1.091022579889048050e+00 1.467297266742874682e+08 1.481072514027204216e+08
1.096010109048684011e+00 1.756646076619432867e+08 1.478835077318700850e+08
1.100997638220225783e+00 2.009123660330878198e+08 1.471493209392739832e+08
1.105985167403511937e+00 2.217534199120352268e+08 1.459473113507343829e+08
1.110972696598383935e+00 2.375150544175307751e+08 1.443696600854313374e+08
1.115960225804686790e+00 2.475902804892700911e+08 1.425507814249431491e+08
1.120947755022267955e+00 2.514562497408185005e+08 1.406554984593641162e+08
1.125935284250977553e+00 2.486916820690343976e+08 1.388626137930622101e+08
1.130922813490668366e+00 2.389927687577547431e+08 1.373445388366065323e+08
1.135910342741195622e+00 2.221870356452269256e+08 1.362449589359822273e+08
1.140897872002417213e+00 1.982446881944760680e+08 1.356580057391511798e+08
1.145885401274193693e+00 1.672870122154013216e+08 1.356132909261664152e+08
1.150872930556387619e+00 1.295914692876486331e+08 1.360705788960677385e+08
1.155860459848864208e+00 8.559320303216633201e+07 1.369256567881541252e+08
1.160847989151490678e+00 3.588275935655715317e+07 1.380259847065744698e+08
1.165835518464137355e+00 -1.880008158958845958e+07 1.391924194294965863e+08
1.170823047786675675e+00 -7.757636414500497282e+07 1.402426360128257573e+08
1.175810577118979738e+00 -1.394418064616028666e+08 1.410126867650512755e+08
1.180798106460926311e+00 -2.032842378595352769e+08 1.413745951616455019e+08
1.185785635812393490e+00 -2.679043219085155129e+08 1.412491662860973775e+08
1.190773165173261150e+00 -3.320391685728936195e+08 1.406139145246036947e+08
1.195760694543412272e+00 -3.943883523196185231e+08 1.395061633546349108e+08
1.200748223922731173e+00 -4.536417769419711828e+08 1.380211508552196026e+08
1.205735753311103498e+00 -5.085087641515026689e+08 1.363046241152745187e+08
1.210723282708418003e+00 -5.577476935739059448e+08 1.345392113514646590e+08
1.215710812114564332e+00 -6.001954881981312037e+08 1.329241712596274614e+08
1.220698341529434350e+00 -6.347962227431794405e+08 1.316492815580314249e+08
1.225685870952921253e+00 -6.606281335614944696e+08 1.308657113901992142e+08
1.230673400384920457e+00 -6.769283279745417833e+08 1.306591008646022081e+08
1.235660929825329379e+00 -6.831145282217200994e+08 1.310313325946126729e+08
1.240648459274045878e+00 -6.788032399835078716e+08 1.318962151612238139e+08
1.245635988730970478e+00 -6.638238067523348331e+08 1.330904909382286221e+08
1.250623518196004813e+00 -6.382278977970980406e+08 1.343971050271862447e+08
1.255611047669052738e+00 -6.022940773161996603e+08 1.355749300500365496e+08
1.260598577150018551e+00 -5.565272134718396664e+08 1.363891368083302677e+08
1.265586106638808772e+00 -5.016526058850951791e+08 1.366382969210201800e+08
1.270573636135331475e+00 -4.386048361016674042e+08 1.361765607765126228e+08
1.275561165639495398e+00 -3.685114745887049437e+08 1.349308116334617734e+08
1.280548695151212168e+00 -2.926719068602014780e+08 1.329132521263239235e+08
1.285536224670393413e+00 -2.125316671974103451e+08 1.302295394143014401e+08
1.290523754196952311e+00 -1.296527879027055800e+08 1.270814909269991070e+08
1.295511283730804264e+00 -4.568078199948363006e+07 1.237616271166486740e+08
1.300498813271864673e+00 3.769102526080161333e+07 1.206347559745507985e+08
1.305486342820051382e+00 1.187590185123005062e+08 1.181007553963845819e+08
1.310473872375283122e+00 1.958478060246904790e+08 1.165355060517765731e+08
1.315461401937479291e+00 2.673488184762249291e+08 1.162164502914961427e+08
1.320448931506561285e+00 3.317580630951462388e+08 1.172532692305984050e+08
1.325436461082451389e+00 3.877121031095223427e+08 1.195513472203105241e+08
1.330423990665072775e+00 4.340213554299181104e+08 1.228244022927292585e+08
1.335411520254350393e+00 4.696998458114830256e+08 1.266483669603453726e+08
1.340399049850209634e+00 4.939906299835863709e+08 1.305317751183447391e+08
1.345386579452577447e+00 5.063861800957327485e+08 1.339797188061409295e+08
1.350374109061381667e+00 5.066431467418611646e+08 1.365409313162145317e+08
1.355361638676551461e+00 4.947910352375497222e+08 1.378383387118120492e+08
1.360349168298016442e+00 4.711344781190886497e+08 1.375879877361305058e+08
1.365336697925707776e+00 4.362489403865644932e+08 1.356114912556897402e+08
1.370324227559557517e+00 3.909698563621946573e+08 1.318459372623182982e+08
1.375311757199498608e+00 3.363753627864920497e+08 1.263542022535147518e+08
1.380299286845465101e+00 2.737629579815033674e+08 1.193382309184417427e+08
1.385286816497391715e+00 2.046205767921302915e+08 1.111577726274446696e+08
1.390274346155214724e+00 1.305927215977374762e+08 1.023559115021439046e+08
1.395261875818870623e+00 5.344242626674239337e+07 9.368633840774741769e+07
1.400249405488297016e+00 -2.499005098962442204e+07 8.611622942110872269e+07
1.405236935163432621e+00 -1.028308124726955593e+08 8.073485721780255437e+07
1.410224464844216596e+00 -1.782171168712314069e+08 7.847410612379357219e+07
1.415211994530589656e+00 -2.493422735109164119e+08 7.968832813020521402e+07
1.420199524222492293e+00 -3.144995046951115131e+08 8.392762495979939401e+07
1.425187053919866997e+00 -3.721236585460810661e+08 9.015634961995361745e+07
1.430174583622656481e+00 -4.208296968216378093e+08 9.717679021548186243e+07
1.435162113330804123e+00 -4.594469543788491488e+08 1.039149218623254895e+08
1.440149643044254413e+00 -4.870482661171346307e+08 1.095133706115947962e+08
1.445137172762952060e+00 -5.029731830533600450e+08 1.133273808537758887e+08
1.450124702486843331e+00 -5.068446461011667848e+08 1.148964541488788426e+08
1.455112232215874490e+00 -4.985786533791903853e+08 1.139184452477654368e+08
1.460099761949993358e+00 -4.783866362004931569e+08 1.102307276071023792e+08
1.465087291689147531e+00 -4.467704503681319356e+08 1.037965561717592031e+08
1.470074821433285939e+00 -4.045100812159659863e+08 9.469397525166672468e+07
1.475062351182357734e+00 -3.526443565405722260e+08 8.310525703636655211e+07
1.480049880936313622e+00 -2.924451429878435731e+08 6.930561423990483582e+07
1.485037410695103866e+00 -2.253856826942572594e+08 5.365052446569703519e+07
1.490024940458680058e+00 -1.531038708086564541e+08 3.656143625315430760e+07
1.495012470226994683e+00 -7.736144151214794815e+07 1.850997163764842227e+07
