# r [arcsec]	I [Jy/sr]	I_uncer [Jy/sr]
3.817853577942286435e-04 6.268926496380503845e+10 4.163875473167323589e+09
8.763567027319327674e-04 6.267301127681522369e+10 4.159195106289307594e+09
1.373848758764146562e-03 6.264377713758293915e+10 4.154900674784850121e+09
1.872000728009374105e-03 6.260156888436288452e+10 4.149599377025158882e+09
2.370403017919162775e-03 6.254640424986567688e+10 4.142999009680097580e+09
2.868926438607016099e-03 6.247830725625676727e+10 4.135010772425421238e+09
3.367517554121116606e-03 6.239730772243060303e+10 4.125602796684452057e+09
3.866150302165524862e-03 6.230344115774820709e+10 4.114764736700782776e+09
4.364810467787801768e-03 6.219674871812102509e+10 4.102496391713508606e+09
4.863489642318288321e-03 6.207727717468802643e+10 4.088803267856710434e+09
5.362182534931311979e-03 6.194507888416728210e+10 4.073694585593855381e+09
5.860885650759287309e-03 6.180021175773029327e+10 4.057182284013980389e+09
6.359596588733900518e-03 6.164273922745065308e+10 4.039280478769708633e+09
6.858313644859314814e-03 6.147273020991900635e+10 4.020005144713213444e+09
7.357035576433633081e-03 6.129025906690653992e+10 3.999373917447831154e+09
7.855761455883611410e-03 6.109540556301041412e+10 3.977405961201982975e+09
8.354490576851973313e-03 6.088825482030584717e+10 3.954121875284765720e+09
8.853222391973846611e-03 6.066889726996567535e+10 3.929543623773950100e+09
9.351956470533655252e-03 6.043742860091714478e+10 3.903694479607227802e+09
9.850692468967806731e-03 6.019394970552361298e+10 3.876598977819067955e+09
1.034943010988605312e-02 5.993856662235523987e+10 3.848282874726411819e+09
1.084816916687353708e-02 5.967139047604871368e+10 3.818773111059538841e+09
1.134690945329698206e-02 5.939253741432666016e+10 3.788097777782223701e+09
1.184565081393615729e-02 5.910212854218508148e+10 3.756286083792556286e+09
1.234439311864233592e-02 5.880028985331417847e+10 3.723368324998428345e+09
1.284313625747323696e-02 5.848715215877452087e+10 3.689375854444121361e+09
1.334188013691842492e-02 5.816285101299205017e+10 3.654341053299322605e+09
1.384062467694026355e-02 5.782752663710018158e+10 3.618297302602673531e+09
1.433936980863204785e-02 5.748132383969445801e+10 3.581278955716992378e+09
1.483811547234816473e-02 5.712439193503021240e+10 3.543321311489040375e+09
1.533686161619890985e-02 5.675688465873666382e+10 3.504460588143352032e+09
1.583560819482959792e-02 5.637896008107425690e+10 3.464733897954210758e+09
1.633435516842324242e-02 5.599078051782030487e+10 3.424179222761047840e+09
1.683310250188047377e-02 5.559251243880282593e+10 3.382835390398468018e+09
1.733185016414096405e-02 5.518432637418145752e+10 3.340742052123451710e+09
1.783059812761873808e-02 5.476639681848828125e+10 3.297939661124041557e+09
1.832934636772959314e-02 5.433890213253263855e+10 3.254469452200004101e+09
1.882809486249364950e-02 5.390202444320085144e+10 3.210373422700851917e+09
1.932684359219939696e-02 5.345594954122520447e+10 3.165694314812935829e+09
1.982559253911843344e-02 5.300086677698844147e+10 3.120475599275001526e+09
2.032434168726222901e-02 5.253696895442479706e+10 3.074761460603189468e+09
2.082309102217375085e-02 5.206445222308332825e+10 3.028596783892349720e+09
2.132184053074845376e-02 5.158351596843256378e+10 2.982027143254140854e+09
2.182059020107969191e-02 5.109436270044953156e+10 2.935098791931683064e+09
2.231934002232490236e-02 5.059719794060132599e+10 2.887858654118267059e+09
2.281808998458938198e-02 5.009223010725225830e+10 2.840354318477789402e+09
2.331684007882488252e-02 4.957967039959555817e+10 2.792634033339416027e+09
2.381559029674101477e-02 4.905973268016647339e+10 2.744746703500154972e+09
2.431434063072751561e-02 4.853263335602246857e+10 2.696741888528048515e+09
2.481309107378594850e-02 4.799859125865692139e+10 2.648669802402006626e+09
2.531184161946937669e-02 4.745782752272025299e+10 2.600581314263393402e+09
2.581059226182911420e-02 4.691056546364213562e+10 2.552527949978668213e+09
2.630934299536754131e-02 4.635703045420503235e+10 2.504561894119163036e+09
2.680809381499606875e-02 4.579744980016629028e+10 2.456735991861968517e+09
2.730684471599785501e-02 4.523205261500611115e+10 2.409103750190140724e+09
2.780559569399445111e-02 4.466106969386889648e+10 2.361719337625080585e+09
2.830434674491599453e-02 4.408473338678664398e+10 2.314637581562195778e+09
2.880309786497447372e-02 4.350327747126334381e+10 2.267913962087550640e+09
2.930184905063976455e-02 4.291693702429811859e+10 2.221604600943715096e+09
2.980060029861805390e-02 4.232594829392728424e+10 2.175766244073599815e+09
3.029935160583238293e-02 4.173054857036940002e+10 2.130456235910004139e+09
3.079810296940508133e-02 4.113097605685482025e+10 2.085732483297694921e+09
3.129685438664191882e-02 4.052746974021159363e+10 2.041653406635898113e+09
3.179560585501768621e-02 3.992026926130765533e+10 1.998277875525957823e+09
3.229435737216315716e-02 3.930961478540747070e+10 1.955665125903346777e+09
3.279310893585324349e-02 3.869574687255152893e+10 1.913874655355890274e+09
3.329186054399617400e-02 3.807890634800894928e+10 1.872966093085287094e+09
3.379061219462368981e-02 3.745933417291915894e+10 1.832999040800735712e+09
3.428936388588198908e-02 3.683727131517147827e+10 1.794032880761452675e+09
3.478811561602362934e-02 3.621295862063324738e+10 1.756126547260109186e+09
3.528686738339993634e-02 3.558663668477659607e+10 1.719338258098357916e+09
3.578561918645412759e-02 3.495854572481811523e+10 1.683725203106120586e+09
3.628437102371503964e-02 3.432892545241927719e+10 1.649343187536626101e+09
3.678312289379126465e-02 3.369801494706042099e+10 1.616246229287884235e+09
3.728187479536589077e-02 3.306605253012556076e+10 1.584486110374511957e+09
3.778062672719147835e-02 3.243327563983342361e+10 1.554111884940655231e+09
3.827937868808566069e-02 3.179992070702816010e+10 1.525169348319380999e+09
3.877813067692685578e-02 3.116622303196727753e+10 1.497700474195811987e+09
3.927688269265047077e-02 3.053241666214167023e+10 1.471742829686108112e+09
3.977563473424528678e-02 2.989873427122747803e+10 1.447328980989138842e+09
4.027438680075019067e-02 2.926540703923188782e+10 1.424485904987649441e+09
4.077313889125108032e-02 2.863266453391599274e+10 1.403234424548314333e+09
4.127189100487805434e-02 2.800073459357020187e+10 1.383588687029411316e+09
4.177064314080274066e-02 2.736984321119975281e+10 1.365555706395189047e+09
4.226939529823586783e-02 2.674021442021587753e+10 1.349134989135053158e+09
4.276814747642498221e-02 2.611207018167999649e+10 1.334318262729711056e+09
4.326689967465233155e-02 2.548563027318899536e+10 1.321089322650498390e+09
4.376565189223285968e-02 2.486111217945894623e+10 1.309424009884534359e+09
4.426440412851241624e-02 2.423873098467873001e+10 1.299290325955840826e+09
4.476315638286595261e-02 2.361869926670368958e+10 1.290648686689573288e+09
4.526190865469603003e-02 2.300122699314393616e+10 1.283452309957731724e+09
4.576066094343120283e-02 2.238652141941941071e+10 1.277647726826257229e+09
4.625941324852471392e-02 2.177478698884470749e+10 1.273175400337198257e+09
4.675816556945310010e-02 2.116622523480028152e+10 1.269970432010407448e+09
4.725691790571501932e-02 2.056103468504272461e+10 1.267963333300812483e+09
4.775567025683005729e-02 1.995941076823287201e+10 1.267080837856097460e+09
4.825442262233765184e-02 1.936154572271509552e+10 1.267246730458179712e+09
4.875317500179610769e-02 1.876762850761439896e+10 1.268382669888914108e+09
4.925192739478162496e-02 1.817784471630430984e+10 1.270408985371712208e+09
4.975067980088736241e-02 1.759237649229110336e+10 1.273245429428786039e+09
5.024943221972267421e-02 1.701140244757156754e+10 1.276811873618206739e+09
5.074818465091224251e-02 1.643509758350644302e+10 1.281028937390173674e+09
5.124693709409536974e-02 1.586363321425329399e+10 1.285818543946512461e+09
5.174568954892525691e-02 1.529717689281721878e+10 1.291104400322235584e+09
5.224444201506837221e-02 1.473589233974283409e+10 1.296812401770966768e+09
5.274319449220376405e-02 1.417993937449967384e+10 1.302870962883297205e+09
5.324194698002251286e-02 1.362947384959872055e+10 1.309211279653224945e+09
5.374069947822721072e-02 1.308464758747662735e+10 1.315767527977163553e+09
5.423945198653130906e-02 1.254560832017387390e+10 1.322477004857698679e+09
5.473820450465879256e-02 1.201249963185656166e+10 1.329280218980507612e+09
5.523695703234354076e-02 1.148546090419414330e+10 1.336120937387319088e+09
5.573570956932899501e-02 1.096462726463531303e+10 1.342946194787388802e+09
5.623446211536771433e-02 1.045012953760160065e+10 1.349706271675177574e+09
5.673321467022091058e-02 9.942094198627241135e+09 1.356354646939991713e+09
5.723196723365815697e-02 9.440643331461410522e+09 1.362847930090145350e+09
5.773071980545696480e-02 8.945894588163560867e+09 1.369145777636360884e+09
5.822947238540247816e-02 8.457961152198422432e+09 1.375210797587719917e+09
5.872822497328716862e-02 7.976951704555332184e+09 1.381008445459776878e+09
5.922697756891044663e-02 7.502970392901212692e+09 1.386506914665923119e+09
5.972573017207845336e-02 7.036116803780997276e+09 1.391677023692214727e+09
6.022448278260374155e-02 6.576485937871973038e+09 1.396492102023048401e+09
6.072323540030504646e-02 6.124168188305198669e+09 1.400927876418052912e+09
6.122198802500695980e-02 5.679249322051506996e+09 1.404962358807222128e+09
6.172074065653979785e-02 5.241810464381084442e+09 1.408575736802171946e+09
6.221949329473926843e-02 4.811928086394324303e+09 1.411750267576214552e+09
6.271824593944635984e-02 4.389673995620985985e+09 1.414470175680399179e+09
6.321699859050702863e-02 3.975115329692018032e+09 1.416721555189261198e+09
6.371575124777206778e-02 3.568314553062325001e+09 1.418492276447031975e+09
6.421450391109692624e-02 3.169329456796669483e+09 1.419771897569515228e+09
6.471325658034147998e-02 2.778213161388082504e+09 1.420551580779590607e+09
6.521200925536993487e-02 2.395014122614111900e+09 1.420824013578652620e+09
6.571076193605054905e-02 2.019776140399322033e+09 1.420583334714125633e+09
6.620951462225563300e-02 1.652538370685169697e+09 1.419825064855115652e+09
6.670826731386124420e-02 1.293335340270104170e+09 1.418546041867671490e+09
6.720702001074717324e-02 9.421969646130732298e+08 1.416744360555052280e+09
6.770577271279670795e-02 5.991485685686011314e+08 1.414419316719864607e+09
6.820452541989659168e-02 2.642109100325506926e+08 1.411571355393625498e+09
6.870327813193682909e-02 -6.259979353207314014e+07 1.408202023078583717e+09
6.920203084881058897e-02 -3.812718357163740396e+08 1.404313923844110250e+09
6.970078357041413486e-02 -6.917979889662542343e+08 1.399910679124267578e+09
7.019953629664664463e-02 -9.941754695980628729e+08 1.394996891064782381e+09
7.069828902741015497e-02 -1.288405900059437275e+09 1.389578109275936365e+09
7.119704176260943651e-02 -1.574495268480458736e+09 1.383660800850013733e+09
7.169579450215192440e-02 -1.852453885548756838e+09 1.377252323512517691e+09
7.219454724594762118e-02 -2.122296338749199867e+09 1.370360901777899742e+09
7.269329999390894415e-02 -2.384041444020010471e+09 1.362995605991858244e+09
7.319205274595076693e-02 -2.637712194857713699e+09 1.355166334142929554e+09
7.369080550199023916e-02 -2.883335708928633213e+09 1.346883796333412647e+09
7.418955826194671699e-02 -3.120943172228599072e+09 1.338159501803311110e+09
7.468831102574174929e-02 -3.350569780845814705e+09 1.329005748402368546e+09
7.518706379329892497e-02 -3.572254680375264645e+09 1.319435614405771732e+09
7.568581656454390072e-02 -3.786040903039896965e+09 1.309462952570785046e+09
7.618456933940424836e-02 -3.991975302575128078e+09 1.299102386323807001e+09
7.668332211780938545e-02 -4.190108486928956985e+09 1.288369307967910051e+09
7.718207489969061696e-02 -4.380494748843583107e+09 1.277279878786114454e+09
7.768082768498101032e-02 -4.563191994367020607e+09 1.265851030909461737e+09
7.817958047361525664e-02 -4.738261669370448112e+09 1.254100470800906897e+09
7.867833326552983730e-02 -4.905768684116790771e+09 1.242046684186806440e+09
7.917708606066273247e-02 -5.065781335961657524e+09 1.229708942244289160e+09
7.967583885895349050e-02 -5.218371230234724998e+09 1.217107308822951794e+09
8.017459166034320017e-02 -5.363613199385476112e+09 1.204262648442300081e+09
8.067334446477437970e-02 -5.501585220440755844e+09 1.191196634765707731e+09
8.117209727219094895e-02 -5.632368330863010406e+09 1.177931759199013472e+09
8.167085008253824330e-02 -5.756046542862172127e+09 1.164491339205613613e+09
8.216960289576287491e-02 -5.872706756239967346e+09 1.150899525860214233e+09
8.266835571181276043e-02 -5.982438669838280678e+09 1.137181310087908506e+09
8.316710853063710718e-02 -6.085334691659485817e+09 1.123362526947744608e+09
8.366586135218623266e-02 -6.181489847733870506e+09 1.109469857221637964e+09
8.416461417641177278e-02 -6.271001689811671257e+09 1.095530825465869427e+09
8.466336700326639042e-02 -6.353970201943462372e+09 1.081573793561965942e+09
8.516211983270388641e-02 -6.430497706042256355e+09 1.067627948687940240e+09
8.566087266467917183e-02 -6.500688766478684425e+09 1.053723284493629456e+09
8.615962549914812918e-02 -6.564650093810369492e+09 1.039890574147531867e+09
8.665837833606775120e-02 -6.622490447702223778e+09 1.026161333784825444e+09
8.715713117539596044e-02 -6.674320539126255035e+09 1.012567774785314202e+09
8.765588401709159538e-02 -6.720252931915742874e+09 9.991427432057453394e+08
8.815463686111453534e-02 -6.760401943746222496e+09 9.859196446349323988e+08
8.865338970742549229e-02 -6.794883546626492500e+09 9.729323527121183872e+08
8.915214255598602477e-02 -6.823815266980345726e+09 9.602150995946035385e+08
8.965089540675859336e-02 -6.847316085385830879e+09 9.478023467578963041e+08
9.014964825970653295e-02 -6.865506336058240891e+09 9.357286347267082930e+08
9.064840111479390006e-02 -6.878507606157719612e+09 9.240284106274750233e+08
9.114715397198557001e-02 -6.886442634989797592e+09 9.127358328960709572e+08
9.164590683124720916e-02 -6.889435213181544304e+09 9.018845530193659067e+08
9.214465969254520550e-02 -6.887610081911782265e+09 8.915074749067556858e+08
9.264341255584664092e-02 -6.881092832270641327e+09 8.816364932968451977e+08
9.314216542111934671e-02 -6.870009804825070381e+09 8.723022135792833567e+08
9.364091828833184805e-02 -6.854487989463303566e+09 8.635336564225445986e+08
9.413967115745328074e-02 -6.834654925604601860e+09 8.553579517163108587e+08
9.463842402845347446e-02 -6.810638602833477020e+09 8.478000273756266832e+08
9.513717690130289728e-02 -6.782567362047107697e+09 8.408822995839534998e+08
9.563592977597260014e-02 -6.750569797182355881e+09 8.346243718431270123e+08
9.613468265243425848e-02 -6.714774657597666740e+09 8.290427508260645866e+08
9.663343553066011671e-02 -6.675310751178121567e+09 8.241505872481912374e+08
9.713218841062302988e-02 -6.632306848246624947e+09 8.199574499053088427e+08
9.763094129229632490e-02 -6.585891586333343506e+09 8.164691404290717840e+08
9.812969417565396701e-02 -6.536193375893294334e+09 8.136875553991825581e+08
9.862844706067037948e-02 -6.483340307023321152e+09 8.116106010145643950e+08
9.912719994732054063e-02 -6.427460057258332253e+09 8.102321638797986507e+08
9.962595283557990067e-02 -6.368679800503904343e+09 8.095421394459730387e+08
1.001247057254244094e-01 -6.307126117181124687e+09 8.095265176498850584e+08
1.006234586168305301e-01 -6.242924905632787704e+09 8.101675231755642891e+08
1.011222115097751006e-01 -6.176201294870848656e+09 8.114438059493694305e+08
1.016209644042355004e-01 -6.107079558711851120e+09 8.133306757798126936e+08
1.021197173001895525e-01 -6.035683031370352745e+09 8.158003738861109018e+08
1.026184701976153857e-01 -5.962134024560590744e+09 8.188223731436052322e+08
1.031172230964917530e-01 -5.886553746176523209e+09 8.223636985820206404e+08
1.036159759967976435e-01 -5.809062220584481239e+09 8.263892596159311533e+08
1.041147288985125041e-01 -5.729778210611789703e+09 8.308621860151178837e+08
1.046134818016162260e-01 -5.648819141251166344e+09 8.357441602415839434e+08
1.051122347060890333e-01 -5.566301025163330078e+09 8.409957398560225964e+08
1.056109876119114832e-01 -5.482338390000233650e+09 8.465766646733827591e+08
1.061097405190646048e-01 -5.397044207619336128e+09 8.524461446286936998e+08
1.066084934275296492e-01 -5.310529825212478638e+09 8.585631253295301199e+08
1.071072463372883810e-01 -5.222904898419117928e+09 8.648865294771723747e+08
1.076059992483227451e-01 -5.134277326436789513e+09 8.713754731625142097e+08
1.081047521606150891e-01 -5.044753189200332642e+09 8.779894570111770630e+08
1.086035050741481073e-01 -4.954436686640166283e+09 8.846885326793322563e+08
1.091022579889047994e-01 -4.863430080079379082e+09 8.914334458818341494e+08
1.096010109048684150e-01 -4.771833635786035538e+09 8.981857573624765873e+08
1.100997638220225922e-01 -4.679745570733595848e+09 9.049079436388679743e+08
1.105985167403511771e-01 -4.587262000575152397e+09 9.115634793326288462e+08
1.110972696598383908e-01 -4.494476889890494347e+09 9.181169031338937283e+08
1.115960225804686762e-01 -4.401482004702451706e+09 9.245338692504053116e+08
1.120947755022267678e-01 -4.308366867318869591e+09 9.307811863154001236e+08
1.125935284250977608e-01 -4.215218713489065170e+09 9.368268454238780737e+08
1.130922813490668338e-01 -4.122122451936081886e+09 9.426400390401726961e+08
1.135910342741195678e-01 -4.029160626239127636e+09 9.481911721570659876e+08
1.140897872002417102e-01 -3.936413379129727840e+09 9.534518671558853388e+08
1.145885401274193555e-01 -3.843958419171162605e+09 9.583949634320962429e+08
1.150872930556387369e-01 -3.751870989877724648e+09 9.629945129393378496e+08
1.155860459848864208e-01 -3.660223841244085312e+09 9.672257724192491770e+08
1.160847989151490428e-01 -3.569087203732638359e+09 9.710651932074050903e+08
1.165835518464137244e-01 -3.478528764686027050e+09 9.744904091228417158e+08
1.170823047786675453e-01 -3.388613647213717461e+09 9.774802231177518368e+08
1.175810577118979877e-01 -3.299404391505253792e+09 9.800145929812471867e+08
1.180798106460926172e-01 -3.210960938627159595e+09 9.820746166073093414e+08
1.185785635812393324e-01 -3.123340616742139339e+09 9.836425169538370371e+08
1.190773165173261150e-01 -3.036598129808544159e+09 9.847016270794074535e+08
1.195760694543412384e-01 -2.950785548695424080e+09 9.852363752575677633e+08
1.200748223922731006e-01 -2.865952304763039589e+09 9.852322704681129456e+08
1.205735753311103498e-01 -2.782145185840598106e+09 9.846758881697052717e+08
1.210723282708418003e-01 -2.699408334657988548e+09 9.835548565981547832e+08
1.215710812114564193e-01 -2.617783249636615276e+09 9.818578434190511703e+08
1.220698341529434239e-01 -2.537308788118080139e+09 9.795745429524108171e+08
1.225685870952921419e-01 -2.458021171913585663e+09 9.766956637368673086e+08
1.230673400384920679e-01 -2.379953995256462097e+09 9.732129166430007219e+08
1.235660929825329463e-01 -2.303138235035482883e+09 9.691190032558199167e+08
1.240648459274045767e-01 -2.227602263389195442e+09 9.644076047399309874e+08
1.245635988730970228e-01 -2.153371862531507015e+09 9.590733708695012331e+08
1.250623518196004869e-01 -2.080470241890913963e+09 9.531119094503959417e+08
1.255611047669052682e-01 -2.008918057421272278e+09 9.465197757828533649e+08
1.260598577150018329e-01 -1.938733433175167799e+09 9.392944624170513153e+08
1.265586106638808828e-01 -1.869931984980838537e+09 9.314343888136497736e+08
1.270573636135331197e-01 -1.802526846323181391e+09 9.229388911983187199e+08
1.275561165639495509e-01 -1.736528696253372192e+09 9.138082121836163998e+08
1.280548695151212391e-01 -1.671945789439852953e+09 9.040434904910712242e+08
1.285536224670393302e-01 -1.608783988162253618e+09 8.936467503043116331e+08
1.290523754196952477e-01 -1.547046796382254601e+09 8.826208906401636600e+08
1.295511283730804153e-01 -1.486735395665124893e+09 8.709696742185212374e+08
1.300498813271864784e-01 -1.427848683102022171e+09 8.586977162809466124e+08
1.305486342820051382e-01 -1.370383310990255833e+09 8.458104727816728354e+08
1.310473872375283177e-01 -1.314333728435232639e+09 8.323142284757874012e+08
1.315461401937479402e-01 -1.259692224602402449e+09 8.182160842571886778e+08
1.320448931506560952e-01 -1.206448973815975666e+09 8.035239443631124496e+08
1.325436461082451223e-01 -1.154592082188957214e+09 7.882465027102233171e+08
1.330423990665072775e-01 -1.104107636022000551e+09 7.723932290890982151e+08
1.335411520254350393e-01 -1.054979751610243320e+09 7.559743543765233755e+08
1.340399049850209690e-01 -1.007190626736579061e+09 7.390008556249792576e+08
1.345386579452577391e-01 -9.607205934420454502e+08 7.214844400571823120e+08
1.350374109061381611e-01 -9.155481724015796185e+08 7.034375289913372993e+08
1.355361638676551295e-01 -8.716501284339818954e+08 6.848732405577875376e+08
1.360349168298016498e-01 -8.290015275449260473e+08 6.658053724444187880e+08
1.365336697925707832e-01 -7.875757949404268265e+08 6.462483833157399893e+08
1.370324227559557295e-01 -7.473447745144519806e+08 6.262173744194953442e+08
1.375311757199498552e-01 -7.082787891254639626e+08 6.057280697471146584e+08
1.380299286845465268e-01 -6.703467023006283045e+08 5.847967966246590614e+08
1.385286816497391937e-01 -6.335159805251287222e+08 5.634404647410060167e+08
1.390274346155215002e-01 -5.977527569327729940e+08 5.416765459824551344e+08
1.395261875818870623e-01 -5.630218953473606110e+08 5.195230526063825488e+08
1.400249405488296905e-01 -5.292870557338099480e+08 4.969985168220643997e+08
1.405236935163432510e-01 -4.965107597173035741e+08 4.741219686830143332e+08
1.410224464844216652e-01 -4.646544575730872750e+08 4.509129163968533874e+08
1.415211994530589656e-01 -4.336785949324836731e+08 4.273913251399843693e+08
1.420199524222492404e-01 -4.035426811075536013e+08 4.035776001276332736e+08
1.425187053919866886e-01 -3.742053566635534763e+08 3.794925690330921412e+08
1.430174583622656481e-01 -3.456244629020786881e+08 3.551574723745083809e+08
1.435162113330804012e-01 -3.177571099330103993e+08 3.305939560680824518e+08
1.440149643044254246e-01 -2.905597472055112720e+08 3.058240805229791403e+08
1.445137172762951949e-01 -2.639882316057450175e+08 2.808703412018105984e+08
1.450124702486843276e-01 -2.379978990669705570e+08 2.557557292107816637e+08
1.455112232215874657e-01 -2.125436319906550348e+08 2.305038371795746982e+08
1.460099761949993080e-01 -1.875799323100445867e+08 2.051390855738818347e+08
1.465087291689147475e-01 -1.630609869198291898e+08 1.796871430401754677e+08
1.470074821433285939e-01 -1.389407435749213099e+08 1.541758394046460986e+08
1.475062351182357678e-01 -1.151729709987694472e+08 1.286371635588979423e+08
1.480049880936313567e-01 -9.171134280144378543e+07 1.031124184091423452e+08
1.485037410695103921e-01 -6.850947875478829443e+07 7.766745460750432312e+07
1.490024940458680169e-01 -4.552106443494077772e+07 5.245193849092648923e+07
1.495012470226994572e-01 -2.269968283903209865e+07 2.806401687174874917e+07
