# r [arcsec]	I [Jy/sr]	I_uncer [Jy/sr]
1.272617859314095550e-03 2.109808144710738831e+11 4.195838186411014557e+09
2.921189009106442414e-03 2.108653803506924133e+11 4.185504058349284172e+09
4.579495862547155495e-03 2.106579429262653809e+11 4.166987041884791374e+09
6.240002426697914550e-03 2.103588622001473389e+11 4.140343700794206619e+09
7.901343393063876494e-03 2.099687175869975281e+11 4.105674846217819691e+09
9.563088128690054243e-03 2.094882699692176819e+11 4.063114409390349865e+09
1.122505851373705593e-02 2.089184560210769653e+11 4.012827522929609299e+09
1.288716767388508287e-02 2.082603847822637939e+11 3.955009604895769119e+09
1.454936822595933807e-02 2.075153341871102905e+11 3.889885566601926327e+09
1.621163214106096165e-02 2.066847472074205017e+11 3.817709004982886791e+09
1.787394178310437384e-02 2.057702275436166687e+11 3.738761357789200306e+09
1.953628550253095827e-02 2.047735348567402039e+11 3.653351028946577549e+09
2.119865529577967186e-02 2.036965795501918945e+11 3.561812503196935177e+09
2.286104548286438387e-02 2.025414171160624390e+11 3.464505476909637928e+09
2.452345192144544592e-02 2.013102420640943604e+11 3.361814039328178406e+09
2.618587151961204035e-02 2.000053814532200623e+11 3.254145946916040897e+09
2.784830192283991451e-02 1.986292880473831482e+11 3.141932043934845924e+09
2.951074130657948408e-02 1.971845331184818420e+11 3.025625895776912689e+09
3.117318823511218417e-02 1.956737989207445679e+11 2.905703719138605118e+09
3.283564156322602012e-02 1.940998708617419434e+11 2.782664716229117393e+09
3.449810036628684490e-02 1.924656293963969421e+11 2.657031950834179878e+09
3.616056388957845924e-02 1.907740416710974731e+11 2.529353944535055637e+09
3.782303151098994481e-02 1.890281529459956665e+11 2.400207224644391060e+09
3.948550271312052662e-02 1.872310778240508423e+11 2.270200124534909725e+09
4.114797706214112089e-02 1.853859913161829529e+11 2.139978224433438778e+09
4.281045419157746001e-02 1.834961197721955872e+11 2.010231926014864683e+09
4.447293378972808769e-02 1.815647317076422424e+11 1.881706768784500360e+09
4.613541558980088775e-02 1.795951285569896545e+11 1.755217192800828218e+09
4.779789936210682849e-02 1.775906353836360474e+11 1.631664461670179367e+09
4.946038490782722619e-02 1.755545915773807678e+11 1.512059227652414322e+09
5.112287205399637657e-02 1.734903415698869629e+11 1.397548431965353251e+09
5.278536064943199074e-02 1.714012255984893799e+11 1.289444301975537777e+09
5.444785056141081270e-02 1.692905705485000305e+11 1.189249189493980408e+09
5.611034167293492414e-02 1.671616809036526184e+11 1.098662769958345413e+09
5.777283388046990098e-02 1.650178298340258179e+11 1.019547490600668907e+09
5.943532709206246489e-02 1.628622504500090332e+11 9.538178746745271683e+08
6.109782122576532665e-02 1.606981272503347778e+11 9.032217206580773592e+08
6.276031620831216962e-02 1.585285877913723145e+11 8.690167672406814098e+08
6.442281197399798987e-02 1.563566946039399109e+11 8.516224412921216488e+08
6.608530846372812073e-02 1.541854373830675964e+11 8.503986621644369364e+08
6.774780562420743002e-02 1.520177254749314880e+11 8.636844934981310368e+08
6.941030340724584080e-02 1.498563806841698608e+11 8.890943797178071737e+08
7.107280176916151715e-02 1.477041304235311279e+11 9.239295489445928335e+08
7.273530067026563739e-02 1.455636012264540710e+11 9.655389833250201941e+08
7.439780007441634813e-02 1.434373126420219116e+11 1.011544975680140138e+09
7.606029994863128252e-02 1.413276715300172119e+11 1.059936541379231334e+09
7.772280026274960840e-02 1.392369667726586609e+11 1.109074675418337584e+09
7.938530098913672284e-02 1.371673644177800446e+11 1.157653755444805384e+09
8.104780210242505667e-02 1.351209032668582306e+11 1.204648609167971849e+09
8.271030357928650656e-02 1.330994909195581360e+11 1.249262553760762691e+09
8.437280539823126257e-02 1.311049002848262787e+11 1.290882547612830639e+09
8.603530753943039455e-02 1.291387665669934692e+11 1.329042828462102890e+09
8.769780998455847798e-02 1.272025847334543762e+11 1.363396357929976225e+09
8.936031271665356712e-02 1.252977074689899902e+11 1.393692732730861187e+09
9.102281571999285004e-02 1.234253436199232178e+11 1.419761182840596914e+09
9.268531897998151525e-02 1.215865571296252899e+11 1.441497464875853300e+09
9.434782248305331742e-02 1.197822664651853790e+11 1.458853698107526064e+09
9.601032621658157906e-02 1.180132445333040161e+11 1.471830411335901260e+09
9.767283016879922675e-02 1.162801190817978210e+11 1.480470250295052767e+09
9.933533432872686253e-02 1.145833735814143066e+11 1.484852936322007656e+09
1.009978386861079547e-01 1.129233485810133820e+11 1.485091173516548872e+09
1.026603432313502873e-01 1.113002435275702362e+11 1.481327280733519554e+09
1.043228479554730720e-01 1.097141190408259125e+11 1.473730382928325176e+09
1.059853528500589448e-01 1.081648996309878693e+11 1.462494038820500135e+09
1.076478579072105424e-01 1.066523768462541351e+11 1.447834212449343681e+09
1.093103631195108394e-01 1.051762128356925354e+11 1.429987517799114943e+09
1.109728684799872744e-01 1.037359443114403992e+11 1.409209680206734180e+09
1.126353739820789568e-01 1.023309868931089020e+11 1.385774167013589621e+09
1.142978796196066349e-01 1.009606398158401794e+11 1.359970943615527868e+09
1.159603853867454265e-01 9.962409098249397278e+10 1.332105310019927502e+09
1.176228912779997832e-01 9.832042233921627808e+10 1.302496767272582531e+09
1.192853972881804531e-01 9.704861555275756836e+10 1.271477852532853127e+09
1.209479034123834701e-01 9.580755796693345642e+10 1.239392865981560469e+09
1.226104096459709192e-01 9.459604881484034729e+10 1.206596392308808327e+09
1.242729159845529646e-01 9.341280566263024902e+10 1.173451495009018898e+09
1.259354224239715991e-01 9.225647106015499878e+10 1.140327435164591789e+09
1.275979289602855449e-01 9.112561937303839111e+10 1.107596741798888922e+09
1.292604355897561952e-01 9.001876377049455261e+10 1.075631445031624079e+09
1.309229423088349165e-01 8.893436334268708801e+10 1.044798286232549906e+09
1.325854491141509606e-01 8.787083032127462769e+10 1.015452754434206963e+09
1.342479560025006402e-01 8.682653737654943848e+10 9.879318800631872416e+08
1.359104629708369483e-01 8.579982496458287048e+10 9.625458575115474463e+08
1.375729700162601765e-01 8.478900869778372192e+10 9.395687694726442099e+08
1.392354771360091448e-01 8.379238671238166809e+10 9.192289325042648315e+08
1.408979843274529020e-01 8.280824700664778137e+10 9.016996344651179314e+08
1.425604915880832879e-01 8.183487472391015625e+10 8.870912260046488047e+08
1.442229989155077718e-01 8.087055935486642456e+10 8.754455856994040012e+08
1.458855063074428748e-01 7.991360183419491577e+10 8.667338435653800964e+08
1.475480137617080634e-01 7.896232150704650879e+10 8.608579093223452568e+08
1.492105212762198374e-01 7.801506294168020630e+10 8.576558638798279762e+08
1.508730288489867621e-01 7.707020256524026489e+10 8.569107452720073462e+08
1.525355364781040279e-01 7.612615510051499939e+10 8.583618230981719494e+08
1.541980441617490649e-01 7.518137978246096802e+10 8.617172086078197956e+08
1.558605518981770188e-01 7.423438633418026733e+10 8.666666272399424314e+08
1.575230596857167542e-01 7.328374068310871887e+10 8.728933547237020731e+08
1.591855675227668576e-01 7.232807039936552429e+10 8.800846100041986704e+08
1.608480754077921959e-01 7.136606983920475769e+10 8.879400215612341166e+08
1.625105833393203636e-01 7.039650497789169312e+10 8.961780697457443476e+08
1.641730913159387406e-01 6.941821791749998474e+10 9.045406191183187962e+08
1.658355993362912173e-01 6.843013105644316864e+10 9.127957830389993191e+08
1.674981073990755853e-01 6.743125090894261932e+10 9.207394189937043190e+08
1.691606155030408176e-01 6.642067156394277191e+10 9.281955570076794624e+08
1.708231236469845982e-01 6.539757777444444275e+10 9.350160353258110285e+08
1.724856318297508795e-01 6.436124766964286804e+10 9.410795739117532969e+08
1.741481400502279120e-01 6.331105508366889191e+10 9.462904687732830048e+08
1.758106483073458848e-01 6.224647149620741272e+10 9.505770455522911549e+08
1.774731566000750660e-01 6.116706758174284363e+10 9.538899725765756369e+08
1.791356649274240265e-01 6.007251436560717010e+10 9.562005027215794325e+08
1.807981732884377246e-01 5.896258398644540405e+10 9.574986896850156784e+08
1.824606816821959798e-01 5.783715006623023987e+10 9.577916067341685295e+08
1.841231901078118072e-01 5.669618769027587128e+10 9.571015835376718044e+08
1.857856985644300296e-01 5.553977300119285583e+10 9.554644682711763382e+08
1.874482070512257237e-01 5.436808241204624939e+10 9.529279168720773458e+08
1.891107155674030538e-01 5.318139144535587311e+10 9.495497083787602186e+08
1.907732241121938566e-01 5.198007320586215973e+10 9.453960841573561430e+08
1.924357326848565586e-01 5.076459649626286316e+10 9.405401090850857496e+08
1.940982412846749550e-01 4.953552358634462738e+10 9.350600541120580435e+08
1.957607499109572380e-01 4.829350764710031891e+10 9.290378018344632387e+08
1.974232585630348313e-01 4.703928986254031372e+10 9.225572795885378122e+08
1.990857672402615297e-01 4.577369623298654175e+10 9.157029279360066652e+08
2.007482759420124996e-01 4.449763408460242462e+10 9.085582160594735146e+08
2.024107846676835298e-01 4.321208830088222504e+10 9.012042192884509563e+08
2.040732934166899215e-01 4.191811729268106079e+10 8.937182774720563889e+08
2.057358021884660160e-01 4.061684872415309143e+10 8.861727558820713758e+08
2.073983109824642512e-01 3.930947501271735382e+10 8.786339324507429600e+08
2.090608197981545235e-01 3.799724862179706573e+10 8.711610360874981880e+08
2.107233286350234380e-01 3.668147716569947052e+10 8.638054602961677313e+08
2.123858374925735870e-01 3.536351834643080139e+10 8.566101741287059784e+08
2.140483463703231337e-01 3.404477474275706482e+10 8.496093485993962288e+08
2.157108552678049240e-01 3.272668847206785202e+10 8.428282111203153133e+08
2.173733641845664311e-01 3.141073574594801712e+10 8.362831335820249319e+08
2.190358731201685061e-01 3.009842134046853638e+10 8.299819518052775860e+08
2.206983820741854618e-01 2.879127300238228989e+10 8.239245057798459530e+08
2.223608910462041566e-01 2.749083581236102676e+10 8.181033820013810396e+08
2.240234000358239386e-01 2.619866652642128372e+10 8.125048319156960249e+08
2.256859090426557024e-01 2.491632791648413086e+10 8.071098345006228685e+08
2.273484180663219723e-01 2.364538313087664413e+10 8.018952667444012165e+08
2.290109271064561247e-01 2.238739009520825958e+10 7.968351433987604380e+08
2.306734361627020280e-01 2.114389597378896713e+10 7.919018869048330784e+08
2.323359452347137921e-01 1.991643171122949600e+10 7.870675896309137344e+08
2.339984543221555469e-01 1.870650667345252228e+10 7.823052332121642828e+08
2.356609634247005536e-01 1.751560340668993378e+10 7.775898334564815760e+08
2.373234725420314828e-01 1.634517253248574066e+10 7.728994835518900156e+08
2.389859816738397480e-01 1.519662779597121239e+10 7.682162727935380936e+08
2.406484908198254224e-01 1.407134128397423172e+10 7.635270624099036455e+08
2.423109999796965175e-01 1.297063882868348312e+10 7.588241040794909000e+08
2.439735091531692601e-01 1.189579561176925468e+10 7.541054902495205402e+08
2.456360183399674824e-01 1.084803198292865181e+10 7.493754283771576881e+08
2.472985275398224547e-01 9.828509505906671524e+09 7.446443337717511654e+08
2.489610367524725254e-01 8.838327244042213440e+09 7.399287379671472311e+08
2.506235459776631203e-01 7.878518296388379097e+09 7.352510117076056004e+08
2.522860552151463542e-01 6.950046594389324188e+09 7.306389039218500853e+08
2.539485644646808371e-01 6.053803968046091080e+09 7.261249007461882830e+08
2.556110737260313126e-01 5.190607489394745827e+09 7.217454119695675373e+08
2.572735829989687417e-01 4.361197100002664566e+09 7.175397963838465214e+08
2.589360922832700251e-01 3.566233528089204311e+09 7.135492425197849274e+08
2.605986015787175591e-01 2.806296499715618610e+09 7.098155270761653185e+08
2.622611108850994577e-01 2.081883247369870901e+09 7.063796797940791845e+08
2.639236202022091082e-01 1.393407318141170502e+09 7.032805901879912615e+08
2.655861295298450053e-01 7.411976825198727846e+08 7.005535978391560316e+08
2.672486388678106950e-01 1.254981437741786391e+08 6.982291131686846018e+08
2.689111482159146083e-01 -4.535329532745779753e+08 6.963313189512467384e+08
2.705736575739698391e-01 -9.958227163586148024e+08 6.948770035806485415e+08
2.722361669417941443e-01 -1.501383406063886404e+09 6.938745746908571720e+08
2.738986763192096108e-01 -1.970311846716526985e+09 6.933232959365875721e+08
2.755611857060425440e-01 -2.402788553257591724e+09 6.932127806806343794e+08
2.772236951021236906e-01 -2.799076580453156948e+09 6.935227646116107702e+08
2.788862045072874607e-01 -3.159520101791077614e+09 6.942231658649846315e+08
2.805487139213725944e-01 -3.484542726278143406e+09 6.952744272664868832e+08
2.822112233442213292e-01 -3.774645562224631786e+09 6.966281221244142056e+08
2.838737327756796214e-01 -4.030405037947609901e+09 6.982277937550293207e+08
2.855362422155972579e-01 -4.252470490052125931e+09 7.000099904892238379e+08
2.871987516638271343e-01 -4.441561530712858200e+09 7.019054527950575352e+08
2.888612611202258651e-01 -4.598465206019368172e+09 7.038404074039027691e+08
2.905237705846532292e-01 -4.724032958079914093e+09 7.057379246576436758e+08
2.921862800569720031e-01 -4.819177404122110367e+09 7.075192991076785326e+08
2.938487895370484604e-01 -4.884868946346312523e+09 7.091054189562189579e+08
2.955112990247516502e-01 -4.922132226711699486e+09 7.104180964780229330e+08
2.971738085199533974e-01 -4.932042441245862961e+09 7.113813383938966990e+08
2.988363180225286353e-01 -4.915721528749105453e+09 7.119225417282615900e+08
3.004988275323551283e-01 -4.874334249068295479e+09 7.119736065732125044e+08
3.021613370493130279e-01 -4.809084166296489716e+09 7.114719621609368324e+08
3.038238465732852611e-01 -4.721209552389822006e+09 7.103615066065561771e+08
3.054863561041573639e-01 -4.611979226777466774e+09 7.085934636310411692e+08
3.071488656418173702e-01 -4.482688347568737984e+09 7.061271615647289753e+08
3.088113751861554790e-01 -4.334654169905620575e+09 7.029307410644009113e+08
3.104738847370644983e-01 -4.169211786913331032e+09 6.989817983464856148e+08
3.121363942944395120e-01 -3.987709868553283691e+09 6.942679704191720486e+08
3.137989038581776025e-01 -3.791506413467283249e+09 6.887874678327721357e+08
3.154614134281782389e-01 -3.581964528618535519e+09 6.825495588392949104e+08
3.171239230043430002e-01 -3.360448251246261597e+09 6.755750065083979368e+08
3.187864325865753523e-01 -3.128318427263492107e+09 6.678964571477248669e+08
3.204489421747808708e-01 -2.886928659789570808e+09 6.595587741452594995e+08
3.221114517688670742e-01 -2.637621341106662273e+09 6.506193058521320820e+08
3.237739613687434237e-01 -2.381723780740072727e+09 6.411480690983783007e+08
3.254364709743211015e-01 -2.120544441894678354e+09 6.312278211322629452e+08
3.270989805855132326e-01 -1.855369297825889826e+09 6.209539820653532743e+08
3.287614902022346075e-01 -1.587458319162448168e+09 6.104343573681532145e+08
3.304239998244018484e-01 -1.318042102489939213e+09 5.997885961107056141e+08
3.320865094519330207e-01 -1.048318649870452285e+09 5.891473066762580872e+08
3.337490190847480775e-01 -7.794503082313222885e+08 5.786507397655942440e+08
3.354115287227684150e-01 -5.125608768509514332e+08 5.684469421083612442e+08
3.370740383659170392e-01 -2.487328903884220719e+08 5.586892882069709301e+08
3.387365480141183438e-01 1.099491581380463019e+07 5.495333175268115997e+08
3.403990576672984991e-01 2.656299522580595911e+08 5.411328467452524900e+08
3.420615673253846745e-01 5.142279285025970340e+08 5.336353950222300291e+08
3.437240769883058711e-01 7.558948087142008543e+08 5.271770541439488530e+08
3.453865866559921449e-01 9.897885660282825232e+08 5.218770465417604446e+08
3.470490963283750507e-01 1.215120732960069418e+09 5.178323248662741184e+08
3.487116060053874755e-01 1.431157745917656183e+09 5.151126511078126431e+08
3.503741156869634166e-01 1.637222082650962114e+09 5.137566228284736276e+08
3.520366253730383144e-01 1.832693192241358757e+09 5.137690676444362402e+08
3.536991350635486642e-01 2.017008218011990070e+09 5.151201006332245469e+08
3.553616447584322380e-01 2.189662514478733540e+09 5.177459515789228082e+08
3.570241544576279180e-01 2.350209960192640781e+09 5.215514582240351439e+08
3.586866641610758633e-01 2.498263069040489674e+09 5.264139340262210965e+08
3.603491738687170098e-01 2.633492903257652760e+09 5.321879926012108922e+08
3.620116835804937372e-01 2.755628792054791451e+09 5.387108647561918497e+08
3.636741932963493684e-01 2.864457860411227703e+09 5.458077736518050432e+08
3.653367030162280593e-01 2.959824373184070110e+09 5.532970178544781208e+08
3.669992127400752979e-01 3.041628900247259617e+09 5.609945224204565287e+08
3.686617224678372939e-01 3.109827308928667545e+09 5.687177288291109800e+08
3.703242321994613118e-01 3.164429590507533550e+09 5.762887878573439121e+08
3.719867419348956150e-01 3.205498527999257565e+09 5.835370872033212185e+08
3.736492516740893000e-01 3.233148212898962975e+09 5.903011872816720009e+08
3.753117614169925176e-01 3.247542418939745903e+09 5.964302582823508978e+08
3.769742711635561405e-01 3.248892841262731075e+09 6.017851152719942331e+08
3.786367809137318741e-01 3.237457209749024868e+09 6.062389417479695082e+08
3.802992906674724227e-01 3.213537285480907917e+09 6.096777804264476299e+08
3.819618004247312126e-01 3.177476749592993736e+09 6.120008566319576502e+08
3.836243101854625026e-01 3.129658993921777248e+09 6.131207866132674217e+08
3.852868199496213841e-01 3.070504823037927628e+09 6.129637116612627506e+08
3.869493297171635593e-01 3.000470077365228653e+09 6.114693895556079149e+08
3.886118394880457849e-01 2.920043187136924267e+09 6.085912677471911907e+08
3.902743492622252064e-01 2.829742667007376194e+09 6.042965576695593596e+08
3.919368590396599683e-01 2.730114561118546009e+09 5.985663264844692945e+08
3.935993688203087704e-01 2.621729848374633312e+09 5.913956211808195114e+08
3.952618786041311449e-01 2.505181817631940365e+09 5.827936401039799452e+08
3.969243883910870685e-01 2.381083422357275486e+09 5.727839685486671925e+08
3.985868981811374612e-01 2.250064624210057735e+09 5.614048979376158714e+08
4.002494079742436872e-01 2.112769734797226429e+09 5.487098522442220449e+08
4.019119177703678880e-01 1.969854764660589933e+09 5.347679506224125028e+08
4.035744275694727046e-01 1.821984788305958509e+09 5.196647414151890874e+08
4.052369373715214440e-01 1.669831333855619431e+09 5.035031492908043265e+08
4.068994471764781906e-01 1.514069805567740202e+09 4.864046829508572221e+08
4.085619569843071952e-01 1.355376947212302923e+09 4.685109532276141047e+08
4.102244667949735413e-01 1.194428353921922445e+09 4.499855457369093299e+08
4.118869766084432005e-01 1.031896039808675647e+09 4.310162701035759449e+08
4.135494864246819224e-01 8.684460682518615723e+08 4.118177545657075644e+08
4.152119962436567890e-01 7.047362514142282009e+08 3.926342469663251638e+08
4.168745060653349932e-01 5.414139250858722925e+08 3.737422861759696007e+08
4.185370158896842829e-01 3.791138046379897594e+08 3.554525785999067426e+08
4.201995257166728504e-01 2.184559273495350182e+08 3.381099169637702107e+08
4.218620355462696647e-01 6.004368604607155919e+07 3.220893310433158875e+08
4.235245453784438063e-01 -9.553804152622960508e+07 3.077860273471443653e+08
4.251870552131651881e-01 -2.477246635153579712e+08 2.955964946902394295e+08
4.268495650504041117e-01 -3.959735414098693132e+08 2.858891779119203091e+08
4.285120748901312115e-01 -5.397655509069377184e+08 2.789661049088889360e+08
4.301745847323175664e-01 -6.786065335007411242e+08 2.750216391077488661e+08
4.318370945769347546e-01 -8.120286364460718632e+08 2.741090297528492808e+08
4.334996044239549096e-01 -9.395915392232314348e+08 2.761260401132767797e+08
4.351621142733504422e-01 -1.060883565019442797e+09 2.808254722088466883e+08
4.368246241250944295e-01 -1.175522676154118061e+09 2.878472181357327104e+08
4.384871339791597822e-01 -1.283157352751770973e+09 2.967612568771353364e+08
4.401496438355204099e-01 -1.383467354403142691e+09 3.071097660958748460e+08
4.418121536941504446e-01 -1.476164364833919287e+09 3.184403964518951178e+08
4.434746635550242400e-01 -1.560992520082219124e+09 3.303280783206045628e+08
4.451371734181167605e-01 -1.637728820893962860e+09 3.423865763602030873e+08
4.467996832834031928e-01 -1.706183430507569551e+09 3.542726253171489835e+08
4.484621931508591675e-01 -1.766199859200536966e+09 3.656855111170439124e+08
4.501247030204606481e-01 -1.817655037355093002e+09 3.763642972848210335e+08
4.517872128921838204e-01 -1.860459279016581059e+09 3.860841306953125596e+08
4.534497227660054253e-01 -1.894556138252700567e+09 3.946524468956912160e+08
4.551122326419027031e-01 -1.919922160770325422e+09 4.019054815362660289e+08
4.567747425198525613e-01 -1.936566533619547606e+09 4.077052466428755522e+08
4.584372523998329063e-01 -1.944530635854164839e+09 4.119369956153420210e+08
4.600997622818217003e-01 -1.943887493412786245e+09 4.145071360995917320e+08
4.617622721657972384e-01 -1.934741141448470831e+09 4.153415239916093349e+08
4.634247820517383154e-01 -1.917225897739411592e+09 4.143840671280065775e+08
4.650872919396236149e-01 -1.891505550689834595e+09 4.115955716282082200e+08
4.667498018294323758e-01 -1.857772465880962849e+09 4.069527728368912935e+08
4.684123117211442255e-01 -1.816246614872078896e+09 4.004475018617616296e+08
4.700748216147389580e-01 -1.767174530493865013e+09 3.920859481076285243e+08
4.717373315101965336e-01 -1.710828192466041565e+09 3.818879855131463408e+08
4.733998414074974126e-01 -1.647503847812074184e+09 3.698865374566963315e+08
4.750623513066224435e-01 -1.577520769962236643e+09 3.561269600925942063e+08
4.767248612075521974e-01 -1.501219961227181911e+09 3.406664292344428897e+08
4.783873711102680226e-01 -1.418962802506513596e+09 3.235733186300435662e+08
4.800498810147514894e-01 -1.331129655146152973e+09 3.049265616758450270e+08
4.817123909209840571e-01 -1.238118418629125834e+09 2.848149897237640023e+08
4.833749008289477955e-01 -1.140343049355626106e+09 2.633366439580626190e+08
4.850374107386249412e-01 -1.038232043798728108e+09 2.405980574578429759e+08
4.866999206499977859e-01 -9.322268918466848135e+08 2.167135084204089046e+08
4.883624305630492324e-01 -8.227805027955158949e+08 1.918042435099694431e+08
4.900249404777619611e-01 -7.103556109639787674e+08 1.659976771284730136e+08
4.916874503941192631e-01 -5.954231614695709944e+08 1.394265691694584191e+08
4.933499603121045407e-01 -4.784606861674949527e+08 1.122282042120271772e+08
4.950124702317013070e-01 -3.599506645031286478e+08 8.454362122151270509e+07
4.966749801528934083e-01 -2.403788910983940661e+08 5.651720876187362522e+07
4.983374900756649684e-01 -1.202328019206990600e+08 2.829911861189799756e+07
