# r [arcsec]	I [Jy/sr]	I_uncer [Jy/sr]
3.817853577942286001e-03 2.123402308086865616e+10 1.971759299364416838e+09
8.763567027319327241e-03 2.091465152529951477e+10 1.941901097134155750e+09
1.373848758764146562e-02 2.034758536242851257e+10 1.888954221453066826e+09
1.872000728009374365e-02 1.954542129899010468e+10 1.814209467080447435e+09
2.370403017919163122e-02 1.852621298517251205e+10 1.719514313398137331e+09
2.868926438607016446e-02 1.731303674797656250e+10 1.607232411653555632e+09
3.367517554121116780e-02 1.593355589902683067e+10 1.480211371200650930e+09
3.866150302165524688e-02 1.441950761303658676e+10 1.341760798976461411e+09
4.364810467787801074e-02 1.280611513574522018e+10 1.195656639754549265e+09
4.863489642318288148e-02 1.113143489983936501e+10 1.046200444065456152e+09
5.362182534931311806e-02 9.435650100124921799e+09 8.983826808241752386e+08
5.860885650759287135e-02 7.760323440088949203e+09 7.582246624852620363e+08
6.359596588733901212e-02 6.147622585532043457e+09 6.333539260989476442e+08
6.858313644859315161e-02 4.639532418540011406e+09 5.335501749437607527e+08
7.357035576433633428e-02 3.277068484704724312e+09 4.697512050682336688e+08
7.855761455883611410e-02 2.099506065102112532e+09 4.486701772520926595e+08
8.354490576851973660e-02 1.143639079931492329e+09 4.656133740625228882e+08
8.853222391973845917e-02 4.430825437861474752e+08 5.063315764997278452e+08
9.351956470533653865e-02 2.763154877317539230e+07 5.561330224984819889e+08
9.850692468967806037e-02 -7.731123909359836578e+07 6.047108716934597492e+08
1.034943010988605139e-01 1.487711922097382545e+08 6.459634651643095016e+08
1.084816916687353777e-01 7.211055749583975077e+08 6.766335803066741228e+08
1.134690945329698275e-01 1.649320039566728592e+09 6.952731045085219145e+08
1.184565081393615799e-01 2.937238011553574085e+09 7.016264572600324154e+08
1.234439311864233557e-01 4.582778328100780487e+09 6.962759628255991936e+08
1.284313625747323662e-01 6.577963565855988503e+09 6.804299458110480309e+08
1.334188013691842700e-01 8.909036507198221207e+09 6.557871204438570738e+08
1.384062467694026355e-01 1.155668259199705505e+10 6.244416709946253300e+08
1.433936980863204647e-01 1.449635414750409317e+10 5.888067070852165222e+08
1.483811547234816508e-01 1.769869020214308929e+10 5.515348940217977762e+08
1.533686161619891020e-01 2.113002381100450516e+10 5.154069694372474551e+08
1.583560819482959792e-01 2.475296709172680283e+10 4.831473333655697107e+08
1.633435516842324520e-01 2.852706262691765976e+10 4.571291701760964394e+08
1.683310250188047585e-01 3.240948856754265976e+10 4.389830268221446872e+08
1.733185016414096891e-01 3.635580370136614227e+10 4.292335921833375692e+08
1.783059812761873808e-01 4.032071795661705017e+10 4.271739245377455950e+08
1.832934636772959591e-01 4.425887331356353760e+10 4.311002913162978888e+08
1.882809486249364950e-01 4.812561990889752197e+10 4.388006928555848002e+08
1.932684359219939418e-01 5.187777224657775116e+10 4.480534684880992174e+08
1.982559253911843622e-01 5.547433087379146576e+10 4.569646744660659432e+08
2.032434168726222901e-01 5.887715563443894196e+10 4.641196279682326913e+08
2.082309102217375085e-01 6.205157766053140259e+10 4.686052886865084171e+08
2.132184053074845376e-01 6.496693858251522064e+10 4.699665357656068206e+08
2.182059020107968983e-01 6.759704700480927277e+10 4.681369538087089062e+08
2.231934002232490444e-01 6.992054406885008240e+10 4.633634731706906557e+08
2.281808998458938198e-01 7.192117187333772278e+10 4.561315027613098621e+08
2.331684007882487975e-01 7.358794059697723389e+10 4.470912817944592834e+08
2.381559029674101546e-01 7.491519232576271057e+10 4.369842880684459209e+08
2.431434063072751561e-01 7.590256177608999634e+10 4.265690482704104781e+08
2.481309107378594780e-01 7.655483627671401978e+10 4.165478998970085979e+08
2.531184161946937738e-01 7.688171947716404724e+10 4.074995820494731069e+08
2.581059226182911837e-01 7.689750523980725098e+10 3.998257929712691903e+08
2.630934299536754062e-01 7.662067000160028076e+10 3.937210776806756258e+08
2.680809381499607014e-01 7.607339351870442200e+10 3.891727869156401157e+08
2.730684471599785779e-01 7.528101929558035278e+10 3.859913894257031083e+08
2.780559569399445041e-01 7.427146711959719849e+10 3.838637335051561594e+08
2.830434674491599245e-01 7.307461094855299377e+10 3.824166804228351712e+08
2.880309786497447511e-01 7.172163591499604797e+10 3.812780452888191938e+08
2.930184905063976664e-01 7.024438840901425171e+10 3.801252746334990859e+08
2.980060029861805737e-01 6.867473307897973633e+10 3.787172867691383958e+08
3.029935160583238640e-01 6.704393015444130707e+10 3.769091528780295849e+08
3.079810296940508341e-01 6.538204576135582733e+10 3.746518554575217366e+08
3.129685438664192021e-01 6.371740688885731506e+10 3.719804047879116535e+08
3.179560585501768344e-01 6.207611140715006256e+10 3.689937601098740697e+08
3.229435737216315716e-01 6.048160206195146179e+10 3.658298680254682899e+08
3.279310893585324904e-01 5.895431172150687408e+10 3.626390070061196089e+08
3.329186054399617678e-01 5.751138537013156891e+10 3.595585526737598777e+08
3.379061219462368704e-01 5.616648247351632690e+10 3.566921060762621760e+08
3.428936388588199047e-01 5.492966143217970276e+10 3.540954492057241797e+08
3.478811561602362934e-01 5.380734593817840576e+10 3.517708839280781150e+08
3.528686738339993356e-01 5.280237120211396027e+10 3.496702387583705783e+08
3.578561918645413176e-01 5.191410626697115326e+10 3.477054587685455084e+08
3.628437102371503964e-01 5.113864701244001770e+10 3.457645805874816775e+08
3.678312289379127020e-01 5.046907301456347656e+10 3.437303055948550701e+08
3.728187479536588800e-01 4.989576019137918091e+10 3.414983849146227837e+08
3.778062672719147974e-01 4.940674016082073975e+10 3.389934833148529530e+08
3.827937868808565791e-01 4.898809648049536133e+10 3.361808595691496730e+08
3.877813067692685856e-01 4.862438744197446442e+10 3.330728734088307619e+08
3.927688269265047216e-01 4.829908485897222137e+10 3.297298848695238829e+08
3.977563473424529095e-01 4.799501831709127045e+10 3.262555395059214830e+08
4.027438680075018929e-01 4.769481463325907135e+10 3.227867986492059231e+08
4.077313889125108171e-01 4.738132279025084686e+10 3.194794711594966054e+08
4.127189100487804740e-01 4.703801534445113373e+10 3.164904975823548436e+08
4.177064314080274343e-01 4.664935822721518707e+10 3.139588135136137009e+08
4.226939529823587338e-01 4.620114194159988403e+10 3.119871454717456698e+08
4.276814747642498915e-01 4.568076836336345673e+10 3.106273420696488619e+08
4.326689967465233155e-01 4.507748865256623077e+10 3.098715859914016724e+08
4.376565189223286523e-01 4.438258913314551544e+10 3.096509817591816187e+08
4.426440412851241901e-01 4.358952336587284088e+10 3.098417325232475400e+08
4.476315638286594845e-01 4.269398998940431213e+10 3.102777826759487987e+08
4.526190865469603142e-01 4.169395720098796844e+10 3.107678243265449405e+08
4.576066094343120838e-01 4.058963596179670715e+10 3.111141861121276021e+08
4.625941324852472225e-01 3.938340511445957184e+10 3.111313216219481230e+08
4.675816556945310287e-01 3.807969256883774567e+10 3.106621742695490718e+08
4.725691790571502904e-01 3.668481752800276947e+10 3.095913467871251702e+08
4.775567025683005173e-01 3.520679937614080048e+10 3.078545454737177491e+08
4.825442262233765600e-01 3.365513932518801880e+10 3.054441112867781520e+08
4.875317500179611185e-01 3.204058121446738052e+10 3.024105942116795182e+08
4.925192739478161941e-01 3.037485797900228119e+10 2.988603318712063432e+08
4.975067980088735964e-01 2.867043025428476715e+10 2.949489429136804938e+08
5.024943221972267837e-01 2.694022337891122055e+10 2.908706399721636772e+08
5.074818465091224251e-01 2.519736870639419937e+10 2.868434141143422127e+08
5.124693709409537945e-01 2.345495466153728104e+10 2.830905407859560251e+08
5.174568954892526662e-01 2.172579239541534424e+10 2.798195466548661590e+08
5.224444201506837082e-01 2.002220022835643005e+10 2.772006667476670742e+08
5.274319449220377098e-01 1.835581034561930466e+10 2.753476351838646531e+08
5.324194698002251425e-01 1.673740044910990715e+10 2.743039730931035280e+08
5.374069947822720517e-01 1.517675229344455910e+10 2.740374027984746099e+08
5.423945198653131738e-01 1.368253826789618111e+10 2.744435943172175884e+08
5.473820450465878285e-01 1.226223644740683746e+10 2.753585609760490060e+08
5.523695703234354770e-01 1.092207384382350159e+10 2.765773611573871374e+08
5.573570956932899501e-01 9.666996958260316849e+09 2.778759037380020618e+08
5.623446211536771155e-01 8.500668179331604958e+09 2.790327387218633890e+08
5.673321467022091058e-01 7.425486099283118248e+09 2.798484664338314533e+08
5.723196723365815419e-01 6.442627436892928123e+09 2.801613730214277506e+08
5.773071980545696480e-01 5.552107965340715408e+09 2.798587364661055207e+08
5.822947238540248094e-01 4.752859645027847290e+09 2.788837796116032004e+08
5.872822497328716862e-01 4.042821052656389713e+09 2.772384751306756735e+08
5.922697756891045495e-01 3.419038173444493294e+09 2.749824194351481199e+08
5.972573017207846169e-01 2.877772675625584602e+09 2.722279000908184052e+08
6.022448278260374988e-01 2.414614906224920273e+09 2.691311928037759662e+08
6.072323540030505340e-01 2.024599024026319027e+09 2.658801407509387434e+08
6.122198802500696813e-01 1.702317908450207233e+09 2.626782820745834112e+08
6.172074065653979646e-01 1.442035740076392174e+09 2.597262594629606009e+08
6.221949329473926982e-01 1.237796428369367599e+09 2.572019453906704783e+08
6.271824593944635984e-01 1.083526353605602980e+09 2.552414845219503939e+08
6.321699859050702308e-01 9.731301830168391466e+08 2.539239785225284994e+08
6.371575124777206778e-01 9.005788064853414297e+08 2.532624594640766084e+08
6.421450391109693179e-01 8.599887071623309851e+08 2.532029230605073869e+08
6.471325658034148276e-01 8.456923306964643002e+08 2.536316854497226775e+08
6.521200925536991821e-01 8.522992388505452871e+08 2.543896933554505706e+08
6.571076193605055460e-01 8.747480258931341171e+08 2.552912429752732515e+08
6.620951462225563855e-01 9.083491379163587093e+08 2.561441843428698182e+08
6.670826731386124697e-01 9.488188659022618532e+08 2.567690504346579313e+08
6.720702001074717602e-01 9.923048842909610271e+08 2.570153250224215388e+08
6.770577271279670795e-01 1.035403780158466458e+09 2.567738804586703181e+08
6.820452541989658890e-01 1.075171067157938480e+09 2.559852343107423484e+08
6.870327813193682909e-01 1.109124206816283464e+09 2.546436162388171554e+08
6.920203084881060285e-01 1.135239171837536097e+09 2.527969466694769859e+08
6.970078357041413764e-01 1.151941085973790646e+09 2.505428054542941749e+08
7.019953629664664740e-01 1.158089467022393465e+09 2.480204263700380027e+08
7.069828902741016607e-01 1.152958587417248011e+09 2.453988057477616072e+08
7.119704176260943651e-01 1.136213454148246288e+09 2.428612614758785963e+08
7.169579450215193273e-01 1.107881899088319063e+09 2.405872806413324177e+08
7.219454724594762673e-01 1.068323264314986944e+09 2.387332126361258626e+08
7.269329999390895525e-01 1.018194165916555882e+09 2.374141119484680891e+08
7.319205274595077526e-01 9.584118246057999134e+08 2.366894800813848674e+08
7.369080550199024193e-01 8.901154618856145144e+08 2.365554521436818838e+08
7.418955826194673087e-01 8.146262755987719297e+08 2.369449806791559756e+08
7.468831102574174929e-01 7.334065268586683273e+08 2.377360205209288895e+08
7.518706379329892497e-01 6.480182895492709875e+08 2.387661556661167145e+08
7.568581656454390627e-01 5.600824314513505697e+08 2.398510864049371779e+08
7.618456933940425113e-01 4.712384100399339199e+08 2.408041708427116275e+08
7.668332211780939378e-01 3.831054735688418746e+08 2.414546663510690629e+08
7.718207489969062252e-01 2.972458567743481398e+08 2.416630942815366089e+08
7.768082768498100199e-01 2.151305483208160102e+08 2.413329097691406012e+08
7.817958047361527329e-01 1.381081822244036794e+08 2.404181946291164458e+08
7.867833326552983175e-01 6.737756680540521443e+07 2.389273583068704903e+08
7.917708606066273802e-01 3.964311645174400881e+06 2.369228840886980593e+08
7.967583885895350715e-01 -5.129805433525811881e+07 2.345170944548578262e+08
8.017459166034320850e-01 -9.778216141941751540e+07 2.318638444169626236e+08
8.067334446477437693e-01 -1.350758549334533215e+08 2.291461051283138394e+08
8.117209727219093507e-01 -1.629861119943492711e+08 2.265596884440141618e+08
8.167085008253823775e-01 -1.815378130952197611e+08 2.242939618849572241e+08
8.216960289576287213e-01 -1.909674771223482192e+08 2.225112728669683337e+08
8.266835571181275766e-01 -1.917121839718478322e+08 2.213277080899162889e+08
8.316710853063710163e-01 -1.843940218411767185e+08 2.207983373278351426e+08
8.366586135218624376e-01 -1.698005028638550341e+08 2.209097947438585162e+08
8.416461417641176723e-01 -1.488614874394697845e+08 2.215817882088779211e+08
8.466336700326639875e-01 -1.226232410891804844e+08 2.226772468483634293e+08
8.516211983270388641e-01 -9.222031498087099195e+07 2.240190366274651289e+08
8.566087266467917738e-01 -5.884598994484644383e+07 2.254101553056257963e+08
8.615962549914814028e-01 -2.372205202747237682e+07 2.266542879587662518e+08
8.665837833606774288e-01 1.193132579054772481e+07 2.275743120827673376e+08
8.715713117539596322e-01 4.692483655066450685e+07 2.280273182807829380e+08
8.765588401709160093e-01 8.012770497863364220e+07 2.279155641131752133e+08
8.815463686111453256e-01 1.104931016505358815e+08 2.271933180852760673e+08
8.865338970742548952e-01 1.370807180223364532e+08 2.258697729890529811e+08
8.915214255598600257e-01 1.590760074622002542e+08 2.240082026337101460e+08
8.965089540675857949e-01 1.758057034036323726e+08 2.217214193210022449e+08
9.014964825970653850e-01 1.867493412868133187e+08 2.191634762406535745e+08
9.064840111479389728e-01 1.915466322501779199e+08 2.165175631299386919e+08
9.114715397198557278e-01 1.900006594257115424e+08 2.139802763938947022e+08
9.164590683124720361e-01 1.820769880997305810e+08 2.117429855926224291e+08
9.214465969254520550e-01 1.678988948694192767e+08 2.099718434513332546e+08
9.264341255584663815e-01 1.477390245486888885e+08 2.087888876744316816e+08
9.314216542111933839e-01 1.220078735819567591e+08 2.082572547557835579e+08
9.364091828833184250e-01 9.123957232480493188e+07 2.083733225542156100e+08
9.413967115745327519e-01 5.607549357845195383e+07 2.090674337756882012e+08
9.463842402845346058e-01 1.724624978832986951e+07 2.102130326765148640e+08
9.513717690130290006e-01 -2.444734435963755846e+07 2.116422743397885263e+08
9.563592977597260569e-01 -6.815377341229115427e+07 2.131651213190407753e+08
9.613468265243425570e-01 -1.129902419903357625e+08 2.145888846806728244e+08
9.663343553066010561e-01 -1.580615141122598648e+08 2.157358639419181347e+08
9.713218841062303266e-01 -2.024777294927538633e+08 2.164577240138422251e+08
9.763094129229632490e-01 -2.453708274276103973e+08 2.166461131157318950e+08
9.812969417565396979e-01 -2.859092902509599328e+08 2.162395788127522469e+08
9.862844706067037670e-01 -3.233110053721113205e+08 2.152270700277377367e+08
9.912719994732055451e-01 -3.568541336278966665e+08 2.136483054655676484e+08
9.962595283557990067e-01 -3.858859583291449547e+08 2.115911484429895282e+08
1.001247057254244233e+00 -4.098297701822643280e+08 2.091859507399792969e+08
1.006234586168305301e+00 -4.281899148834954500e+08 2.065967037336333394e+08
1.011222115097751173e+00 -4.405551896667273641e+08 2.040088597658941150e+08
1.016209644042354920e+00 -4.466008201211456060e+08 2.016139599131084681e+08
1.021197173001895608e+00 -4.460892775060709715e+08 1.995917902858810425e+08
1.026184701976153857e+00 -4.388702087004981637e+08 1.980916375320501328e+08
1.031172230964917613e+00 -4.248797457338345051e+08 1.972150812747736871e+08
1.036159759967976379e+00 -4.041394402506775856e+08 1.970032228905432820e+08
1.041147288985125208e+00 -3.767550317474696040e+08 1.974308936858160794e+08
1.046134818016162260e+00 -3.429152092027376890e+08 1.984091172198212445e+08
1.051122347060890139e+00 -3.028904665610508323e+08 1.997953212600559294e+08
1.056109876119114777e+00 -2.570320868221790791e+08 2.014092216691057682e+08
1.061097405190645881e+00 -2.057712208015097082e+08 2.030515240676807165e+08
1.066084934275296714e+00 -1.496179589110576808e+08 2.045227372089822888e+08
1.071072463372883643e+00 -8.916023138182756305e+07 2.056401551771309972e+08
1.076059992483227479e+00 -2.506231796307175606e+07 2.062519831606337428e+08
1.081047521606151030e+00 4.193729432803717256e+07 2.062483093777063787e+08
1.086035050741481101e+00 1.110289944408480674e+08 2.055690265696826279e+08
1.091022579889048050e+00 1.813363710553731918e+08 2.042088977048716247e+08
1.096010109048684011e+00 2.519220682559032440e+08 2.022198235660274327e+08
1.100997638220225783e+00 3.217954370069015622e+08 1.997100918686829209e+08
1.105985167403511937e+00 3.899221996524010301e+08 1.968400514557032585e+08
1.110972696598383935e+00 4.552362799574269056e+08 1.938133665483077466e+08
1.115960225804686790e+00 5.166538703998568654e+08 1.908629337788025439e+08
1.120947755022267955e+00 5.730897143626582623e+08 1.882309353807793856e+08
1.125935284250977553e+00 6.234754770611176491e+08 1.861436036790297329e+08
1.130922813490668366e+00 6.667799696193752289e+08 1.847831111065706313e+08
1.135910342741195622e+00 7.020308802831457853e+08 1.842610793540183306e+08
1.140897872002417213e+00 7.283375601078656912e+08 1.845994330801090598e+08
1.145885401274193693e+00 7.449143125871487856e+08 1.857235681038164198e+08
1.150872930556387619e+00 7.511035522888549566e+08 1.874698627601486146e+08
1.155860459848864208e+00 7.463981311544724703e+08 1.896056822093460262e+08
1.160847989151490678e+00 7.304620865959728956e+08 1.918571374872948527e+08
1.165835518464137355e+00 7.031490460912283659e+08 1.939391356356756985e+08
1.170823047786675675e+00 6.645175310492330790e+08 1.955834316907289624e+08
1.175810577118979738e+00 6.148424396237950325e+08 1.965623348851262629e+08
1.180798106460926311e+00 5.546220542316449881e+08 1.967073923866300881e+08
1.185785635812393490e+00 4.845800139923136234e+08 1.959233101788130105e+08
1.190773165173261150e+00 4.056618131683123112e+08 1.941975840270156264e+08
1.195760694543412272e+00 3.190255309962977767e+08 1.916059960422174037e+08
1.200748223922731173e+00 2.260266619600173533e+08 1.883134582387923896e+08
1.205735753311103498e+00 1.281970936935004145e+08 1.845687810736012459e+08
1.210723282708418003e+00 2.721846661318375915e+07 1.806910065876526833e+08
1.215710812114564332e+00 -7.510966109512722492e+07 1.770444412537899017e+08
1.220698341529434350e+00 -1.769062340041595101e+08 1.740003621087490618e+08
1.225685870952921253e+00 -2.762489214264487624e+08 1.718866588916073143e+08
1.230673400384920457e+00 -3.712171990604515076e+08 1.709326030010893643e+08
1.235660929825329379e+00 -4.599372140901170969e+08 1.712221315183007121e+08
1.240648459274045878e+00 -5.406272519976741076e+08 1.726706352896639109e+08
1.245635988730970478e+00 -6.116425514367917776e+08 1.750337935284508765e+08
1.250623518196004813e+00 -6.715181789940563440e+08 1.779452481417753696e+08
1.255611047669052738e+00 -7.190086810394070148e+08 1.809705307846014500e+08
1.260598577150018551e+00 -7.531232764902324677e+08 1.836629630067029297e+08
1.265586106638808772e+00 -7.731554420127525330e+08 1.856119372787579298e+08
1.270573636135331475e+00 -7.787058685236381292e+08 1.864802098940128982e+08
1.275561165639495398e+00 -7.696979318947089911e+08 1.860311136851180792e+08
1.280548695151212168e+00 -7.463850173400001526e+08 1.841482496025575995e+08
1.285536224670393413e+00 -7.093492605885080099e+08 1.808500424524675608e+08
1.290523754196952311e+00 -6.594915131943627596e+08 1.763003636288783550e+08
1.295511283730804264e+00 -5.980125967926703691e+08 1.708144662244949639e+08
1.300498813271864673e+00 -5.263861738307149410e+08 1.648564495092402399e+08
1.305486342820051382e+00 -4.463238219132381678e+08 1.590200949888820052e+08
1.310473872375283122e+00 -3.597331468728525639e+08 1.539803709321298599e+08
1.315461401937479291e+00 -2.686699978094151020e+08 1.504032247092394829e+08
1.320448931506561285e+00 -1.752860476894936860e+08 1.488155756399545074e+08
1.325436461082451389e+00 -8.177316862895736098e+07 1.494687218728128970e+08
1.330423990665072775e+00 9.693844448810823262e+06 1.522552350986593366e+08
1.335411520254350393e+00 9.701456939096841216e+07 1.567245479273001850e+08
1.340399049850209634e+00 1.782186099087566137e+08 1.621860523412779272e+08
1.345386579452577447e+00 2.515179664394539595e+08 1.678441525361980796e+08
1.350374109061381667e+00 3.153545586687934995e+08 1.729140079385804832e+08
1.355361638676551461e+00 3.684414574292242527e+08 1.766984716292305291e+08
1.360349168298016442e+00 4.097965547770711780e+08 1.786313214513068199e+08
1.365336697925707776e+00 4.387676145840219855e+08 1.782995651869513988e+08
1.370324227559557517e+00 4.550478959755930901e+08 1.754557125506215990e+08
1.375311757199498608e+00 4.586818207978335023e+08 1.700271275173649192e+08
1.380299286845465101e+00 4.500604556481485367e+08 1.621271298836457431e+08
1.385286816497391715e+00 4.299068893494644761e+08 1.520718359720263779e+08
1.390274346155214724e+00 3.992518984184027314e+08 1.404070547693230212e+08
1.395261875818870623e+00 3.594005958586792946e+08 1.279484837325714678e+08
1.400249405488297016e+00 3.118910427836171985e+08 1.158282961832241714e+08
1.405236935163432621e+00 2.584460583373933733e+08 1.055024115175078213e+08
1.410224464844216596e+00 2.009196827146432698e+08 9.858649085922279954e+07
1.415211994530589656e+00 1.412399230284829736e+08 9.635061554421645403e+07
1.420199524222492293e+00 8.134953648301388323e+07 9.902750137934401631e+07
1.425187053919866997e+00 2.314667485287958384e+07 1.056058335070707500e+08
1.430174583622656481e+00 -3.157277366611475125e+07 1.143757765247076750e+08
1.435162113330804123e+00 -8.116935605450530350e+07 1.236048504086943716e+08
1.440149643044254413e+00 -1.242090544212340266e+08 1.318662332485696077e+08
1.445137172762952060e+00 -1.595055883816757202e+08 1.380879485906267464e+08
1.450124702486843331e+00 -1.861547023212181330e+08 1.415067814404853880e+08
1.455112232215874490e+00 -2.035593723794607222e+08 1.416154337764088213e+08
1.460099761949993358e+00 -2.114451547012751400e+08 1.381236532288757861e+08
1.465087291689147531e+00 -2.098652104184963107e+08 1.309316588002381325e+08
1.470074821433285939e+00 -1.991948709734136760e+08 1.201104721745374352e+08
1.475062351182357734e+00 -1.801159428046335876e+08 1.058848388741376102e+08
1.480049880936313622e+00 -1.535912767506646812e+08 8.861603177798010409e+07
1.485037410695103866e+00 -1.208304421234854907e+08 6.878307481900729239e+07
1.490024940458680058e+00 -8.324762438735830784e+07 4.696178233343426138e+07
1.495012470226994683e+00 -4.241312672124581039e+07 2.380161449967117980e+07
