# r [arcsec]	I [Jy/sr]	I_uncer [Jy/sr]
1.272617859314095550e-03 1.490583012566660461e+11 2.595358046276094913e+09
2.921189009106442414e-03 1.489949700065010376e+11 2.591219276269633770e+09
4.579495862547155495e-03 1.488811028017591553e+11 2.583838210503894806e+09
6.240002426697914550e-03 1.487167951693507690e+11 2.573214662910292149e+09
7.901343393063876494e-03 1.485022183181200256e+11 2.559373121920772076e+09
9.563088128690054243e-03 1.482375990227185364e+11 2.542349392542469025e+09
1.122505851373705593e-02 1.479232174153013306e+11 2.522188514837264538e+09
1.288716767388508287e-02 1.475594062166470032e+11 2.498944190349169731e+09
1.454936822595933807e-02 1.471465501441576538e+11 2.472678499327032566e+09
1.621163214106096165e-02 1.466850853037981873e+11 2.443461688224920273e+09
1.787394178310437384e-02 1.461754985240631409e+11 2.411371973237676620e+09
1.953628550253095827e-02 1.456183266210053101e+11 2.376495343981634617e+09
2.119865529577967186e-02 1.450141555915557861e+11 2.338925362949788094e+09
2.286104548286438387e-02 1.443636197349524841e+11 2.298762960728112221e+09
2.452345192144544592e-02 1.436674007031456909e+11 2.256116229002651691e+09
2.618587151961204035e-02 1.429262264814581604e+11 2.211100214604462624e+09
2.784830192283991451e-02 1.421408703011108093e+11 2.163836718747131348e+09
2.951074130657948408e-02 1.413121494853364258e+11 2.114454106463695049e+09
3.117318823511218417e-02 1.404409242309934998e+11 2.063087132124526024e+09
3.283564156322602012e-02 1.395280963277102356e+11 2.009876787928537130e+09
3.449810036628684490e-02 1.385746078166910706e+11 1.954970183413986921e+09
3.616056388957845924e-02 1.375814395914242859e+11 1.898520465422130108e+09
3.782303151098994481e-02 1.365496099426582336e+11 1.840686789593198776e+09
3.948550271312052662e-02 1.354801730500482483e+11 1.781634356441938162e+09
4.114797706214112089e-02 1.343742174230494385e+11 1.721534527386327982e+09
4.281045419157746001e-02 1.332328642936322784e+11 1.660565038849196434e+09
4.447293378972808769e-02 1.320572659635505524e+11 1.598910335704529285e+09
4.613541558980088775e-02 1.308486041089050751e+11 1.536762048871445179e+09
4.779789936210682849e-02 1.296080880448826752e+11 1.474319645627701759e+09
4.946038490782722619e-02 1.283369529535382233e+11 1.411791284859197855e+09
5.112287205399637657e-02 1.270364580776515045e+11 1.349394912356789827e+09
5.278536064943199074e-02 1.257078848836171265e+11 1.287359632152250528e+09
5.444785056141081270e-02 1.243525351965300751e+11 1.225927386663596630e+09
5.611034167293492414e-02 1.229717293105074158e+11 1.165354967501245499e+09
5.777283388046990098e-02 1.215668040774991150e+11 1.105916354420517445e+09
5.943532709206246489e-02 1.201391109777196808e+11 1.047905333136830211e+09
6.109782122576532665e-02 1.186900141749714203e+11 9.916382604090849161e+08
6.276031620831216962e-02 1.172208885601245728e+11 9.374567090891741514e+08
6.442281197399798987e-02 1.157331177859766235e+11 8.857295156258889437e+08
6.608530846372812073e-02 1.142280922968490143e+11 8.368534497573441267e+08
6.774780562420743002e-02 1.127072073561512146e+11 7.912513317931021452e+08
6.941030340724584080e-02 1.111718610752505798e+11 7.493659884367896318e+08
7.107280176916151715e-02 1.096234524469242554e+11 7.116481132687734365e+08
7.273530067026563739e-02 1.080633793866479797e+11 6.785361770003532171e+08
7.439780007441634813e-02 1.064930367850467072e+11 6.504274396678305864e+08
7.606029994863128252e-02 1.049138145746706085e+11 6.276412293267756701e+08
7.772280026274960840e-02 1.033270958143831024e+11 6.103788930296311378e+08
7.938530098913672284e-02 1.017342547944849548e+11 5.986881956104505062e+08
8.104780210242505667e-02 1.001366551657454987e+11 5.924415232752772570e+08
8.271030357928650656e-02 9.853564809544145203e+10 5.913352401131744385e+08
8.437280539823126257e-02 9.693257045340625000e+10 5.949119235426455736e+08
8.603530753943039455e-02 9.532874303115994263e+10 6.026004105898041725e+08
8.769780998455847798e-02 9.372546879694343567e+10 6.137640411774710417e+08
8.936031271665356712e-02 9.212403118961685181e+10 6.277470759456481934e+08
9.102281571999285004e-02 9.052569245416210938e+10 6.439122625529656410e+08
9.268531897998151525e-02 8.893169202149273682e+10 6.616666849810564518e+08
9.434782248305331742e-02 8.734324493524633789e+10 6.804764068249200583e+08
9.601032621658157906e-02 8.576154032807228088e+10 6.998722410346957445e+08
9.767283016879922675e-02 8.418773994987049866e+10 7.194494406365833282e+08
9.933533432872686253e-02 8.262297675035908508e+10 7.388637701223689318e+08
1.009978386861079547e-01 8.106835351820411682e+10 7.578257879185830355e+08
1.026603432313502873e-01 7.952494157888996887e+10 7.760945468142117262e+08
1.043228479554730720e-01 7.799377955334780884e+10 7.934714256246361732e+08
1.059853528500589448e-01 7.647587217930859375e+10 8.097944620837076902e+08
1.076478579072105424e-01 7.497218919715844727e+10 8.249333397358684540e+08
1.093103631195108394e-01 7.348366430203933716e+10 8.387850553808223009e+08
1.109728684799872744e-01 7.201119416371862793e+10 8.512702271772481203e+08
1.126353739820789568e-01 7.055563751573049927e+10 8.623299736293587685e+08
1.142978796196066349e-01 6.911781431506396484e+10 8.719232847055677176e+08
1.159603853867454265e-01 6.769850497362734222e+10 8.800248084372700453e+08
1.176228912779997832e-01 6.629844966250382233e+10 8.866229836456570625e+08
1.192853972881804531e-01 6.491834768996378326e+10 8.917184586253558397e+08
1.209479034123834701e-01 6.355885695398165894e+10 8.953227449141604900e+08
1.226104096459709192e-01 6.222059346993637848e+10 8.974570638398963213e+08
1.242729159845529646e-01 6.090413097395263672e+10 8.981513510238825083e+08
1.259354224239715991e-01 5.961000060231613159e+10 8.974433903510366678e+08
1.275979289602855449e-01 5.833869064710675049e+10 8.953780541650152206e+08
1.292604355897561952e-01 5.709064638819846344e+10 8.920066307207744122e+08
1.309229423088349165e-01 5.586627000151327515e+10 8.873862233628969193e+08
1.325854491141509606e-01 5.466592054335816193e+10 8.815792086251894236e+08
1.342479560025006402e-01 5.348991401046286011e+10 8.746527425750706196e+08
1.359104629708369483e-01 5.233852347525788879e+10 8.666783063521887064e+08
1.375729700162601765e-01 5.121197929575089264e+10 8.577312830518125296e+08
1.392354771360091448e-01 5.011046939921730042e+10 8.478905589463957548e+08
1.408979843274529020e-01 4.903413963881100464e+10 8.372381425704095364e+08
1.425604915880832879e-01 4.798309422204495239e+10 8.258587954632461071e+08
1.442229989155077718e-01 4.695739620994945526e+10 8.138396684058797359e+08
1.458855063074428748e-01 4.595706808560213470e+10 8.012699368433067799e+08
1.475480137617080634e-01 4.498209239058307648e+10 7.882404288922898769e+08
1.492105212762198374e-01 4.403241242778048706e+10 7.748432389533684254e+08
1.508730288489867621e-01 4.310793302884672546e+10 7.611713195325502157e+08
1.525355364781040279e-01 4.220852138448086548e+10 7.473180435276998281e+08
1.541980441617490649e-01 4.133400793562226868e+10 7.333767290555977821e+08
1.558605518981770188e-01 4.048418732347924805e+10 7.194401190212351084e+08
1.575230596857167542e-01 3.965881939623224640e+10 7.055998082372937202e+08
1.591855675227668576e-01 3.885763027017568207e+10 6.919456121705247164e+08
1.608480754077921959e-01 3.808031344288430786e+10 6.785648735149612427e+08
1.625105833393203636e-01 3.732653095597684479e+10 6.655417059535956383e+08
1.641730913159387406e-01 3.659591460489691925e+10 6.529561787795685530e+08
1.658355993362912173e-01 3.588806719307699585e+10 6.408834515285719633e+08
1.674981073990755853e-01 3.520256382776028442e+10 6.293928742781442404e+08
1.691606155030408176e-01 3.453895325467678833e+10 6.185470764440563917e+08
1.708231236469845982e-01 3.389675922869549942e+10 6.084010741616604328e+08
1.724856318297508795e-01 3.327548191753779984e+10 5.990014328518639803e+08
1.741481400502279120e-01 3.267459933553173828e+10 5.903855263526669741e+08
1.758106483073458848e-01 3.209356880437440872e+10 5.825809360150983334e+08
1.774731566000750660e-01 3.153182843780855560e+10 5.756050315359619856e+08
1.791356649274240265e-01 3.098879864708459091e+10 5.694647695018980503e+08
1.807981732884377246e-01 3.046388366401976395e+10 5.641567356653500795e+08
1.824606816821959798e-01 2.995647307849821091e+10 5.596674435287629366e+08
1.841231901078118072e-01 2.946594338716091919e+10 5.559738861569322348e+08
1.857856985644300296e-01 2.899165955008494186e+10 5.530443220036078691e+08
1.874482070512257237e-01 2.853297655220699310e+10 5.508392608061614037e+08
1.891107155674030538e-01 2.808924096625725937e+10 5.493126039741655588e+08
1.907732241121938566e-01 2.765979251398530197e+10 5.484128865782588720e+08
1.924357326848565586e-01 2.724396562244951630e+10 5.480845655675867796e+08
1.940982412846749550e-01 2.684109097219664001e+10 5.482693010188032389e+08
1.957607499109572380e-01 2.645049703414633179e+10 5.489071832695233822e+08
1.974232585630348313e-01 2.607151159206240845e+10 5.499378675400369167e+08
1.990857672402615297e-01 2.570346324751588821e+10 5.513015878053131104e+08
2.007482759420124996e-01 2.534568290428993225e+10 5.529400320244623423e+08
2.024107846676835298e-01 2.499750522924381638e+10 5.547970704060062170e+08
2.040732934166899215e-01 2.465827008670294189e+10 5.568193365286060572e+08
2.057358021884660160e-01 2.432732394350969696e+10 5.589566675225111246e+08
2.073983109824642512e-01 2.400402124194145584e+10 5.611624140830436945e+08
2.090608197981545235e-01 2.368772573778948593e+10 5.633936339757061005e+08
2.107233286350234380e-01 2.337781180096607208e+10 5.656111841522020102e+08
2.123858374925735870e-01 2.307366567610001373e+10 5.677797269394357204e+08
2.140483463703231337e-01 2.277468670068466568e+10 5.698676652928721905e+08
2.157108552678049240e-01 2.248028847842924881e+10 5.718470210982272625e+08
2.173733641845664311e-01 2.218990000558608246e+10 5.736932691862851381e+08
2.190358731201685061e-01 2.190296674812235641e+10 5.753851382747979164e+08
2.206983820741854618e-01 2.161895166773789215e+10 5.769043885855406523e+08
2.223608910462041566e-01 2.133733619482822037e+10 5.782355744938513041e+08
2.240234000358239386e-01 2.105762114664695740e+10 5.793657992948933840e+08
2.256859090426557024e-01 2.077932758900672150e+10 5.802844680411143303e+08
2.273484180663219723e-01 2.050199764004818726e+10 5.809830434216881990e+08
2.290109271064561247e-01 2.022519521467257690e+10 5.814548088105865717e+08
2.306734361627020280e-01 1.994850670844069672e+10 5.816946418929439783e+08
2.323359452347137921e-01 1.967154161982064056e+10 5.816988016684324741e+08
2.339984543221555469e-01 1.939393310986170959e+10 5.814647311119837761e+08
2.356609634247005536e-01 1.911533849847253036e+10 5.809908773257828951e+08
2.373234725420314828e-01 1.883543969666450119e+10 5.802765306266254187e+08
2.389859816738397480e-01 1.855394357424892807e+10 5.793216836685259342e+08
2.406484908198254224e-01 1.827058226262519073e+10 5.781269113878016472e+08
2.423109999796965175e-01 1.798511339246577072e+10 5.766932722713634968e+08
2.439735091531692601e-01 1.769732026623332977e+10 5.750222311798759699e+08
2.456360183399674824e-01 1.740701196562249756e+10 5.731156037036803961e+08
2.472985275398224547e-01 1.711402339417887878e+10 5.709755217874866724e+08
2.489610367524725254e-01 1.681821525548119736e+10 5.686044201283414364e+08
2.506235459776631203e-01 1.651947396743212509e+10 5.660050426309378147e+08
2.522860552151463542e-01 1.621771151334314537e+10 5.631804679939277172e+08
2.539485644646808371e-01 1.591286523065107727e+10 5.601341533019572496e+08
2.556110737260313126e-01 1.560489753823993683e+10 5.568699943090938330e+08
2.572735829989687417e-01 1.529379560348552704e+10 5.533924009237399101e+08
2.589360922832700251e-01 1.497957095027529716e+10 5.497063862338793278e+08
2.605986015787175591e-01 1.466225900939895248e+10 5.458176672545862198e+08
2.622611108850994577e-01 1.434191861281864929e+10 5.417327754211984873e+08
2.639236202022091082e-01 1.401863143348025513e+10 5.374591746966724396e+08
2.655861295298450053e-01 1.369250137241991806e+10 5.330053850015398860e+08
2.672486388678106950e-01 1.336365389506906319e+10 5.283811085029440522e+08
2.689111482159146083e-01 1.303223531875275612e+10 5.235973561098483801e+08
2.705736575739698391e-01 1.269841205349308205e+10 5.186665713080742359e+08
2.722361669417941443e-01 1.236236979833858490e+10 5.136027482230944037e+08
2.738986763192096108e-01 1.202431269553106880e+10 5.084215405165748596e+08
2.755611857060425440e-01 1.168446244490748596e+10 5.031403574001270533e+08
2.772236951021236906e-01 1.134305738105076027e+10 4.977784426888427734e+08
2.788862045072874607e-01 1.100035151573492432e+10 4.923569324211174250e+08
2.805487139213725944e-01 1.065661354833805656e+10 4.868988861587902308e+08
2.822112233442213292e-01 1.031212584691318512e+10 4.814292866698684096e+08
2.838737327756796214e-01 9.967183402714784622e+09 4.759750023311682940e+08
2.855362422155972579e-01 9.622092760982807159e+09 4.705647063114854693e+08
2.871987516638271343e-01 9.277170930885063171e+09 4.652287464885035157e+08
2.888612611202258651e-01 8.932744277511295319e+09 4.599989601892045736e+08
2.905237705846532292e-01 8.589147398868026733e+09 4.549084283347606063e+08
2.921862800569720031e-01 8.246721990859668732e+09 4.499911645210930109e+08
2.938487895370484604e-01 7.905815703213791847e+09 4.452817360824792981e+08
2.955112990247516502e-01 7.566780989374946594e+09 4.408148163622357845e+08
2.971738085199533974e-01 7.229973953348025322e+09 4.366246702905717492e+08
2.988363180225286353e-01 6.895753196492154121e+09 4.327445789339686632e+08
3.004988275323551283e-01 6.564478667236398697e+09 4.292062128146892786e+08
3.021613370493130279e-01 6.236510516691723824e+09 4.260389682849426270e+08
3.038238465732852611e-01 5.912207963070581436e+09 4.232692857221515179e+08
3.054863561041573639e-01 5.591928167829680443e+09 4.209199723509851694e+08
3.071488656418173702e-01 5.276025126374426842e+09 4.190095555645533800e+08
3.088113751861554790e-01 4.964848576136993408e+09 4.175516942059336901e+08
3.104738847370644983e-01 4.658742924776064873e+09 4.165546749493466616e+08
3.121363942944395120e-01 4.358046201173097610e+09 4.160210184491897821e+08
3.137989038581776025e-01 4.063089031847780228e+09 4.159472153112890720e+08
3.154614134281782389e-01 3.774193645325603008e+09 4.163236054909843206e+08
3.171239230043430002e-01 3.491672906908225060e+09 4.171344070049829483e+08
3.187864325865753523e-01 3.215829386210042000e+09 4.183578916335030794e+08
3.204489421747808708e-01 2.946954459742467880e+09 4.199666974209353924e+08
3.221114517688670742e-01 2.685327450685693264e+09 4.219282610473107696e+08
3.237739613687434237e-01 2.431214807947725773e+09 4.242053481321017146e+08
3.254364709743211015e-01 2.184869326420614243e+09 4.267566565846978426e+08
3.270989805855132326e-01 1.946529410306757927e+09 4.295374672798832655e+08
3.287614902022346075e-01 1.716418381194874287e+09 4.325003174039766192e+08
3.304239998244018484e-01 1.494743832503554344e+09 4.355956743883850574e+08
3.320865094519330207e-01 1.281697031733556032e+09 4.387725919396676421e+08
3.337490190847480775e-01 1.077452371869874477e+09 4.419793337717554569e+08
3.354115287227684150e-01 8.821668731166058779e+08 4.451639548174531460e+08
3.370740383659170392e-01 6.959797360380628109e+08 4.482748335828440189e+08
3.387365480141183438e-01 5.190119469999024272e+08 4.512611526891262531e+08
3.403990576672984991e-01 3.513659367036740184e+08 4.540733273936875463e+08
3.420615673253846745e-01 1.931252924333148897e+08 4.566633839743031859e+08
3.437240769883058711e-01 4.435452450402200967e+07 4.589852913255617619e+08
3.453865866559921449e-01 -9.490111275182744861e+07 4.609952500441567302e+08
3.470490963283750507e-01 -2.246157452636504769e+08 4.626519437623886466e+08
3.487116060053874755e-01 -3.447829487267773151e+08 4.639167576344379783e+08
3.503741156869634166e-01 -4.554157634267530441e+08 4.647539687865126729e+08
3.520366253730383144e-01 -5.565466546324882507e+08 4.651309132917180657e+08
3.536991350635486642e-01 -6.482274189479283094e+08 4.650181338947146535e+08
3.553616447584322380e-01 -7.305290371531602144e+08 4.643895123463314772e+08
3.570241544576279180e-01 -8.035414742135846615e+08 4.632223898474680185e+08
3.586866641610758633e-01 -8.673734272670058012e+08 4.614976787835050225e+08
3.603491738687170098e-01 -9.221520225362592936e+08 4.591999686639885902e+08
3.620116835804937372e-01 -9.680224622574180365e+08 4.563176289868022799e+08
3.636741932963493684e-01 -1.005147622825890541e+09 4.528429116224648952e+08
3.653367030162280593e-01 -1.033707605510357499e+09 4.487720552712034583e+08
3.669992127400752979e-01 -1.053899241185941339e+09 4.441053945726476312e+08
3.686617224678372939e-01 -1.065935550675969839e+09 4.388474765522305369e+08
3.703242321994613118e-01 -1.070045162382474661e+09 4.330071872501953244e+08
3.719867419348956150e-01 -1.066471689023727298e+09 4.265978915926824212e+08
3.736492516740893000e-01 -1.055473065365409017e+09 4.196375897985028625e+08
3.753117614169925176e-01 -1.037320848960755229e+09 4.121490938381961584e+08
3.769742711635561405e-01 -1.012299485991207480e+09 4.041602276066066623e+08
3.786367809137318741e-01 -9.807055443806024790e+08 3.957040544486480951e+08
3.802992906674724227e-01 -9.428469164572134018e+08 3.868191353397383690e+08
3.819618004247312126e-01 -8.990419934854062796e+08 3.775498201560183764e+08
3.836243101854625026e-01 -8.496188144725532532e+08 3.679465727510698438e+08
3.852868199496213841e-01 -7.949141917183179855e+08 3.580663275301505327e+08
3.869493297171635593e-01 -7.352728156057413816e+08 3.479728702402765751e+08
3.886118394880457849e-01 -6.710463412157166004e+08 3.377372279236717820e+08
3.902743492622252064e-01 -6.025924593455749750e+08 3.274380413489140868e+08
3.919368590396599683e-01 -5.302739545786284804e+08 3.171618765251715779e+08
3.935993688203087704e-01 -4.544577530534630418e+08 3.070034090056941509e+08
3.952618786041311449e-01 -3.755139626087287068e+08 2.970653850630292892e+08
3.969243883910870685e-01 -2.938149079920951128e+08 2.874582284895563126e+08
3.985868981811374612e-01 -2.097341638185931444e+08 2.782991247444312572e+08
4.002494079742436872e-01 -1.236455879549013972e+08 2.697103843975739479e+08
4.019119177703678880e-01 -3.592235801332877576e+07 2.618168808981432319e+08
4.035744275694727046e-01 5.306398640509641171e+07 2.547423959138679206e+08
4.052369373715214440e-01 1.429444930863290131e+08 2.486048134338658750e+08
4.068994471764781906e-01 2.333537356078056395e+08 2.435102973057782352e+08
4.085619569843071952e-01 3.239307382179539800e+08 2.395468549438993037e+08
4.102244667949735413e-01 4.143198846925271153e+08 2.367779780311677158e+08
4.118869766084432005e-01 5.041718087087697983e+08 2.352372599290708005e+08
4.135494864246819224e-01 5.931442633521636724e+08 2.349249066747259498e+08
4.152119962436567890e-01 6.809029674358085394e+08 2.358068177668055296e+08
4.168745060653349932e-01 7.671224263709619045e+08 2.378164508524348438e+08
4.185370158896842829e-01 8.514867254307334423e+08 2.408591436745044291e+08
4.201995257166728504e-01 9.336902933092019558e+08 2.448181321075870693e+08
4.218620355462696647e-01 1.013438633983783484e+09 2.495613066239880919e+08
4.235245453784438063e-01 1.090449024975867033e+09 2.549478119291258752e+08
4.251870552131651881e-01 1.164451180210126162e+09 2.608338369502975941e+08
4.268495650504041117e-01 1.235187875773088455e+09 2.670772471449390352e+08
4.285120748901312115e-01 1.302415536979203939e+09 2.735409805348984599e+08
4.301745847323175664e-01 1.365904785274634600e+09 2.800953139278236628e+08
4.318370945769347546e-01 1.425440943607692242e+09 2.866192010477572680e+08
4.334996044239549096e-01 1.480824499044475317e+09 2.930009099584103227e+08
4.351621142733504422e-01 1.531871521484173059e+09 2.991381697853596807e+08
4.368246241250944295e-01 1.578414037512998819e+09 3.049379995459365249e+08
4.384871339791597822e-01 1.620300358505820036e+09 3.103163499624391794e+08
4.401496438355204099e-01 1.657395362257060051e+09 3.151976511411332488e+08
4.418121536941504446e-01 1.689580727528565168e+09 3.195143279869989157e+08
4.434746635550242400e-01 1.716755121046579123e+09 3.232063220352706313e+08
4.451371734181167605e-01 1.738834336602447033e+09 3.262206417081489563e+08
4.467996832834031928e-01 1.755751386068217754e+09 3.285109518863604665e+08
4.484621931508591675e-01 1.767456542225644112e+09 3.300372063053449988e+08
4.501247030204606481e-01 1.773917333511210442e+09 3.307653219645913839e+08
4.517872128921838204e-01 1.775118490827000380e+09 3.306668920689994693e+08
4.534497227660054253e-01 1.771061846785861254e+09 3.297189328954663277e+08
4.551122326419027031e-01 1.761766187808352709e+09 3.279036593422531486e+08
4.567747425198525613e-01 1.747267059696660757e+09 3.252082841041820645e+08
4.584372523998329063e-01 1.727616527351697445e+09 3.216248355098231435e+08
4.600997622818217003e-01 1.702882889521709204e+09 3.171499896987165809e+08
4.617622721657972384e-01 1.673150349481493473e+09 3.117849130729811788e+08
4.634247820517383154e-01 1.638518642782392263e+09 3.055351117154464126e+08
4.650872919396236149e-01 1.599102623192103148e+09 2.984102846609628797e+08
4.667498018294323758e-01 1.555031808207835197e+09 2.904241786786472201e+08
4.684123117211442255e-01 1.506449885457451105e+09 2.815944422681584358e+08
4.700748216147389580e-01 1.453514181616127491e+09 2.719424773572244644e+08
4.717373315101965336e-01 1.396395095310168505e+09 2.614932870452906191e+08
4.733998414074974126e-01 1.335275495882212400e+09 2.502753185794751942e+08
4.750623513066224435e-01 1.270350089609434605e+09 2.383203003832095563e+08
4.767248612075521974e-01 1.201824755496241808e+09 2.256630729359289110e+08
4.783873711102680226e-01 1.129915852305809736e+09 2.123414126490664482e+08
4.800498810147514894e-01 1.054849499207552671e+09 1.983958491324342787e+08
4.817123909209840571e-01 9.768608317155003548e+08 1.838694751822428405e+08
4.833749008289477955e-01 8.961932355964112282e+08 1.688077505972522199e+08
4.850374107386249412e-01 8.130975602883417606e+08 1.532582992426221669e+08
4.866999206499977859e-01 7.278313149621100426e+08 1.372707016810153127e+08
4.883624305630492324e-01 6.406578483597614765e+08 1.208962831525329053e+08
4.900249404777619611e-01 5.518455163420989513e+08 1.041879028386894315e+08
4.916874503941192631e-01 4.616668372041519284e+08 8.719974890117150545e+07
4.933499603121045407e-01 3.703976406391030550e+08 6.998716929772993922e+07
4.950124702317013070e-01 2.783162069053876400e+08 5.260662088086733222e+07
4.966749801528934083e-01 1.857024094018265009e+08 3.511621424141715467e+07
4.983374900756649684e-01 9.283683065296044946e+07 1.758073469968434051e+07
