# r [arcsec]	I [Jy/sr]	I_uncer [Jy/sr]
3.817853577942286001e-03 1.423528359636851807e+11 1.326052374763312578e+09
8.763567027319327241e-03 1.418793062741399231e+11 1.309500570076722383e+09
1.373848758764146562e-02 1.410323137067661743e+11 1.280105491318159819e+09
1.872000728009374365e-02 1.398200301582093201e+11 1.238507846448064327e+09
2.370403017919163122e-02 1.382543421876172791e+11 1.185628680761722326e+09
2.868926438607016446e-02 1.363505221437909546e+11 1.122650877393461943e+09
3.367517554121116780e-02 1.341269842159378662e+11 1.051004674113388181e+09
3.866150302165524688e-02 1.316050060912933044e+11 9.723556269396675825e+08
4.364810467787801074e-02 1.288084117412785797e+11 8.885990145709767342e+08
4.863489642318288148e-02 1.257632195908842316e+11 8.018668777535845041e+08
5.362182534931311806e-02 1.224972620526239929e+11 7.145561304039508104e+08
5.860885650759287135e-02 1.190397831060854950e+11 6.293868975970803499e+08
6.359596588733901212e-02 1.154210209968530579e+11 5.494923532267843485e+08
6.858313644859315161e-02 1.116717833380832977e+11 4.785032311917922497e+08
7.357035576433633428e-02 1.078230219515466461e+11 4.204767786900178194e+08
7.855761455883611410e-02 1.039054146910597992e+11 3.793197303312551975e+08
8.354490576851973660e-02 9.994896125626757812e+10 3.573715561909582615e+08
8.853222391973845917e-02 9.598259963621621704e+10 3.537474477202460766e+08
9.351956470533653865e-02 9.203384932985708618e+10 3.641913063850947618e+08
9.850692468967806037e-02 8.812848688659696960e+10 3.829144545152334571e+08
1.034943010988605139e-01 8.429025860850532532e+10 4.046139886182059646e+08
1.084816916687353777e-01 8.054063447277139282e+10 4.253558422070507407e+08
1.134690945329698275e-01 7.689860648597836304e+10 4.425713208737040758e+08
1.184565081393615799e-01 7.338053378921054077e+10 4.547634042319324613e+08
1.234439311864233557e-01 7.000003591406291199e+10 4.612190820530694127e+08
1.284313625747323662e-01 6.676793466352896881e+10 4.617973956284937859e+08
1.334188013691842700e-01 6.369224417760225677e+10 4.567847728684782982e+08
1.384062467694026355e-01 6.077820785948909760e+10 4.467961198122595549e+08
1.433936980863204647e-01 5.802838000201388550e+10 4.327038121871649027e+08
1.483811547234816508e-01 5.544274918083808899e+10 4.155815448270568252e+08
1.533686161619891020e-01 5.301889978579397583e+10 3.966524322833453417e+08
1.583560819482959792e-01 5.075220745591787720e+10 3.772307698284636140e+08
1.633435516842324520e-01 4.863606367779023743e+10 3.586458834458251595e+08
1.683310250188047585e-01 4.666212440785761261e+10 3.421378766744471192e+08
1.733185016414096891e-01 4.482057729286633301e+10 3.287243014636342525e+08
1.783059812761873808e-01 4.310042189071385956e+10 3.190576379036420584e+08
1.832934636772959591e-01 4.148975723721821594e+10 3.133186032310809493e+08
1.882809486249364950e-01 3.997607116003838348e+10 3.111967740556193590e+08
1.932684359219939418e-01 3.854652590473321533e+10 3.119790435214090943e+08
1.982559253911843622e-01 3.718823490295464325e+10 3.147145052999828458e+08
2.032434168726222901e-01 3.588852587043189240e+10 3.183939118287989497e+08
2.082309102217375085e-01 3.463518586241617584e+10 3.220926154072362185e+08
2.132184053074845376e-01 3.341668442502365875e+10 3.250578862075468898e+08
2.182059020107968983e-01 3.222237154965371323e+10 3.267469537434496880e+08
2.231934002232490444e-01 3.104264775098030090e+10 3.268315803740058541e+08
2.281808998458938198e-01 2.986910423285841751e+10 3.251835999569430947e+08
2.331684007882487975e-01 2.869463176694374466e+10 3.218509232683813572e+08
2.381559029674101546e-01 2.751349757182307434e+10 3.170289836638075709e+08
2.431434063072751561e-01 2.632139013270343781e+10 3.110295515260952711e+08
2.481309107378594780e-01 2.511543253035770416e+10 3.042471590858139396e+08
2.531184161946937738e-01 2.389416544137525940e+10 2.971227457780702114e+08
2.581059226182911837e-01 2.265750151922005463e+10 2.901044233098399639e+08
2.630934299536754062e-01 2.140665335781536865e+10 2.836064547863355279e+08
2.680809381499607014e-01 2.014403766871716309e+10 2.779694849039657712e+08
2.730684471599785779e-01 1.887315866306598663e+10 2.734271185383099318e+08
2.780559569399445041e-01 1.759847391597673035e+10 2.700849486380990744e+08
2.830434674491599245e-01 1.632524620093643379e+10 2.679168958829702437e+08
2.880309786497447511e-01 1.505938491389002609e+10 2.667800580043013394e+08
2.930184905063976664e-01 1.380728076147076416e+10 2.664445716064988673e+08
2.980060029861805737e-01 1.257563736718632317e+10 2.666315055331542492e+08
3.029935160583238640e-01 1.137130335671940041e+10 2.670510252045682967e+08
3.079810296940508341e-01 1.020110832355828857e+10 2.674347994076910317e+08
3.129685438664192021e-01 9.071705854783838272e+09 2.675594827871473134e+08
3.179560585501768344e-01 7.989426520911746025e+09 2.672606971635224521e+08
3.229435737216315716e-01 6.960143410867252350e+09 2.664385594783871472e+08
3.279310893585324904e-01 5.989152431807006836e+09 2.650564659194121957e+08
3.329186054399617678e-01 5.081069202325945854e+09 2.631348743826033175e+08
3.379061219462368704e-01 4.239743955625532627e+09 2.607415845540907383e+08
3.428936388588199047e-01 3.468195445508841515e+09 2.579797370714606345e+08
3.478811561602362934e-01 2.768564421574096203e+09 2.549745586158490181e+08
3.528686738339993356e-01 2.142086819327455044e+09 2.518597973868114352e+08
3.578561918645413176e-01 1.589086404343511581e+09 2.487647946028890014e+08
3.628437102371503964e-01 1.108986224649986982e+09 2.458031575966334939e+08
3.678312289379127020e-01 7.003378691056298018e+08 2.430639571879462004e+08
3.728187479536588800e-01 3.608672077114301324e+08 2.406061947706631124e+08
3.778062672719147974e-01 8.753500771223130822e+07 2.384569438451337814e+08
3.827937868808565791e-01 -1.233894188647826463e+08 2.366131037434887290e+08
3.877813067692685856e-01 -2.762435717425354123e+08 2.350462098883552253e+08
3.927688269265047216e-01 -3.758783005733437538e+08 2.337093505982304215e+08
3.977563473424529095e-01 -4.275577942347055674e+08 2.325450428611538410e+08
4.027438680075018929e-01 -4.368553324834871888e+08 2.314929490429030359e+08
4.077313889125108171e-01 -4.095471038393999338e+08 2.304965323542240262e+08
4.127189100487804740e-01 -3.515063390306786895e+08 2.295080673359996676e+08
4.177064314080274343e-01 -2.685999104618549943e+08 2.284917549959131181e+08
4.226939529823587338e-01 -1.665894086078864336e+08 2.274249771879850924e+08
4.276814747642498915e-01 -5.103853032314701378e+07 2.262979311128731072e+08
4.326689967465233155e-01 7.277159326075959206e+07 2.251120090450718999e+08
4.376565189223286523e-01 1.999177348859354258e+08 2.238773420542740822e+08
4.426440412851241901e-01 3.258994345379973054e+08 2.226099255325720906e+08
4.476315638286594845e-01 4.466925149297481775e+08 2.213287033746286929e+08
4.526190865469603142e-01 5.587906518209425211e+08 2.200529184542769790e+08
4.576066094343120838e-01 6.592346797109657526e+08 2.187999495647553802e+08
4.625941324852472225e-01 7.456295873028128147e+08 2.175837590201341808e+08
4.675816556945310287e-01 8.161494213531495333e+08 2.164139811190592051e+08
4.725691790571502904e-01 8.695305667821043730e+08 2.152956003210843205e+08
4.775567025683005173e-01 9.050541003803625107e+08 2.142291085693282187e+08
4.825442262233765600e-01 9.225181208372923136e+08 2.132109996496618390e+08
4.875317500179611185e-01 9.222011355043872595e+08 2.122344559271619618e+08
4.925192739478161941e-01 9.048177313574774265e+08 2.112901052523609996e+08
4.975067980088735964e-01 8.714678718649520874e+08 2.103667651511833966e+08
5.024943221972267837e-01 8.235812415070922375e+08 2.094521372090075314e+08
5.074818465091224251e-01 7.628581049138172865e+08 2.085334564278530777e+08
5.124693709409537945e-01 6.912081581942877769e+08 2.075981297996639013e+08
5.174568954892526662e-01 6.106888269647246599e+08 2.066344101869002879e+08
5.224444201506837082e-01 5.234444105332925320e+08 2.056321444182671309e+08
5.274319449220377098e-01 4.316473870288986564e+08 2.045836104616449177e+08
5.324194698002251425e-01 3.374430829366543889e+08 2.034844226207366288e+08
5.374069947822720517e-01 2.428987760185191035e+08 2.023344426497902870e+08
5.423945198653131738e-01 1.499581468864743114e+08 2.011385958478400111e+08
5.473820450465878285e-01 6.040182581873369962e+07 1.999074616464718878e+08
5.523695703234354770e-01 -2.418539774136706442e+07 1.986574941179268062e+08
5.573570956932899501e-01 -1.024403205801685303e+08 1.974107341585222781e+08
5.623446211536771155e-01 -1.732398298545326591e+08 1.961939053218131065e+08
5.673321467022091058e-01 -2.357121528594613671e+08 1.950368408014785349e+08
5.723196723365815419e-01 -2.892410147907708883e+08 1.939702682139516473e+08
5.773071980545696480e-01 -3.334630308468627930e+08 1.930230753094858825e+08
5.822947238540248094e-01 -3.682588078884210587e+08 1.922192813484271467e+08
5.872822497328716862e-01 -3.937383615625688434e+08 1.915750275652498603e+08
5.922697756891045495e-01 -4.102215647369776964e+08 1.910959545995595753e+08
5.972573017207846169e-01 -4.182144303311920762e+08 1.907753359894300997e+08
6.022448278260374988e-01 -4.183820948442552686e+08 1.905932752087960243e+08
6.072323540030505340e-01 -4.115194073853573203e+08 1.905171547394154966e+08
6.122198802500696813e-01 -3.985200427808836699e+08 1.905033704879243076e+08
6.172074065653979646e-01 -3.803450469697116017e+08 1.905002247115470767e+08
6.221949329473926982e-01 -3.579916895924220681e+08 1.904517166662688851e+08
6.271824593944635984e-01 -3.324634442010269761e+08 1.903018836942703426e+08
6.321699859050702308e-01 -3.047418431017286777e+08 1.899993125437931120e+08
6.371575124777206778e-01 -2.757608641538900733e+08 1.895014534579435289e+08
6.421450391109693179e-01 -2.463844039026325047e+08 1.887784117508090436e+08
6.471325658034148276e-01 -2.173872784579767883e+08 1.878159457129729986e+08
6.521200925536991821e-01 -1.894400739611799717e+08 1.866174525551819801e+08
6.571076193605055460e-01 -1.630980457737135887e+08 1.852047697759631872e+08
6.620951462225563855e-01 -1.387941430943916738e+08 1.836176598551153839e+08
6.670826731386124697e-01 -1.168361168895247728e+08 1.819118906811280847e+08
6.720702001074717602e-01 -9.740755685880269110e+07 1.801558868805207014e+08
6.770577271279670795e-01 -8.057260049254369736e+07 1.784260238693810403e+08
6.820452541989658890e-01 -6.628396650559448451e+07 1.768007776754650176e+08
6.870327813193682909e-01 -5.439388810697575659e+07 1.753541260989721417e+08
6.920203084881060285e-01 -4.466746022813086957e+07 1.741487942933098078e+08
6.970078357041413764e-01 -3.679787006652819365e+07 1.732300981193920374e+08
7.019953629664664740e-01 -3.042295268059705943e+07 1.726211943502800167e+08
7.069828902741016607e-01 -2.514250295508527011e+07 1.723204425727613270e+08
7.119704176260943651e-01 -2.053578163440982997e+07 1.723013092903908789e+08
7.169579450215193273e-01 -1.617867540900748782e+07 1.725148540327273011e+08
7.219454724594762673e-01 -1.166000793733189628e+07 1.728944339716807008e+08
7.269329999390895525e-01 -6.596548517066050321e+06 1.733619576045085788e+08
7.319205274595077526e-01 -6.463259212651398266e+05 1.738348776928857863e+08
7.369080550199024193e-01 6.480075561652060598e+06 1.742331423054957986e+08
7.418955826194673087e-01 1.501048496659191884e+07 1.744854709582614601e+08
7.468831102574174929e-01 2.510454571903494745e+07 1.745345204372180402e+08
7.518706379329892497e-01 3.684963519934102893e+07 1.743406922421850264e+08
7.568581656454390627e-01 5.025930908492811024e+07 1.738844769573434293e+08
7.618456933940425113e-01 6.527420019047250599e+07 1.731673225100055337e+08
7.668332211780939378e-01 8.176523052438735962e+07 1.722110634231135249e+08
7.718207489969062252e-01 9.953893172412668169e+07 1.710559758381393254e+08
7.768082768498100199e-01 1.183446145226294696e+08 1.697575494781619012e+08
7.817958047361527329e-01 1.378830836860882044e+08 1.683821118111712933e+08
7.867833326552983175e-01 1.578165618713940084e+08 1.670015144441037476e+08
7.917708606066273802e-01 1.777794645832618475e+08 1.656871996200909317e+08
7.967583885895350715e-01 1.973896590503162444e+08 1.645040923417990506e+08
8.017459166034320850e-01 2.162598421501216292e+08 1.635048796132179797e+08
8.067334446477437693e-01 2.340086859412661791e+08 1.627252973975256681e+08
8.117209727219093507e-01 2.502714230237169266e+08 1.621810039740518630e+08
8.167085008253823775e-01 2.647095766780655384e+08 1.618664540732894540e+08
8.216960289576287213e-01 2.770195811350935102e+08 1.617559207078721821e+08
8.266835571181275766e-01 2.869400838053134680e+08 1.618065013257004619e+08
8.316710853063710163e-01 2.942577721511800885e+08 1.619626716153510809e+08
8.366586135218624376e-01 2.988116213150671721e+08 1.621617799796323180e+08
8.416461417641176723e-01 3.004955128345472813e+08 1.623398348114588261e+08
8.466336700326639875e-01 2.992592280198960900e+08 1.624370079224877656e+08
8.516211983270388641e-01 2.951078701932100058e+08 1.624024155386357009e+08
8.566087266467917738e-01 2.880998164631168246e+08 1.621978932330748439e+08
8.615962549914814028e-01 2.783433407394819856e+08 1.618006159510229826e+08
8.665837833606774288e-01 2.659920841592108011e+08 1.612045112851420343e+08
8.715713117539596322e-01 2.512395761723844409e+08 1.604204729586922526e+08
8.765588401709160093e-01 2.343130286494852304e+08 1.594754127226265073e+08
8.815463686111453256e-01 2.154666362249085307e+08 1.584102083996701539e+08
8.865338970742548952e-01 1.949746186852765977e+08 1.572766302405987382e+08
8.915214255598600257e-01 1.731242358005759418e+08 1.561333712053455710e+08
8.965089540675857949e-01 1.502089921065305769e+08 1.550413773882807791e+08
9.014964825970653850e-01 1.265222295167048275e+08 1.540587706485193968e+08
9.064840111479389728e-01 1.023512802271165848e+08 1.532357609191934466e+08
9.114715397198557278e-01 7.797232227415898442e+07 1.526100309491118789e+08
9.164590683124720361e-01 5.364604654520432651e+07 1.522031040424874723e+08
9.214465969254520550e-01 2.961420832057290152e+07 1.520181447436162829e+08
9.264341255584663815e-01 6.097099877325871028e+06 1.520394856255552173e+08
9.314216542111933839e-01 -1.670805538289632648e+07 1.522339459504147768e+08
9.364091828833184250e-01 -3.862782114464480430e+07 1.525537635375708342e+08
9.413967115745327519e-01 -5.951244402254535258e+07 1.529407607518911660e+08
9.463842402845346058e-01 -7.923501984862869978e+07 1.533312527019290328e+08
9.513717690130290006e-01 -9.769004596005392075e+07 1.536611914654632509e+08
9.563592977597260569e-01 -1.147914923564652354e+08 1.538711042885019183e+08
9.613468265243425570e-01 -1.304705360172593296e+08 1.539104892954818010e+08
9.663343553066010561e-01 -1.446731079706155956e+08 1.537414424591354132e+08
9.713218841062303266e-01 -1.573574018533038795e+08 1.533413788826248944e+08
9.763094129229632490e-01 -1.684914859215103388e+08 1.527047689098981023e+08
9.812969417565396979e-01 -1.780511481431252360e+08 1.518438365908974707e+08
9.862844706067037670e-01 -1.860180867496682107e+08 1.507881742313340902e+08
9.912719994732055451e-01 -1.923785371730904579e+08 1.495832267424558401e+08
9.962595283557990067e-01 -1.971224015659899414e+08 1.482876107508994639e+08
1.001247057254244233e+00 -2.002429200681051016e+08 1.469692744853699505e+08
1.006234586168305301e+00 -2.017368947218096256e+08 1.457005914885531962e+08
1.011222115097751173e+00 -2.016054485265499055e+08 1.445526212936160862e+08
1.016209644042354920e+00 -1.998552746556372941e+08 1.435889519368350208e+08
1.021197173001895608e+00 -1.965003053613774180e+08 1.428597247174406052e+08
1.026184701976153857e+00 -1.915637075380236506e+08 1.423965684316017628e+08
1.031172230964917613e+00 -1.850800931312572062e+08 1.422091697897734344e+08
1.036159759967976379e+00 -1.770978183022707999e+08 1.422840375905328989e+08
1.041147288985125208e+00 -1.676812360012468994e+08 1.425856977136143446e+08
1.046134818016162260e+00 -1.569127627708928585e+08 1.430601649384940267e+08
1.051122347060890139e+00 -1.448946223434108794e+08 1.436401886895846725e+08
1.056109876119114777e+00 -1.317501359124834090e+08 1.442515556545091867e+08
1.061097405190645881e+00 -1.176244416357742995e+08 1.448196863595963120e+08
1.066084934275296714e+00 -1.026845435593523234e+08 1.452758561563791037e+08
1.071072463372883643e+00 -8.711861218629997969e+07 1.455625391813523471e+08
1.076059992483227479e+00 -7.113448459996521473e+07 1.456375518143396974e+08
1.081047521606151030e+00 -5.495734056409692019e+07 1.454768176809559166e+08
1.086035050741481101e+00 -3.882656137571886182e+07 1.450756750463169515e+08
1.091022579889048050e+00 -2.299180942881734297e+07 1.444487070263463855e+08
1.096010109048684011e+00 -7.708397386844371445e+06 1.436281150388296545e+08
1.100997638220225783e+00 6.767954523294040002e+06 1.426606999557910860e+08
1.105985167403511937e+00 2.018684731633379310e+07 1.416035849913230240e+08
1.110972696598383935e+00 3.230926845248235762e+07 1.405189230276862085e+08
1.115960225804686790e+00 4.291382402391007543e+07 1.394679776634103954e+08
1.120947755022267955e+00 5.180295377958176285e+07 1.385051291620942056e+08
1.125935284250977553e+00 5.880893567825622857e+07 1.376724878872013092e+08
1.130922813490668366e+00 6.379948352594118565e+07 1.369958391290881634e+08
1.135910342741195622e+00 6.668274437473179400e+07 1.364825441371910572e+08
1.140897872002417213e+00 6.741151181273947656e+07 1.361217705791702569e+08
1.145885401274193693e+00 6.598648690058697015e+07 1.358870650809749663e+08
1.150872930556387619e+00 6.245843998550183326e+07 1.357408998379210830e+08
1.155860459848864208e+00 5.692915340598198771e+07 1.356405220030991435e+08
1.160847989151490678e+00 4.955105651004908234e+07 1.355442726887517273e+08
1.165835518464137355e+00 4.052549956685722619e+07 1.354175311127853990e+08
1.170823047786675675e+00 3.009965110706576332e+07 1.352375422728997469e+08
1.175810577118979738e+00 1.856204285898559168e+07 1.349965506242614686e+08
1.180798106460926311e+00 6.236826638310028240e+06 1.347028470635091662e+08
1.185785635812393490e+00 -6.523152921161407605e+06 1.343795287016201019e+08
1.190773165173261150e+00 -1.934432820239806548e+07 1.340609816703978777e+08
1.195760694543412272e+00 -3.184124471143254638e+07 1.337873465127403736e+08
1.200748223922731173e+00 -4.362605652147421241e+07 1.335975191615510434e+08
1.205735753311103498e+00 -5.431844855750092119e+07 1.335215474759374708e+08
1.210723282708418003e+00 -6.355573355672359467e+07 1.335735286658145785e+08
1.215710812114564332e+00 -7.100285848889346421e+07 1.337461958813955486e+08
1.220698341529434350e+00 -7.636204927814638615e+07 1.340082239031057507e+08
1.225685870952921253e+00 -7.938182416655524075e+07 1.343048820271930993e+08
1.230673400384920457e+00 -7.986511509569802880e+07 1.345621137273213863e+08
1.235660929825329379e+00 -7.767625296889081597e+07 1.346935876211113632e+08
1.240648459274045878e+00 -7.274659625936162472e+07 1.346098891951021254e+08
1.245635988730970478e+00 -6.507861265274136513e+07 1.342288730468191206e+08
1.250623518196004813e+00 -5.474825952233836800e+07 1.334862384642657936e+08
1.255611047669052738e+00 -4.190555017362232506e+07 1.323455288100665212e+08
1.260598577150018551e+00 -2.677323789810298383e+07 1.308068727850015908e+08
1.265586106638808772e+00 -9.643597824314704165e+06 1.289137876152338684e+08
1.270573636135331475e+00 9.126663947383176535e+06 1.267571914111693799e+08
1.275561165639495398e+00 2.912329464187759906e+07 1.244754210597168356e+08
1.280548695151212168e+00 4.988304455530815572e+07 1.222486254880670756e+08
1.285536224670393413e+00 7.090370791241881251e+07 1.202856992794398516e+08
1.290523754196952311e+00 9.165543783283966780e+07 1.188024908048580140e+08
1.295511283730804264e+00 1.115930805486564636e+08 1.179919965165645927e+08
1.300498813271864673e+00 1.301692421107540131e+08 1.179907142572142631e+08
1.305486342820051382e+00 1.468477757308569551e+08 1.188489240531069338e+08
1.310473872375283122e+00 1.611173604686265290e+08 1.205137179241858423e+08
1.315461401937479291e+00 1.725048326747059226e+08 1.228302064391304255e+08
1.320448931506561285e+00 1.805879309019552171e+08 1.255598609619171321e+08
1.325436461082451389e+00 1.850071229424479902e+08 1.284094675964186788e+08
1.330423990665072775e+00 1.854762002735395432e+08 1.310627041398972273e+08
1.335411520254350393e+00 1.817913500803925395e+08 1.332085213533182293e+08
1.340399049850209634e+00 1.738384477818830013e+08 1.345638610730720460e+08
1.345386579452577447e+00 1.615983527463778257e+08 1.348907997650619745e+08
1.350374109061381667e+00 1.451500358999498785e+08 1.340094350534371734e+08
1.355361638676551461e+00 1.246714189226730913e+08 1.318081168009161353e+08
1.360349168298016442e+00 1.004378596893182695e+08 1.282525118691309392e+08
1.365336697925707776e+00 7.281827595570185781e+07 1.233948413626130968e+08
1.370324227559557517e+00 4.226895785728672147e+07 1.173845479760778099e+08
1.375311757199498608e+00 9.325177821435134858e+06 1.104814587036616951e+08
1.380299286845465101e+00 -2.540923718093030155e+07 1.030715036414192468e+08
1.385286816497391715e+00 -6.127415328946904838e+07 9.568142865914332867e+07
1.390274346155214724e+00 -9.756693124708619714e+07 8.897926134609042108e+07
1.395261875818870623e+00 -1.335574735754991323e+08 8.372926286575685441e+07
1.400249405488297016e+00 -1.685041740931096673e+08 8.065707621086202562e+07
1.405236935163432621e+00 -2.016703996799679995e+08 8.022093785446746647e+07
1.410224464844216596e+00 -2.323411160543026626e+08 8.240451865134559572e+07
1.415211994530589656e+00 -2.598392610669541359e+08 8.670456977614790201e+07
1.420199524222492293e+00 -2.835414701857993603e+08 9.232477923469457030e+07
1.425187053919866997e+00 -3.028927704462092519e+08 9.840869147826677561e+07
1.430174583622656481e+00 -3.174198799314464927e+08 1.041839150668391287e+08
1.435162113330804123e+00 -3.267427806778937578e+08 1.090135798868144155e+08
1.440149643044254413e+00 -3.305842715680785775e+08 1.123992746664048731e+08
1.445137172762952060e+00 -3.287772552143493891e+08 1.139686375646448284e+08
1.450124702486843331e+00 -3.212695656684582829e+08 1.134618582386727333e+08
1.455112232215874490e+00 -3.081262034897537231e+08 1.107208426512469351e+08
1.460099761949993358e+00 -2.895289062753934860e+08 1.056808801210465580e+08
1.465087291689147531e+00 -2.657730491408511400e+08 9.836370274258346856e+07
1.470074821433285939e+00 -2.372619331747470200e+08 8.887088304803015292e+07
1.475062351182357734e+00 -2.044985870853516161e+08 7.737681171844042838e+07
1.480049880936313622e+00 -1.680752647553246915e+08 6.412079499480091035e+07
1.485037410695103866e+00 -1.286608853591918647e+08 4.939805187580478191e+07
1.490024940458680058e+00 -8.698670205504451692e+07 3.354958215125456825e+07
1.495012470226994683e+00 -4.383055849014458060e+07 1.695106535183118656e+07
