# r [arcsec]	I [Jy/sr]	I_uncer [Jy/sr]
3.817853577942286001e-03 1.849056617956170349e+11 2.547821659854845524e+09
8.763567027319327241e-03 1.843229545866881104e+11 2.523910810258880615e+09
1.373848758764146562e-02 1.832799976985800171e+11 2.481315899292639732e+09
1.872000728009374365e-02 1.817857065646905823e+11 2.420744643538094997e+09
2.370403017919163122e-02 1.798531178563834839e+11 2.343220285350827694e+09
2.868926438607016446e-02 1.774990453525978088e+11 2.250062007345541477e+09
3.367517554121116780e-02 1.747438560625152283e+11 2.142870434712574720e+09
3.866150302165524688e-02 1.716112176859283752e+11 2.023513504388871431e+09
4.364810467787801074e-02 1.681278093680011597e+11 1.894114484751550674e+09
4.863489642318288148e-02 1.643229981225086975e+11 1.757045172860787630e+09
5.362182534931311806e-02 1.602284851716950684e+11 1.614928393870887280e+09
5.860885650759287135e-02 1.558779271432032166e+11 1.470655016816316605e+09
6.359596588733901212e-02 1.513065374652629395e+11 1.327421062157465696e+09
6.858313644859315161e-02 1.465506735647281189e+11 1.188787699857145786e+09
7.357035576433633428e-02 1.416474156318958740e+11 1.058754562285486698e+09
7.855761455883611410e-02 1.366341427795165558e+11 9.418006842870906591e+08
8.354490576851973660e-02 1.315481123939808350e+11 8.427675865852749348e+08
8.853222391973845917e-02 1.264260483569967041e+11 7.663467608718147278e+08
9.351956470533653865e-02 1.213037436094287415e+11 7.159452375618805885e+08
9.850692468967806037e-02 1.162156822400705872e+11 6.921693501865935326e+08
1.034943010988605139e-01 1.111946859167502899e+11 6.919728641647402048e+08
1.084816916687353777e-01 1.062715890424105225e+11 7.094251283328313828e+08
1.134690945329698275e-01 1.014749465228113861e+11 7.375984232151703835e+08
1.184565081393615799e-01 9.683077748429464722e+10 7.702100253313570023e+08
1.234439311864233557e-01 9.236234768948666382e+10 8.023636691181728840e+08
1.284313625747323662e-01 8.808999277620677185e+10 8.306065397044725418e+08
1.334188013691842700e-01 8.403098380107559204e+10 8.527045213765935898e+08
1.384062467694026355e-01 8.019943591511770630e+10 8.673753182802670002e+08
1.433936980863204647e-01 7.660626034519477844e+10 8.740648249953392744e+08
1.483811547234816508e-01 7.325915921279806519e+10 8.727793645840046406e+08
1.533686161619891020e-01 7.016266210115791321e+10 8.639635286726815701e+08
1.583560819482959792e-01 6.731820269219969940e+10 8.484100633321892023e+08
1.633435516842324520e-01 6.472423324590097046e+10 8.271902949892545938e+08
1.683310250188047585e-01 6.237637419379322815e+10 8.015959438912857771e+08
1.733185016414096891e-01 6.026759567316636658e+10 7.730844873476054668e+08
1.783059812761873808e-01 5.838842744456438446e+10 7.432205036305598021e+08
1.832934636772959591e-01 5.672719331747312927e+10 7.136053308641355038e+08
1.882809486249364950e-01 5.527026596098890686e+10 6.857883275132868290e+08
1.932684359219939418e-01 5.400233780004251099e+10 6.611571615920900106e+08
1.982559253911843622e-01 5.290670359434638977e+10 6.408137947855446339e+08
2.032434168726222901e-01 5.196555026625273895e+10 6.254563029114433527e+08
2.082309102217375085e-01 5.116024958358003235e+10 6.152980155324224234e+08
2.132184053074845376e-01 5.047164941144559479e+10 6.100544045299860239e+08
2.182059020107968983e-01 4.988035941926354218e+10 6.090093959118930101e+08
2.231934002232490444e-01 4.936702736066598511e+10 6.111446383650194407e+08
2.281808998458938198e-01 4.891260232915559387e+10 6.152952353202701807e+08
2.331684007882487975e-01 4.849858172463983917e+10 6.202945142908756733e+08
2.381559029674101546e-01 4.810723903821406555e+10 6.250844999651491642e+08
2.431434063072751561e-01 4.772182996733995056e+10 6.287859018905373812e+08
2.481309107378594780e-01 4.732677480284722137e+10 6.307329780625025034e+08
2.531184161946937738e-01 4.690781547501988220e+10 6.304829536697794199e+08
2.581059226182911837e-01 4.645214610037019348e+10 6.278091824689229727e+08
2.630934299536754062e-01 4.594851632551032257e+10 6.226848063907195330e+08
2.680809381499607014e-01 4.538730721235664368e+10 6.152610678948258162e+08
2.730684471599785779e-01 4.476057984231585693e+10 6.058423540817217827e+08
2.780559569399445041e-01 4.406209722945104980e+10 5.948586085473439693e+08
2.830434674491599245e-01 4.328732051789657593e+10 5.828348550764025450e+08
2.880309786497447511e-01 4.243338079140246582e+10 5.703571784845534563e+08
2.930184905063976664e-01 4.149902813844249725e+10 5.580346393575241566e+08
2.980060029861805737e-01 4.048455989090611267e+10 5.464573645783321857e+08
3.029935160583238640e-01 3.939173018519295502e+10 5.361525012655887008e+08
3.079810296940508341e-01 3.822364317953094482e+10 5.275416407644723654e+08
3.129685438664192021e-01 3.698463239943453979e+10 5.209050861473533511e+08
3.179560585501768344e-01 3.568012877420779419e+10 5.163589861807793975e+08
3.229435737216315716e-01 3.431651997188851547e+10 5.138500605090079308e+08
3.279310893585324904e-01 3.290100363948199463e+10 5.131693763160490990e+08
3.329186054399617678e-01 3.144143711186439896e+10 5.139825021020824313e+08
3.379061219462368704e-01 2.994618606927519608e+10 5.158700514202330709e+08
3.428936388588199047e-01 2.842397450317440414e+10 5.183713860050816536e+08
3.478811561602362934e-01 2.688373819746078110e+10 5.210251800554906130e+08
3.528686738339993356e-01 2.533448375083529663e+10 5.234027877723212242e+08
3.578561918645413176e-01 2.378515496119836426e+10 5.251327824764828682e+08
3.628437102371503964e-01 2.224450816908804321e+10 5.259168827126753330e+08
3.678312289379127020e-01 2.072099791934330750e+10 5.255385097058271766e+08
3.728187479536588800e-01 1.922267405324329376e+10 5.238655576165379882e+08
3.778062672719147974e-01 1.775709109226264191e+10 5.208488599120905399e+08
3.827937868808565791e-01 1.633123052383032227e+10 5.165175340206452012e+08
3.877813067692685856e-01 1.495143635364587784e+10 5.109720354641326666e+08
3.927688269265047216e-01 1.362336405208844376e+10 5.043754324410491586e+08
3.977563473424529095e-01 1.235194279788531685e+10 4.969431574771546721e+08
4.027438680075018929e-01 1.114135071361462212e+10 4.889313198007377386e+08
4.077313889125108171e-01 9.995002597638195038e+09 4.806235834637758732e+08
4.127189100487804740e-01 8.915549487889904022e+09 4.723166488260243535e+08
4.177064314080274343e-01 7.904889246353226662e+09 4.643045357181546092e+08
4.226939529823587338e-01 6.964187230226845741e+09 4.568621576576493382e+08
4.276814747642498915e-01 6.093906017382714272e+09 4.502290636540995240e+08
4.326689967465233155e-01 5.293843079943348885e+09 4.445946180194244385e+08
4.376565189223286523e-01 4.563175250330315590e+09 4.400861471590497494e+08
4.426440412851241901e-01 3.900508798234117031e+09 4.367615512031327486e+08
4.476315638286594845e-01 3.303933933432717323e+09 4.346074652542526126e+08
4.526190865469603142e-01 2.771082566781786442e+09 4.335433015420020819e+08
4.576066094343120838e-01 2.299188198160285473e+09 4.334305999976736307e+08
4.625941324852472225e-01 1.885146853641216993e+09 4.340863287965205908e+08
4.675816556945310287e-01 1.525578062412745953e+09 4.352983318406344652e+08
4.725691790571502904e-01 1.216884944608672380e+09 4.368410987777311206e+08
4.775567025683005173e-01 9.553125717863814831e+08 4.384903605588532686e+08
4.825442262233765600e-01 7.370038597969474792e+08 4.400355227573311925e+08
4.875317500179611185e-01 5.580523568354098797e+08 4.412894684033392072e+08
4.925192739478161941e-01 4.145513951313487887e+08 4.420956764121537209e+08
4.975067980088735964e-01 3.026391808389033079e+08 4.423328663553587794e+08
5.024943221972267837e-01 2.185395011325942278e+08 4.419175048276309967e+08
5.074818465091224251e-01 1.585978284307287335e+08 4.408045291302465200e+08
5.124693709409537945e-01 1.193126974075210541e+08 4.389866013956313133e+08
5.174568954892526662e-01 9.736231962053887546e+07 4.364921348123234510e+08
5.224444201506837082e-01 8.962648198238651454e+07 4.333822575229952931e+08
5.274319449220377098e-01 9.320384809159401059e+07 4.297468148956473470e+08
5.324194698002251425e-01 1.054248449334971756e+08 4.256994675796409249e+08
5.374069947822720517e-01 1.238603713054812253e+08 4.213719285558472872e+08
5.423945198653131738e-01 1.463266083534850776e+08 4.169074028987817168e+08
5.473820450465878285e-01 1.708862469280648828e+08 4.124533522607550025e+08
5.523695703234354770e-01 1.958464713318793476e+08 4.081538002015011907e+08
5.573570956932899501e-01 2.197540549461181462e+08 4.041415139353115559e+08
5.623446211536771155e-01 2.413879307647522986e+08 4.005305213319371939e+08
5.673321467022091058e-01 2.597495998105521798e+08 3.974095169845557213e+08
5.723196723365815419e-01 2.740517335914322734e+08 3.948367413797052503e+08
5.773071980545696480e-01 2.837053140831008554e+08 3.928368533485155702e+08
5.822947238540248094e-01 2.883056371625401974e+08 3.914001495332214832e+08
5.872822497328716862e-01 2.876174839208024144e+08 3.904842366639631391e+08
5.922697756891045495e-01 2.815597398224649429e+08 3.900179813554463983e+08
5.972573017207846169e-01 2.701897151575468779e+08 3.899073088720523715e+08
6.022448278260374988e-01 2.536873925342985690e+08 3.900422493189927340e+08
6.072323540030505340e-01 2.323397990746929646e+08 3.903045637818146944e+08
6.122198802500696813e-01 2.065256732141727805e+08 3.905753195948826075e+08
6.172074065653979646e-01 1.767005691871612966e+08 3.907418945437042713e+08
6.221949329473926982e-01 1.433825169258396029e+08 3.907040356575659513e+08
6.271824593944635984e-01 1.071383316113609374e+08 3.903787440504942536e+08
6.321699859050702308e-01 6.857064580337253213e+07 3.897038793098480701e+08
6.371575124777206778e-01 2.830571814720724523e+07 3.886404648641248345e+08
6.421450391109693179e-01 -1.301794378704378940e+07 3.871737300472133756e+08
6.471325658034148276e-01 -5.476012292752768844e+07 3.853129523752564788e+08
6.521200925536991821e-01 -9.628858227285543084e+07 3.830901749136487842e+08
6.571076193605055460e-01 -1.369879017177817822e+08 3.805578789789327383e+08
6.620951462225563855e-01 -1.762674663072087765e+08 3.777857011054858565e+08
6.670826731386124697e-01 -2.135686153288578093e+08 3.748563025951924324e+08
6.720702001074717602e-01 -2.483709652461145520e+08 3.718605346892308593e+08
6.770577271279670795e-01 -2.801979217854766250e+08 3.688920933035258651e+08
6.820452541989658890e-01 -3.086213977590557933e+08 3.660419202014686465e+08
6.870327813193682909e-01 -3.332657537716337442e+08 3.633926724254695773e+08
6.920203084881060285e-01 -3.538109790762009025e+08 3.610136333794836402e+08
6.970078357041413764e-01 -3.699951297823257446e+08 3.589564588975321651e+08
7.019953629664664740e-01 -3.816160416200062633e+08 3.572521238289868832e+08
7.069828902741016607e-01 -3.885323346960263252e+08 3.559093512312154174e+08
7.119704176260943651e-01 -3.906637283328917623e+08 3.549146724767619967e+08
7.169579450215193273e-01 -3.879906852422652245e+08 3.542341019264252186e+08
7.219454724594762673e-01 -3.805534060508878827e+08 3.538162435401356220e+08
7.269329999390895525e-01 -3.684501975728517771e+08 3.535965093762465119e+08
7.319205274595077526e-01 -3.518352412297678590e+08 3.535020438621929884e+08
7.369080550199024193e-01 -3.309157915755857229e+08 3.534569215660023093e+08
7.418955826194673087e-01 -3.059488389406128526e+08 3.533872140980489254e+08
7.468831102574174929e-01 -2.772372746355705261e+08 3.532255877651672959e+08
7.518706379329892497e-01 -2.451256018307394981e+08 3.529151781138224006e+08
7.568581656454390627e-01 -2.099952400024026334e+08 3.524125732687587738e+08
7.618456933940425113e-01 -1.722594755487509966e+08 3.516898134000375867e+08
7.668332211780939378e-01 -1.323581156652478129e+08 3.507353736944172382e+08
7.718207489969062252e-01 -9.075190667337679863e+07 3.495541432607244849e+08
7.768082768498100199e-01 -4.791678155008269101e+07 3.481664464073844552e+08
7.817958047361527329e-01 -4.338004286462708376e+06 3.466061812009984851e+08
7.867833326552983175e-01 3.949571924701525271e+07 3.449181785262811184e+08
7.917708606066273802e-01 8.309809309529891610e+07 3.431549169117667675e+08
7.967583885895350715e-01 1.259909747062441856e+08 3.413727655250894427e+08
8.017459166034320850e-01 1.677099400536861718e+08 3.396279680360559225e+08
8.067334446477437693e-01 2.078096023371562064e+08 3.379726180584738255e+08
8.117209727219093507e-01 2.458686192826735079e+08 3.364509041857389212e+08
8.167085008253823775e-01 2.814943282150800228e+08 3.350959095413390398e+08
8.216960289576287213e-01 3.143269532165330648e+08 3.339272289209679961e+08
8.266835571181275766e-01 3.440433347633937597e+08 3.329496120671517849e+08
8.316710853063710163e-01 3.703601391333450079e+08 3.321527572192976475e+08
8.366586135218624376e-01 3.930365124766318202e+08 3.315122749087387919e+08
8.416461417641176723e-01 4.118761526195949316e+08 3.309917334144124985e+08
8.466336700326639875e-01 4.267287802491576672e+08 3.305456011271904111e+08
8.516211983270388641e-01 4.374909999794799089e+08 3.301228309174790382e+08
8.566087266467917738e-01 4.441065507274442911e+08 3.296707946083475351e+08
8.615962549914814028e-01 4.465659536993609667e+08 3.291392714912458062e+08
8.665837833606774288e-01 4.449055749127068520e+08 3.284842170095042586e+08
8.715713117539596322e-01 4.392061274225566387e+08 3.276710765775637627e+08
8.765588401709160093e-01 4.295906461327345371e+08 3.266774552049021721e+08
8.815463686111453256e-01 4.162219751073493361e+08 3.254949986807309985e+08
8.865338970742548952e-01 3.992998135701084137e+08 3.241303826546948552e+08
8.915214255598600257e-01 3.790573721543554068e+08 3.226053418634588718e+08
8.965089540675857949e-01 3.557576954055821896e+08 3.209557059466813207e+08
9.014964825970653850e-01 3.296897099477700591e+08 3.192294457029579878e+08
9.064840111479389728e-01 3.011640601058737636e+08 3.174837796734974384e+08
9.114715397198557278e-01 2.705087940827894807e+08 3.157814496901719570e+08
9.164590683124720361e-01 2.380649640608589351e+08 3.141863461682466269e+08
9.214465969254520550e-01 2.041822028310335279e+08 3.127587447452263236e+08
9.264341255584663815e-01 1.692143378306496739e+08 3.115504941667740345e+08
9.314216542111933839e-01 1.335151008228952885e+08 3.106005541883795261e+08
9.364091828833184250e-01 9.743398798928408325e+07 3.099313025444746614e+08
9.413967115745327519e-01 6.131232099843531847e+07 3.095459963090918660e+08
9.463842402845346058e-01 2.547955478651664406e+07 3.094276801393278241e+08
9.513717690130290006e-01 -9.750127575973866507e+06 3.095396915460885167e+08
9.563592977597260569e-01 -4.408089831071601808e+07 3.098277450284394622e+08
9.613468265243425570e-01 -7.723801807254725695e+07 3.102234137860374451e+08
9.663343553066010561e-01 -1.089701964483231902e+08 3.106486988840831518e+08
9.713218841062303266e-01 -1.390515637083082795e+08 3.110212994697396159e+08
9.763094129229632490e-01 -1.672832439291096926e+08 3.112601772845643759e+08
9.812969417565396979e-01 -1.934945256449675262e+08 3.112910342921450734e+08
9.862844706067037670e-01 -2.175436319956974387e+08 3.110513759687497020e+08
9.912719994732055451e-01 -2.393180977972695827e+08 3.104948957434646487e+08
9.962595283557990067e-01 -2.587347660285324454e+08 3.095949731691775322e+08
1.001247057254244233e+00 -2.757394208247634768e+08 3.083471210836744308e+08
1.006234586168305301e+00 -2.903060781627845764e+08 3.067702436104988456e+08
1.011222115097751173e+00 -3.024359589726439118e+08 3.049065818588670492e+08
1.016209644042354920e+00 -3.121561724076055884e+08 3.028202372655751705e+08
1.021197173001895608e+00 -3.195181394308052659e+08 3.005941873840689659e+08
1.026184701976153857e+00 -3.245957887428860068e+08 2.983257616615869999e+08
1.031172230964917613e+00 -3.274835583944824338e+08 2.961206407123772502e+08
1.036159759967976379e+00 -3.282942372283424139e+08 2.940855908059235811e+08
1.041147288985125208e+00 -3.271566805927525163e+08 2.923203406251439452e+08
1.046134818016162260e+00 -3.242134346292409301e+08 2.909092229682726860e+08
1.051122347060890139e+00 -3.196183028672115207e+08 2.899133893102807403e+08
1.056109876119114777e+00 -3.135338879366642237e+08 2.893644947792181373e+08
1.061097405190645881e+00 -3.061291399573055506e+08 2.892606880138112903e+08
1.066084934275296714e+00 -2.975769416338329911e+08 2.895655043638230562e+08
1.071072463372883643e+00 -2.880517583403354287e+08 2.902098880331789851e+08
1.076059992483227479e+00 -2.777273795146604180e+08 2.910971458097609878e+08
1.081047521606151030e+00 -2.667747755989251435e+08 2.921102673668234348e+08
1.086035050741481101e+00 -2.553600925323447287e+08 2.931208164201790690e+08
1.091022579889048050e+00 -2.436428034965757430e+08 2.939985322510440350e+08
1.096010109048684011e+00 -2.317740352363184094e+08 2.946208567674467564e+08
1.100997638220225783e+00 -2.198950838418839276e+08 2.948817596049942374e+08
1.105985167403511937e+00 -2.081361324196014702e+08 2.946994088371377587e+08
1.110972696598383935e+00 -1.966151805705939531e+08 2.940223792060008049e+08
1.115960225804686790e+00 -1.854371930843611360e+08 2.928341781629533768e+08
1.120947755022267955e+00 -1.746934726987762153e+08 2.911558985396893024e+08
1.125935284250977553e+00 -1.644612592199933529e+08 2.890467875057249069e+08
1.130922813490668366e+00 -1.548035547051673532e+08 2.866024790622987151e+08
1.135910342741195622e+00 -1.457691718011970818e+08 2.839506077783756852e+08
1.140897872002417213e+00 -1.373929997182386816e+08 2.812435530622614622e+08
1.145885401274193693e+00 -1.296964796794299483e+08 2.786482128754091859e+08
1.150872930556387619e+00 -1.226882790682608336e+08 2.763330240518179536e+08
1.155860459848864208e+00 -1.163651508893515915e+08 2.744529465633834004e+08
1.160847989151490678e+00 -1.107129625959954709e+08 2.731337459669628143e+08
1.165835518464137355e+00 -1.057078758601391017e+08 2.724574726374918222e+08
1.170823047786675675e+00 -1.013176564762361497e+08 2.724513045513792038e+08
1.175810577118979738e+00 -9.750309137572629750e+07 2.730816797465069294e+08
1.180798106460926311e+00 -9.421948770340135694e+07 2.742548544567810297e+08
1.185785635812393490e+00 -9.141822713423778117e+07 2.758238887575699091e+08
1.190773165173261150e+00 -8.904834715042974055e+07 2.776009599245474935e+08
1.195760694543412272e+00 -8.705811989146699011e+07 2.793731886140885949e+08
1.200748223922731173e+00 -8.539659851120835543e+07 2.809199902020807862e+08
1.205735753311103498e+00 -8.401510076121833920e+07 2.820302516392343044e+08
1.210723282708418003e+00 -8.286859983366952837e+07 2.825181601233883500e+08
1.215710812114564332e+00 -8.191699335152335465e+07 2.822370445946583152e+08
1.220698341529434350e+00 -8.112622287031091750e+07 2.810909837943786979e+08
1.225685870952921253e+00 -8.046921830162163079e+07 2.790441249894090295e+08
1.230673400384920457e+00 -7.992664436737798154e+07 2.761276434475882053e+08
1.235660929825329379e+00 -7.948742946577388048e+07 2.724440737339490652e+08
1.240648459274045878e+00 -7.914906120107682049e+07 2.681683830453725159e+08
1.245635988730970478e+00 -7.891763721020962298e+07 2.635446738229382336e+08
1.250623518196004813e+00 -7.880766479303188622e+07 2.588769012259802222e+08
1.255611047669052738e+00 -7.884160808776192367e+07 2.545117112151356041e+08
1.260598577150018551e+00 -7.904918708392126858e+07 2.508118768983758390e+08
1.265586106638808772e+00 -7.946643847286188602e+07 2.481203650820753276e+08
1.270573636135331475e+00 -8.013455411097157001e+07 2.467180489164538085e+08
1.275561165639495398e+00 -8.109851855450138450e+07 2.467818238188816309e+08
1.280548695151212168e+00 -8.240557258771443367e+07 2.483524736275112629e+08
1.285536224670393413e+00 -8.410353475063464046e+07 2.513208105858841538e+08
1.290523754196952311e+00 -8.623901745240347087e+07 2.554357619937957227e+08
1.295511283730804264e+00 -8.885557815809558332e+07 2.603314221416413188e+08
1.300498813271864673e+00 -9.199184927349098027e+07 2.655652448258267641e+08
1.305486342820051382e+00 -9.567969256332291663e+07 2.706586277642092109e+08
1.310473872375283122e+00 -9.994242515390940011e+07 2.751334729556511045e+08
1.315461401937479291e+00 -1.047931642975860089e+08 2.785417366339410543e+08
1.320448931506561285e+00 -1.102333370722222477e+08 2.804877466558947563e+08
1.325436461082451389e+00 -1.162513990101587772e+08 2.806445644484047294e+08
1.330423990665072775e+00 -1.228218023328665793e+08 2.787661370188462138e+08
1.335411520254350393e+00 -1.299042500067195743e+08 2.746969049866362810e+08
1.340399049850209634e+00 -1.374432663378634751e+08 2.683802940000153780e+08
1.345386579452577447e+00 -1.453681083591858745e+08 2.598673304227080345e+08
1.350374109061381667e+00 -1.535930349721760750e+08 2.493265477972754240e+08
1.355361638676551461e+00 -1.620179428445083499e+08 2.370563114685291052e+08
1.360349168298016442e+00 -1.705293696031255126e+08 2.235003936881462336e+08
1.365336697925707776e+00 -1.790018561062370539e+08 2.092663292278794348e+08
1.370324227559557517e+00 -1.872996507393055558e+08 1.951421100205741525e+08
1.375311757199498608e+00 -1.952787299742189348e+08 1.820973228389387131e+08
1.380299286845465101e+00 -2.027891010963144004e+08 1.712381324469268620e+08
1.385286816497391715e+00 -2.096773452473051548e+08 1.636707417219091356e+08
1.390274346155214724e+00 -2.157893519848470986e+08 1.602506388583662510e+08
1.395261875818870623e+00 -2.209731906019223630e+08 1.612933486758633554e+08
1.400249405488297016e+00 -2.250820586791538894e+08 1.664285445006756783e+08
1.405236935163432621e+00 -2.279772448822536170e+08 1.747163482943550050e+08
1.410224464844216596e+00 -2.295310410260021091e+08 1.849321900317894220e+08
1.415211994530589656e+00 -2.296295379375595450e+08 1.958319645800136030e+08
1.420199524222492293e+00 -2.281752407634519935e+08 2.063032236765691340e+08
1.425187053919866997e+00 -2.250894420317727029e+08 2.154175995914331973e+08
1.430174583622656481e+00 -2.203142950116548538e+08 2.224317115287545621e+08
1.435162113330804123e+00 -2.138145355831908882e+08 2.267704736143254638e+08
1.440149643044254413e+00 -2.055788078736419678e+08 2.280085150947530568e+08
1.445137172762952060e+00 -1.956205571121922731e+08 2.258546812201991081e+08
1.450124702486843331e+00 -1.839784624009422064e+08 2.201400429078213573e+08
1.455112232215874490e+00 -1.707163920636144280e+08 2.108084293776223958e+08
1.460099761949993358e+00 -1.559228748219625950e+08 1.979083209083422124e+08
1.465087291689147531e+00 -1.397100908102643490e+08 1.815851489178988338e+08
1.470074821433285939e+00 -1.222123973735973984e+08 1.620733293360871673e+08
1.475062351182357734e+00 -1.035844150418403447e+08 1.396876029706792533e+08
1.480049880936313622e+00 -8.399870934120304883e+07 1.148134547710585892e+08
1.485037410695103866e+00 -6.364311306280633062e+07 8.789653565211570263e+07
1.490024940458680058e+00 -4.271774246109066904e+07 5.943112944852452725e+07
1.495012470226994683e+00 -2.143176649130607024e+07 2.994782358992154896e+07
