# r [arcsec]	I [Jy/sr]	I_uncer [Jy/sr]
1.272617859314095550e-03 1.089376439703550720e+11 1.236205745706487894e+09
2.921189009106442414e-03 1.089035999093911896e+11 1.234707963667649984e+09
4.579495862547155495e-03 1.088423754208837585e+11 1.232128841386295795e+09
6.240002426697914550e-03 1.087539969622448578e+11 1.228434839670839787e+09
7.901343393063876494e-03 1.086385206887504120e+11 1.223625604584238291e+09
9.563088128690054243e-03 1.084960217294809570e+11 1.217708622957196236e+09
1.122505851373705593e-02 1.083265931152327423e+11 1.210695186188334227e+09
1.288716767388508287e-02 1.081303455066213531e+11 1.202599421537892580e+09
1.454936822595933807e-02 1.079074070435486603e+11 1.193437963701911449e+09
1.621163214106096165e-02 1.076579232119450073e+11 1.183229805992506981e+09
1.787394178310437384e-02 1.073820567048967133e+11 1.171996213064269304e+09
1.953628550253095827e-02 1.070799872717926331e+11 1.159760657581694126e+09
2.119865529577967186e-02 1.067519115535229645e+11 1.146548766841611385e+09
2.286104548286438387e-02 1.063980429030641785e+11 1.132388273623018265e+09
2.452345192144544592e-02 1.060186111913276520e+11 1.117308968858809948e+09
2.618587151961204035e-02 1.056138625983051758e+11 1.101342655216081381e+09
2.784830192283991451e-02 1.051840593896865845e+11 1.084523101413186073e+09
2.951074130657948408e-02 1.047294796791220093e+11 1.066885997510552168e+09
3.117318823511218417e-02 1.042504171763857269e+11 1.048468911659493923e+09
3.283564156322602012e-02 1.037471809216834717e+11 1.029311248972490788e+09
3.449810036628684490e-02 1.032200950063964996e+11 1.009454213315940857e+09
3.616056388957845924e-02 1.026694982805325165e+11 9.889407729549466372e+08
3.782303151098994481e-02 1.020957440472253571e+11 9.678156310995745659e+08
3.948550271312052662e-02 1.014991997445649872e+11 9.461252025269207954e+08
4.114797706214112089e-02 1.008802466151402893e+11 9.239175975805855989e+08
4.281045419157746001e-02 1.002392793636027222e+11 9.012426149798979759e+08
4.447293378972808769e-02 9.957670580264396667e+10 8.781517450051259995e+08
4.613541558980088775e-02 9.889294648774478149e+10 8.546981847523154020e+08
4.779789936210682849e-02 9.818843434108341980e+10 8.309368672646496296e+08
4.946038490782722619e-02 9.746361426500224304e+10 8.069245064313603640e+08
5.112287205399637657e-02 9.671894274544142151e+10 7.827196595721963644e+08
5.278536064943199074e-02 9.595488744574084473e+10 7.583828095612258911e+08
5.444785056141081270e-02 9.517192679126815796e+10 7.339764681367343664e+08
5.611034167293492414e-02 9.437054954525756836e+10 7.095653016101695299e+08
5.777283388046990098e-02 9.355125437636027527e+10 6.852162794310216904e+08
5.943532709206246489e-02 9.271454941830986023e+10 6.609988448240535259e+08
6.109782122576532665e-02 9.186095182217710876e+10 6.369851048024086952e+08
6.276031620831216962e-02 9.099098730169958496e+10 6.132500340030928850e+08
6.442281197399798987e-02 9.010518967210739136e+10 5.898716826640520096e+08
6.608530846372812073e-02 8.920410038298077393e+10 5.669313732652659416e+08
6.774780562420743002e-02 8.828826804556832886e+10 5.445138624582830667e+08
6.941030340724584080e-02 8.735824795508569336e+10 5.227074345082467198e+08
7.107280176916151715e-02 8.641460160847891235e+10 5.016038793413860798e+08
7.273530067026563739e-02 8.545789621811682129e+10 4.812982926261149645e+08
7.439780007441634813e-02 8.448870422196595764e+10 4.618886181188670397e+08
7.606029994863128252e-02 8.350760279068106079e+10 4.434748361244218349e+08
7.772280026274960840e-02 8.251517333216567993e+10 4.261576906564874649e+08
7.938530098913672284e-02 8.151200099406951904e+10 4.100368484559936523e+08
8.104780210242505667e-02 8.049867416473667908e+10 3.952084044292874932e+08
8.271030357928650656e-02 7.947578397312141418e+10 3.817617001486233473e+08
8.437280539823126257e-02 7.844392378813262939e+10 3.697755120677636862e+08
8.603530753943039455e-02 7.740368871796977234e+10 3.593137931383402944e+08
8.769780998455847798e-02 7.635567510987974548e+10 3.504213001691733599e+08
8.936031271665356712e-02 7.530048005088662720e+10 3.431195761333415508e+08
9.102281571999285004e-02 7.423870086997247314e+10 3.374038344826297164e+08
9.268531897998151525e-02 7.317093464217906189e+10 3.332412654644286036e+08
9.434782248305331742e-02 7.209777769515695190e+10 3.305711304584124684e+08
9.601032621658157906e-02 7.101982511861685181e+10 3.293067500672608614e+08
9.767283016879922675e-02 6.993767027717301941e+10 3.293391890171763897e+08
9.933533432872686253e-02 6.885190432705943298e+10 3.305421804054612517e+08
1.009978386861079547e-01 6.776311573717272949e+10 3.327776831193479300e+08
1.026603432313502873e-01 6.667188981492269135e+10 3.359014561478417516e+08
1.043228479554730720e-01 6.557880823732950592e+10 3.397681410227929354e+08
1.059853528500589448e-01 6.448444858783803558e+10 3.442355172486132979e+08
1.076478579072105424e-01 6.338938389926109314e+10 3.491677791796482801e+08
1.093103631195108394e-01 6.229418220333143616e+10 3.544378353682553172e+08
1.109728684799872744e-01 6.119940608723274994e+10 3.599287341146787405e+08
1.126353739820789568e-01 6.010561225758325958e+10 3.655343717255242467e+08
1.142978796196066349e-01 5.901335111223746490e+10 3.711596535009469390e+08
1.159603853867454265e-01 5.792316632033642578e+10 3.767202656365402341e+08
1.176228912779997832e-01 5.683559441097116089e+10 3.821421914471223354e+08
1.192853972881804531e-01 5.575116437085942841e+10 3.873610765535821915e+08
1.209479034123834701e-01 5.467039725139122772e+10 3.923215203218991756e+08
1.226104096459709192e-01 5.359380578541804504e+10 3.969763475417066813e+08
1.242729159845529646e-01 5.252189401410044098e+10 4.012858958797892332e+08
1.259354224239715991e-01 5.145515692420000458e+10 4.052173408187355399e+08
1.275979289602855449e-01 5.039408009608560181e+10 4.087440699013885260e+08
1.292604355897561952e-01 4.933913936280918884e+10 4.118451113258929253e+08
1.309229423088349165e-01 4.829080048052674866e+10 4.145046175017732382e+08
1.325854491141509606e-01 4.724951881056330109e+10 4.167114014307772517e+08
1.342479560025006402e-01 4.621573901338589478e+10 4.184585222060085535e+08
1.359104629708369483e-01 4.518989475475596619e+10 4.197429151433753967e+08
1.375729700162601765e-01 4.417240842431232452e+10 4.205650617897322774e+08
1.392354771360091448e-01 4.316369086679899597e+10 4.209286950996810794e+08
1.408979843274529020e-01 4.216414112618536377e+10 4.208405352982292175e+08
1.425604915880832879e-01 4.117414620286667633e+10 4.203100522640303969e+08
1.442229989155077718e-01 4.019408082414805603e+10 4.193492506150720119e+08
1.458855063074428748e-01 3.922430722818244934e+10 4.179724740221280456e+08
1.475480137617080634e-01 3.826517496153800964e+10 4.161962255902323723e+08
1.492105212762198374e-01 3.731702069053794098e+10 4.140390014241028428e+08
1.508730288489867621e-01 3.638016802650670624e+10 4.115211347243836522e+08
1.525355364781040279e-01 3.545492736504241180e+10 4.086646479450177550e+08
1.541980441617490649e-01 3.454159573943431854e+10 4.054931106823179126e+08
1.558605518981770188e-01 3.364045668830456924e+10 4.020315010640931129e+08
1.575230596857167542e-01 3.275178013753568649e+10 3.983060684715149999e+08
1.591855675227668576e-01 3.187582229658924866e+10 3.943441954642872810e+08
1.608480754077921959e-01 3.101282556920900726e+10 3.901742567989434004e+08
1.625105833393203636e-01 3.016301847857652283e+10 3.858254734472761154e+08
1.641730913159387406e-01 2.932661560691693497e+10 3.813277595487857461e+08
1.658355993362912173e-01 2.850381754955988693e+10 3.767115602867876887e+08
1.674981073990755853e-01 2.769481088344397736e+10 3.720076787856821418e+08
1.691606155030408176e-01 2.689976815002872467e+10 3.672470903068223596e+08
1.708231236469845982e-01 2.611884785256996536e+10 3.624607423038003445e+08
1.724856318297508795e-01 2.535219446770612717e+10 3.576793393059257269e+08
1.741481400502279120e-01 2.459993847127190399e+10 3.529331121588530540e+08
1.758106483073458848e-01 2.386219637824620438e+10 3.482515718808900714e+08
1.774731566000750660e-01 2.313907079674410248e+10 3.436632492999418974e+08
1.791356649274240265e-01 2.243065049592108536e+10 3.391954227140292525e+08
1.807981732884377246e-01 2.173701048765168762e+10 3.348738370379906297e+08
1.824606816821959798e-01 2.105821212185220337e+10 3.307224192104436159e+08
1.841231901078118072e-01 2.039430319526145172e+10 3.267629959562145472e+08
1.857856985644300296e-01 1.974531807351950836e+10 3.230150212273619771e+08
1.874482070512257237e-01 1.911127782634403610e+10 3.194953216529058814e+08
1.891107155674030538e-01 1.849219037560131836e+10 3.162178689807716608e+08
1.907732241121938566e-01 1.788805065605501556e+10 3.131935886668053269e+08
1.924357326848565586e-01 1.729884078855325317e+10 3.104302133546664119e+08
1.940982412846749550e-01 1.672453026541957664e+10 3.079321889433256388e+08
1.957607499109572380e-01 1.616507614777613258e+10 3.057006392636588216e+08
1.974232585630348313e-01 1.562042327453669739e+10 3.037333931632986069e+08
1.990857672402615297e-01 1.509050448278277206e+10 3.020250751794230938e+08
2.007482759420124996e-01 1.457524083922476578e+10 3.005672581672770381e+08
2.024107846676835298e-01 1.407454188243877029e+10 2.993486734856133461e+08
2.040732934166899215e-01 1.358830587556803322e+10 2.983554718525857329e+08
2.057358021884660160e-01 1.311642006914226151e+10 2.975715259846531749e+08
2.073983109824642512e-01 1.265876097368745804e+10 2.969787647581458688e+08
2.090608197981545235e-01 1.221519464176203156e+10 2.965575279650211930e+08
2.107233286350234380e-01 1.178557695906571198e+10 2.962869307616016269e+08
2.123858374925735870e-01 1.136975394423518181e+10 2.961452275585869551e+08
2.140483463703231337e-01 1.096756205696004105e+10 2.961101662475903034e+08
2.157108552678049240e-01 1.057882851400792885e+10 2.961593251476925015e+08
2.173733641845664311e-01 1.020337161277776146e+10 2.962704267255143523e+08
2.190358731201685061e-01 9.841001061951316833e+09 2.964216238471131325e+08
2.206983820741854618e-01 9.491518318848125458e+09 2.965917559360176325e+08
2.223608910462041566e-01 9.154716933035865784e+09 2.967605738526297212e+08
2.240234000358239386e-01 8.830382895787420273e+09 2.969089335200051069e+08
2.256859090426557024e-01 8.518294994923869133e+09 2.970189592757808566e+08
2.273484180663219723e-01 8.218225174622031212e+09 2.970741786324746013e+08
2.290109271064561247e-01 7.929938899714523315e+09 2.970596305945190787e+08
2.306734361627020280e-01 7.653195524047296524e+09 2.969619499438031912e+08
2.323359452347137921e-01 7.387748662417741776e+09 2.967694299980667233e+08
2.339984543221555469e-01 7.133346565646231651e+09 2.964720663074870110e+08
2.356609634247005536e-01 6.889732498298965454e+09 2.960615836149863005e+08
2.373234725420314828e-01 6.656645118604445457e+09 2.955314481979193091e+08
2.389859816738397480e-01 6.433818860082878113e+09 2.948768674542666674e+08
2.406484908198254224e-01 6.220984314419596672e+09 2.940947783171070218e+08
2.423109999796965175e-01 6.017868615103212357e+09 2.931838257907297611e+08
2.439735091531692601e-01 5.824195821356319427e+09 2.921443326104224920e+08
2.456360183399674824e-01 5.639687301878097534e+09 2.909782607437868118e+08
2.472985275398224547e-01 5.464062117927098274e+09 2.896891651804739237e+08
2.489610367524725254e-01 5.297037405266075134e+09 2.882821402000270486e+08
2.506235459776631203e-01 5.138328754499401093e+09 2.867637580711077452e+08
2.522860552151463542e-01 4.987650589328185081e+09 2.851419999193601608e+08
2.539485644646808371e-01 4.844716542257571220e+09 2.834261783108495474e+08
2.556110737260313126e-01 4.709239827293582916e+09 2.816268509376351237e+08
2.572735829989687417e-01 4.580933609164184570e+09 2.797557246680013537e+08
2.589360922832700251e-01 4.459511368612851143e+09 2.778255491434304714e+08
2.605986015787175591e-01 4.344687263314257622e+09 2.758499990792825818e+08
2.622611108850994577e-01 4.236176483963168144e+09 2.738435444646282196e+08
2.639236202022091082e-01 4.133695605107076645e+09 2.718213079747631550e+08
2.655861295298450053e-01 4.036962930281093597e+09 2.697989091167641878e+08
2.672486388678106950e-01 3.945698831030547142e+09 2.677922949369261563e+08
2.689111482159146083e-01 3.859626079404340744e+09 2.658175575362799168e+08
2.705736575739698391e-01 3.778470173508140564e+09 2.638907391674917042e+08
2.722361669417941443e-01 3.701959655730188847e+09 2.620276263189931512e+08
2.738986763192096108e-01 3.629826423246073246e+09 2.602435349109220803e+08
2.755611857060425440e-01 3.561806030426350117e+09 2.585530895052617490e+08
2.772236951021236906e-01 3.497637982792123795e+09 2.569700002240977883e+08
2.788862045072874607e-01 3.437066022152172565e+09 2.555068418216785192e+08
2.805487139213725944e-01 3.379838402592618942e+09 2.541748400007234216e+08
2.822112233442213292e-01 3.325708156984306812e+09 2.529836705315420032e+08
2.838737327756796214e-01 3.274433353699129581e+09 2.519412769573019445e+08
2.855362422155972579e-01 3.225777343227107525e+09 2.510537125917103887e+08
2.871987516638271343e-01 3.179508994419307232e+09 2.503250121048030257e+08
2.888612611202258651e-01 3.135402920073868275e+09 2.497570972371915281e+08
2.905237705846532292e-01 3.093239691613376617e+09 2.493497201123568714e+08
2.921862800569720031e-01 3.052806042619206429e+09 2.491004462899039090e+08
2.938487895370484604e-01 3.013895060984153748e+09 2.490046782059506476e+08
2.955112990247516502e-01 2.976306369491030216e+09 2.490557180962685049e+08
2.971738085199533974e-01 2.939846294612383366e+09 2.492448680007181764e+08
2.988363180225286353e-01 2.904328023368774891e+09 2.495615631237785518e+08
3.004988275323551283e-01 2.869571748077613831e+09 2.499935337576804757e+08
3.021613370493130279e-01 2.835404798865085602e+09 2.505269902323006988e+08
3.038238465732852611e-01 2.801661763808820248e+09 2.511468249574694633e+08
3.054863561041573639e-01 2.768184596620157719e+09 2.518368255745292008e+08
3.071488656418173702e-01 2.734822711771478653e+09 2.525798934868648946e+08
3.088113751861554790e-01 2.701433067009919167e+09 2.533582625489435494e+08
3.104738847370644983e-01 2.667880233210396290e+09 2.541537133794555664e+08
3.121363942944395120e-01 2.634036451535986423e+09 2.549477795649396479e+08
3.137989038581776025e-01 2.599781677901614666e+09 2.557219428581017256e+08
3.154614134281782389e-01 2.565003614752267838e+09 2.564578153010801971e+08
3.171239230043430002e-01 2.529597730182041645e+09 2.571373069658951163e+08
3.187864325865753523e-01 2.493467264442663193e+09 2.577427786804318726e+08
3.204489421747808708e-01 2.456523223922349453e+09 2.582571796728830636e+08
3.221114517688670742e-01 2.418684362658480167e+09 2.586641705243116915e+08
3.237739613687434237e-01 2.379877151521558285e+09 2.589482321634064317e+08
3.254364709743211015e-01 2.340035735165518761e+09 2.590947618855494261e+08
3.270989805855132326e-01 2.299101876916930676e+09 2.590901575383279026e+08
3.287614902022346075e-01 2.257024891743544102e+09 2.589218911072213352e+08
3.304239998244018484e-01 2.213761567500946522e+09 2.585785729676800370e+08
3.320865094519330207e-01 2.169276074648063660e+09 2.580500080653250813e+08
3.337490190847480775e-01 2.123539864654738903e+09 2.573272452462414801e+08
3.354115287227684150e-01 2.076531557329736948e+09 2.564026209069279432e+08
3.370740383659170392e-01 2.028236817338274479e+09 2.552697980652531683e+08
3.387365480141183438e-01 1.978648220158195734e+09 2.539238018853161633e+08
3.403990576672984991e-01 1.927765107779779434e+09 2.523610526174840927e+08
3.420615673253846745e-01 1.875593434441836596e+09 2.505793968497529328e+08
3.437240769883058711e-01 1.822145602728693962e+09 2.485781379012526870e+08
3.453865866559921449e-01 1.767440290354916811e+09 2.463580661302762926e+08
3.470490963283750507e-01 1.711502267998236179e+09 2.439214898695747852e+08
3.487116060053874755e-01 1.654362208527397633e+09 2.412722676400175393e+08
3.503741156869634166e-01 1.596056488019280910e+09 2.384158422237440050e+08
3.520366253730383144e-01 1.536626978937740564e+09 2.353592770902790427e+08
3.536991350635486642e-01 1.476120835889624357e+09 2.321112955539714396e+08
3.553616447584322380e-01 1.414590274362555504e+09 2.286823228827115595e+08
3.570241544576279180e-01 1.352092342873521566e+09 2.250845313568818569e+08
3.586866641610758633e-01 1.288688688958165169e+09 2.213318879693804085e+08
3.603491738687170098e-01 1.224445319454857588e+09 2.174402040308490694e+08
3.620116835804937372e-01 1.159432355521963358e+09 2.134271853597801924e+08
3.636741932963493684e-01 1.093723782865525723e+09 2.093124809514724016e+08
3.653367030162280593e-01 1.027397197631618977e+09 2.051177269804503024e+08
3.669992127400752979e-01 9.605335484502277374e+08 2.008665816476485431e+08
3.686617224678372939e-01 8.932168751001843214e+08 1.965847446900320053e+08
3.703242321994613118e-01 8.255340442936547995e+08 1.922999533056337833e+08
3.719867419348956150e-01 7.575744830532549620e+08 1.880419438271224499e+08
3.736492516740893000e-01 6.894299101913211346e+08 1.838423658060510159e+08
3.753117614169925176e-01 6.211940663736010790e+08 1.797346324578268230e+08
3.769742711635561405e-01 5.529624432683789730e+08 1.757536890640705824e+08
3.786367809137318741e-01 4.848320122792132497e+08 1.719356795275721848e+08
3.802992906674724227e-01 4.169009533538913131e+08 1.683174916854939461e+08
3.819618004247312126e-01 3.492683843654717207e+08 1.649361652246905863e+08
3.836243101854625026e-01 2.820340915631899238e+08 1.618281532139010727e+08
3.852868199496213841e-01 2.152982615703409016e+08 1.590284401717968583e+08
3.869493297171635593e-01 1.491612154343187213e+08 1.565695363950488567e+08
3.886118394880457849e-01 8.372314518681250513e+07 1.544803888749346733e+08
3.902743492622252064e-01 1.908385340979843587e+07 1.527852709234253764e+08
3.919368590396599683e-01 -4.465750373966772109e+07 1.515027313441869617e+08
3.935993688203087704e-01 -1.074026695744820684e+08 1.506446945703322887e+08
3.952618786041311449e-01 -1.690545355461776853e+08 1.502158009978837073e+08
3.969243883910870685e-01 -2.295173850891222060e+08 1.502130595131397247e+08
3.985868981811374612e-01 -2.886971322156979442e+08 1.506258532179065645e+08
4.002494079742436872e-01 -3.465015544230318069e+08 1.514362999401637614e+08
4.019119177703678880e-01 -4.028405195230424404e+08 1.526199290969124138e+08
4.035744275694727046e-01 -4.576262059759111404e+08 1.541466040638603568e+08
4.052369373715214440e-01 -5.107733163575614691e+08 1.559816001228260100e+08
4.068994471764781906e-01 -5.621992835783015490e+08 1.580867443769992888e+08
4.085619569843071952e-01 -6.118244695085418224e+08 1.604215337416693866e+08
4.102244667949735413e-01 -6.595723556523369551e+08 1.629441658843000233e+08
4.118869766084432005e-01 -7.053697255649439096e+08 1.656124403978910744e+08
4.135494864246819224e-01 -7.491468386848775148e+08 1.683845091601619422e+08
4.152119962436567890e-01 -7.908375953051701784e+08 1.712194726341967583e+08
4.168745060653349932e-01 -8.303796923970050812e+08 1.740778316802598834e+08
4.185370158896842829e-01 -8.677147700425604582e+08 1.769218121316131055e+08
4.201995257166728504e-01 -9.027885482241070271e+08 1.797155829468714297e+08
4.218620355462696647e-01 -9.355509537729728222e+08 1.824253891320180893e+08
4.235245453784438063e-01 -9.659562372551956177e+08 1.850196191453545690e+08
4.251870552131651881e-01 -9.939630796422997713e+08 1.874688238610130847e+08
4.268495650504041117e-01 -1.019534688581456184e+09 1.897457012649532557e+08
4.285120748901312115e-01 -1.042638884159142494e+09 1.918250580783764124e+08
4.301745847323175664e-01 -1.063248174007662892e+09 1.936837569437379837e+08
4.318370945769347546e-01 -1.081339817699854612e+09 1.953006555026188791e+08
4.334996044239549096e-01 -1.096895880307692289e+09 1.966565419527191520e+08
4.351621142733504422e-01 -1.109903275135951996e+09 1.977340701599929929e+08
4.368246241250944295e-01 -1.120353795530458689e+09 1.985176963950375021e+08
4.384871339791597822e-01 -1.128244135820536613e+09 1.989936188583535552e+08
4.401496438355204099e-01 -1.133575901345839500e+09 1.991497206679531038e+08
4.418121536941504446e-01 -1.136355607660730362e+09 1.989755164626288414e+08
4.434746635550242400e-01 -1.136594668911831141e+09 1.984621026040320098e+08
4.451371734181167605e-01 -1.134309375534679890e+09 1.976021106558398008e+08
4.467996832834031928e-01 -1.129520861285727501e+09 1.963896638353165984e+08
4.484621931508591675e-01 -1.122255059829166889e+09 1.948203359328123927e+08
4.501247030204606481e-01 -1.112542650900988102e+09 1.928911123202006817e+08
4.517872128921838204e-01 -1.100418996344203949e+09 1.906003525072932541e+08
4.534497227660054253e-01 -1.085924066053496122e+09 1.879477538982134759e+08
4.551122326419027031e-01 -1.069102354179825544e+09 1.849343162344414294e+08
4.567747425198525613e-01 -1.050002785655398130e+09 1.815623064557514191e+08
4.584372523998329063e-01 -1.028678613453606486e+09 1.778352235145598054e+08
4.600997622818217003e-01 -1.005187306644639969e+09 1.737577629732879102e+08
4.617622721657972384e-01 -9.795904297428838015e+08 1.693357809687786698e+08
4.634247820517383154e-01 -9.519535133899815083e+08 1.645762574795949161e+08
4.650872919396236149e-01 -9.223459169604839087e+08 1.594872585157355070e+08
4.667498018294323758e-01 -8.908406831051113605e+08 1.540778972803374827e+08
4.684123117211442255e-01 -8.575143849209194183e+08 1.483582939373638332e+08
4.700748216147389580e-01 -8.224469657020161152e+08 1.423395341610870659e+08
4.717373315101965336e-01 -7.857215721068499088e+08 1.360336260891621113e+08
4.733998414074974126e-01 -7.474243805749675035e+08 1.294534560062538385e+08
4.750623513066224435e-01 -7.076444180354530811e+08 1.226127423332466185e+08
4.767248612075521974e-01 -6.664733765396592617e+08 1.155259884526649714e+08
4.783873711102680226e-01 -6.240054231615873575e+08 1.082084338546637297e+08
4.800498810147514894e-01 -5.803370044708588123e+08 1.006760044541739076e+08
4.817123909209840571e-01 -5.355666473825787902e+08 9.294526143181188405e+07
4.833749008289477955e-01 -4.897947551245885491e+08 8.503335006328058243e+07
4.850374107386249412e-01 -4.431234009357331991e+08 7.695794782808966935e+07
4.866999206499977859e-01 -3.956561171462078691e+08 6.873721483223220706e+07
4.883624305630492324e-01 -3.474976838458165526e+08 6.038974678371416777e+07
4.900249404777619611e-01 -2.987539124683267474e+08 5.193453980287013948e+07
4.916874503941192631e-01 -2.495314321723674238e+08 4.339097831960894167e+07
4.933499603121045407e-01 -1.999374682625341713e+08 3.477890204700844735e+07
4.950124702317013070e-01 -1.500796318847590685e+08 2.611892260004230216e+07
4.966749801528934083e-01 -1.000656870406481624e+08 1.743391343787519634e+07
4.983374900756649684e-01 -5.000339912121675164e+07 8.759344768000736833e+06
