# r [arcsec]	I [Jy/sr]	I_uncer [Jy/sr]
1.272617859314095550e-03 2.402824520813643799e+11 3.623359837752303600e+09
2.921189009106442414e-03 2.400005385141997681e+11 3.612679226756104469e+09
4.579495862547155495e-03 2.394940123295785522e+11 3.593566553070158005e+09
6.240002426697914550e-03 2.387638864094395447e+11 3.566115262029937744e+09
7.901343393063876494e-03 2.378117684316185913e+11 3.530481448244752407e+09
9.563088128690054243e-03 2.366397676702399597e+11 3.486871038140493393e+09
1.122505851373705593e-02 2.352504804509034119e+11 3.435537256925260067e+09
1.288716767388508287e-02 2.336469809431949768e+11 3.376779135327735424e+09
1.454936822595933807e-02 2.318328116902643127e+11 3.310940099154037476e+09
1.621163214106096165e-02 2.298119730428349304e+11 3.238406508515995502e+09
1.787394178310437384e-02 2.275889113412757568e+11 3.159606143544414997e+09
1.953628550253095827e-02 2.251685058310433044e+11 3.075006667586658955e+09
2.119865529577967186e-02 2.225560543371439514e+11 2.985114113731296062e+09
2.286104548286438387e-02 2.197572577383095398e+11 2.890471449759332657e+09
2.452345192144544592e-02 2.167782032896865540e+11 2.791657283548612595e+09
2.618587151961204035e-02 2.136253468480675354e+11 2.689284775832781315e+09
2.784830192283991451e-02 2.103054940580281067e+11 2.584000829129873753e+09
2.951074130657948408e-02 2.068257805610580750e+11 2.476485618233912468e+09
3.117318823511218417e-02 2.031936512931142273e+11 2.367452514868408203e+09
3.283564156322602012e-02 1.994168389391089172e+11 2.257648430253118992e+09
3.449810036628684490e-02 1.955033416156089478e+11 2.147854543977553844e+09
3.616056388957845924e-02 1.914613998555997620e+11 2.038887289958227158e+09
3.782303151098994481e-02 1.872994729713850403e+11 1.931599308140725851e+09
3.948550271312052662e-02 1.830262148737161255e+11 1.826879815037690163e+09
4.114797706214112089e-02 1.786504494269910583e+11 1.725653465550540686e+09
4.281045419157746001e-02 1.741811454217698975e+11 1.628876251096045017e+09
4.447293378972808769e-02 1.696273912470640869e+11 1.537526322519857645e+09
4.613541558980088775e-02 1.649983693456914368e+11 1.452586952054168463e+09
4.779789936210682849e-02 1.603033305366304016e+11 1.375018439763381720e+09
4.946038490782722619e-02 1.555515682885269775e+11 1.305716147386239767e+09
5.112287205399637657e-02 1.507523930286000366e+11 1.245453717416720390e+09
5.278536064943199074e-02 1.459151065707804260e+11 1.194814482219494104e+09
5.444785056141081270e-02 1.410489767464428406e+11 1.154119827291812181e+09
5.611034167293492414e-02 1.361632123200831757e+11 1.123368988928946018e+09
5.777283388046990098e-02 1.312669382712116699e+11 1.102207075207848549e+09
5.943532709206246489e-02 1.263691715221851807e+11 1.089933946486155033e+09
6.109782122576532665e-02 1.214787971899735870e+11 1.085556087610756636e+09
6.276031620831216962e-02 1.166045454378442078e+11 1.087871171779655695e+09
6.442281197399798987e-02 1.117549690005637207e+11 1.095566794581248760e+09
6.608530846372812073e-02 1.069384214542264862e+11 1.107314269935796738e+09
6.774780562420743002e-02 1.021630362989163971e+11 1.121844125031455994e+09
6.941030340724584080e-02 9.743670691936244202e+10 1.137997890575232506e+09
7.107280176916151715e-02 9.276706748544293213e+10 1.154757291710226059e+09
7.273530067026563739e-02 8.816147485077572632e+10 1.171255495091098070e+09
7.439780007441634813e-02 8.362699150401005554e+10 1.186775986722623348e+09
7.606029994863128252e-02 7.917036962331747437e+10 1.200744005859773159e+09
7.772280026274960840e-02 7.479803628059826660e+10 1.212714217144902229e+09
7.938530098913672284e-02 7.051607983747743225e+10 1.222357060442315817e+09
8.104780210242505667e-02 6.633023757080027008e+10 1.229445227253403187e+09
8.271030357928650656e-02 6.224588456068285370e+10 1.233841019351245642e+09
8.437280539823126257e-02 5.826802386945767212e+10 1.235484903548664570e+09
8.603530753943039455e-02 5.440127803508169556e+10 1.234385317228149414e+09
8.769780998455847798e-02 5.064988189757786560e+10 1.230609640067905188e+09
8.936031271665356712e-02 4.701767677221888733e+10 1.224276181580072880e+09
9.102281571999285004e-02 4.350810597806890869e+10 1.215547010098793745e+09
9.268531897998151525e-02 4.012421172548360443e+10 1.204621446925046921e+09
9.434782248305331742e-02 3.686863336114804077e+10 1.191730057905355215e+09
9.601032621658157906e-02 3.374360696416216660e+10 1.177128987671020269e+09
9.767283016879922675e-02 3.075096628171289062e+10 1.161094496484127760e+09
9.933533432872686253e-02 2.789214498793464279e+10 1.143917575796433210e+09
1.009978386861079547e-01 2.516818024466712570e+10 1.125898537362990141e+09
1.026603432313502873e-01 2.257971753808908463e+10 1.107341494140580177e+09
1.043228479554730720e-01 2.012701676050515366e+10 1.088548681680843830e+09
1.059853528500589448e-01 1.780995950208736420e+10 1.069814608560186625e+09
1.076478579072105424e-01 1.562805751295840073e+10 1.051420074774364114e+09
1.093103631195108394e-01 1.358046229184108353e+10 1.033626157219334364e+09
1.109728684799872744e-01 1.166597575346536255e+10 1.016668327658664465e+09
1.126353739820789568e-01 9.883061923127370834e+09 1.000750933687900066e+09
1.142978796196066349e-01 8.229859603218372345e+09 9.860423264678560495e+08
1.159603853867454265e-01 6.704195953176088333e+09 9.726709477625621557e+08
1.176228912779997832e-01 5.303600921241635323e+09 9.607226811853376627e+08
1.192853972881804531e-01 4.025322463551716805e+09 9.502397210053949356e+08
1.209479034123834701e-01 2.866342483557125568e+09 9.412211167701238394e+08
1.226104096459709192e-01 1.823393422489264727e+09 9.336250233572571278e+08
1.242729159845529646e-01 8.929754296158407927e+08 9.273725425865054131e+08
1.259354224239715991e-01 7.137403939000411332e+07 9.223529075261321068e+08
1.275979289602855449e-01 -6.453217187835254669e+08 9.184296563041900396e+08
1.292604355897561952e-01 -1.261200853447339773e+09 9.154473839015650749e+08
1.309229423088349165e-01 -1.780511662666040421e+09 9.132386531718539000e+08
1.325854491141509606e-01 -2.207642780654489040e+09 9.116306849492895603e+08
1.342479560025006402e-01 -2.547104095909921169e+09 9.104515187298357487e+08
1.359104629708369483e-01 -2.803507617018329144e+09 9.095354239282721281e+08
1.375729700162601765e-01 -2.981548361719724178e+09 9.087274318666281700e+08
1.392354771360091448e-01 -3.085985343894337177e+09 9.078869388668528795e+08
1.408979843274529020e-01 -3.121622731922390461e+09 9.068903943573082685e+08
1.425604915880832879e-01 -3.093291250301677704e+09 9.056331325113927126e+08
1.442229989155077718e-01 -3.005829894599035740e+09 9.040304327186450958e+08
1.458855063074428748e-01 -2.864068027662609577e+09 9.020179062468709946e+08
1.475480137617080634e-01 -2.672807922610178947e+09 8.995513076306256056e+08
1.492105212762198374e-01 -2.436807815441907406e+09 8.966058634035633802e+08
1.508730288489867621e-01 -2.160765527180027008e+09 8.931752010011023283e+08
1.525355364781040279e-01 -1.849302712265249968e+09 8.892699494867186546e+08
1.541980441617490649e-01 -1.506949786550568104e+09 8.849160729729628563e+08
1.558605518981770188e-01 -1.138131584612938881e+09 8.801529883677722216e+08
1.575230596857167542e-01 -7.471537923287490606e+08 8.750315120436729193e+08
1.591855675227668576e-01 -3.381901966763687730e+08 8.696116755020701885e+08
1.608480754077921959e-01 8.472920935990400612e+07 8.639604481039390564e+08
1.625105833393203636e-01 5.177292331815316677e+08 8.581494052507801056e+08
1.641730913159387406e-01 9.570995709779535532e+08 8.522523826194130182e+08
1.658355993362912173e-01 1.399303953315413713e+09 8.463431605778673887e+08
1.674981073990755853e-01 1.840988327574617624e+09 8.404932269739615917e+08
1.691606155030408176e-01 2.278988061453782558e+09 8.347696701840004921e+08
1.708231236469845982e-01 2.710334156304098606e+09 8.292332566548147202e+08
1.724856318297508795e-01 3.132258463643710136e+09 8.239367472128368616e+08
1.741481400502279120e-01 3.542197902714950085e+09 8.189235033491543531e+08
1.758106483073458848e-01 3.937797681465336800e+09 8.142264280014536381e+08
1.774731566000750660e-01 4.316913527729454994e+09 8.098672749632803202e+08
1.791356649274240265e-01 4.677612941762506485e+09 8.058563473399636745e+08
1.807981732884377246e-01 5.018175485466673851e+09 8.021925893432397842e+08
1.824606816821959798e-01 5.337092127792039871e+09 7.988640584495917559e+08
1.841231901078118072e-01 5.633063669716402054e+09 7.958487480532127619e+08
1.857856985644300296e-01 5.904998276028141022e+09 7.931157157388437986e+08
1.874482070512257237e-01 6.152008144728940964e+09 7.906264604686703682e+08
1.891107155674030538e-01 6.373405348297835350e+09 7.883364841975030899e+08
1.907732241121938566e-01 6.568696884262484550e+09 7.861969700704672337e+08
1.924357326848565586e-01 6.737578975499598503e+09 7.841565102622853518e+08
1.940982412846749550e-01 6.879930663441369057e+09 7.821628210972251892e+08
1.957607499109572380e-01 6.995806739852087975e+09 7.801643904443886280e+08
1.974232585630348313e-01 7.085430065094597816e+09 7.781120114967060089e+08
1.990857672402615297e-01 7.149183322782995224e+09 7.759601668918807507e+08
2.007482759420124996e-01 7.187600262426920891e+09 7.736682368518846035e+08
2.024107846676835298e-01 7.201356483117791176e+09 7.712015139340105057e+08
2.040732934166899215e-01 7.191259812467047691e+09 7.685320146653820276e+08
2.057358021884660160e-01 7.158240335886763573e+09 7.656390845696179867e+08
2.073983109824642512e-01 7.103340131907346725e+09 7.625097978643038273e+08
2.090608197981545235e-01 7.027702769561505318e+09 7.591391565373623371e+08
2.107233286350234380e-01 6.932562623898614883e+09 7.555300958255265951e+08
2.123858374925735870e-01 6.819234065492948532e+09 7.516933045950127840e+08
2.140483463703231337e-01 6.689100579305119514e+09 7.476468700695118904e+08
2.157108552678049240e-01 6.543603867523221970e+09 7.434157570693992376e+08
2.173733641845664311e-01 6.384232990010393143e+09 7.390311326964645386e+08
2.190358731201685061e-01 6.212513594740368843e+09 7.345295484721415043e+08
2.206983820741854618e-01 6.029997289144746780e+09 7.299519935065516233e+08
2.223608910462041566e-01 5.838251201588435173e+09 7.253428344704573154e+08
2.240234000358239386e-01 5.638847780301535606e+09 7.207486610101828575e+08
2.256859090426557024e-01 5.433354874988969803e+09 7.162170587288205624e+08
2.273484180663219723e-01 5.223326144068672180e+09 7.117953357863883972e+08
2.290109271064561247e-01 5.010291828034636497e+09 7.075292332587765455e+08
2.306734361627020280e-01 4.795749926845116615e+09 7.034616532312521935e+08
2.323359452347137921e-01 4.581157816498844147e+09 6.996314416955090761e+08
2.339984543221555469e-01 4.367924337101103783e+09 6.960722651369776726e+08
2.356609634247005536e-01 4.157402381756982803e+09 6.928116197287542820e+08
2.373234725420314828e-01 3.950882012579230785e+09 6.898700098992741108e+08
2.389859816738397480e-01 3.749584126970410824e+09 6.872603284896196127e+08
2.406484908198254224e-01 3.554654694145989418e+09 6.849874638207305670e+08
2.423109999796965175e-01 3.367159578671982765e+09 6.830481500674926043e+08
2.439735091531692601e-01 3.188079964507146358e+09 6.814310669899786711e+08
2.456360183399674824e-01 3.018308389820828438e+09 6.801171841035903692e+08
2.472985275398224547e-01 2.858645399593167305e+09 6.790803336858083010e+08
2.489610367524725254e-01 2.709796819797011852e+09 6.782879874931100607e+08
2.506235459776631203e-01 2.572371653766187668e+09 6.777022044373966455e+08
2.522860552151463542e-01 2.446880598245577335e+09 6.772807112283737659e+08
2.539485644646808371e-01 2.333735173540688038e+09 6.769780753370009661e+08
2.556110737260313126e-01 2.233247459213655472e+09 6.767469294783598185e+08
2.572735829989687417e-01 2.145630423887551785e+09 6.765392088255528212e+08
2.589360922832700251e-01 2.070998834934264660e+09 6.763073658455839157e+08
2.605986015787175591e-01 2.009370731156168222e+09 6.760055324215443134e+08
2.622611108850994577e-01 1.960669439045681238e+09 6.755906042123509645e+08
2.639236202022091082e-01 1.924726110787294626e+09 6.750232275006493330e+08
2.655861295298450053e-01 1.901282759925099373e+09 6.742686736862840652e+08
2.672486388678106950e-01 1.889995768512423515e+09 6.732975908238953352e+08
2.689111482159146083e-01 1.890439837617658138e+09 6.720866250316371918e+08
2.705736575739698391e-01 1.902112351286275148e+09 6.706189071648606062e+08
2.722361669417941443e-01 1.924438122459241867e+09 6.688844019052357674e+08
2.738986763192096108e-01 1.956774487923670053e+09 6.668801174763170481e+08
2.755611857060425440e-01 1.998416718122982502e+09 6.646101747159267664e+08
2.772236951021236906e-01 2.048603706604588985e+09 6.620857344127622843e+08
2.788862045072874607e-01 2.106523902996531725e+09 6.593247818588452339e+08
2.805487139213725944e-01 2.171321452733783722e+09 6.563517677100585699e+08
2.822112233442213292e-01 2.242102506237813950e+09 6.531971047128663063e+08
2.838737327756796214e-01 2.317941659962081909e+09 6.498965208843290806e+08
2.855362422155972579e-01 2.397888491572600365e+09 6.464902715246897936e+08
2.871987516638271343e-01 2.480974151602274418e+09 6.430222151950023174e+08
2.888612611202258651e-01 2.566217974156687737e+09 6.395387626070555449e+08
2.905237705846532292e-01 2.652634069657656670e+09 6.360877122895485163e+08
2.921862800569720031e-01 2.739237863219385147e+09 6.327169928032280207e+08
2.938487895370484604e-01 2.825052542991175175e+09 6.294733379143077135e+08
2.955112990247516502e-01 2.909115383743874073e+09 6.264009280632151365e+08
2.971738085199533974e-01 2.990483912042415142e+09 6.235400380573842525e+08
2.988363180225286353e-01 3.068241880591307163e+09 6.209257364193351269e+08
3.004988275323551283e-01 3.141505020698827744e+09 6.185866854125620127e+08
3.021613370493130279e-01 3.209426543336128235e+09 6.165440916847342253e+08
3.038238465732852611e-01 3.271202360881126881e+09 6.148108551181731224e+08
3.054863561041573639e-01 3.326076003416555882e+09 6.133909576107695103e+08
3.071488656418173702e-01 3.373343205295124531e+09 6.122791242645117044e+08
3.088113751861554790e-01 3.412356139670049667e+09 6.114607774402661324e+08
3.104738847370644983e-01 3.442527280729520798e+09 6.109122903320876360e+08
3.121363942944395120e-01 3.463332875517715931e+09 6.106015323871920109e+08
3.137989038581776025e-01 3.474316009429753304e+09 6.104886853833099604e+08
3.154614134281782389e-01 3.475089251732337952e+09 6.105272974747978449e+08
3.171239230043430002e-01 3.465336869771603107e+09 6.106655339458204508e+08
3.187864325865753523e-01 3.444816602891162872e+09 6.108475782336739302e+08
3.204489421747808708e-01 3.413360989450005054e+09 6.110151350506082773e+08
3.221114517688670742e-01 3.370878242726656914e+09 6.111089887703924179e+08
3.237739613687434237e-01 3.317352673904536247e+09 6.110705740064675808e+08
3.254364709743211015e-01 3.252844662701627254e+09 6.108435206760810614e+08
3.270989805855132326e-01 3.177490178612449169e+09 6.103751419870529175e+08
3.287614902022346075e-01 3.091499858044216633e+09 6.096178399353376627e+08
3.304239998244018484e-01 2.995157644961551189e+09 6.085304084445989132e+08
3.320865094519330207e-01 2.888819004894515038e+09 6.070792187596822977e+08
3.337490190847480775e-01 2.772908724368761539e+09 6.052392748338202238e+08
3.354115287227684150e-01 2.647918309938107491e+09 6.029951280856676102e+08
3.370740383659170392e-01 2.514403003053741455e+09 6.003416410127533674e+08
3.387365480141183438e-01 2.372978428953124046e+09 5.972845877936060429e+08
3.403990576672984991e-01 2.224316899610603333e+09 5.938410773386809826e+08
3.420615673253846745e-01 2.069143392552341938e+09 5.900397804791198969e+08
3.437240769883058711e-01 1.908231228961092949e+09 5.859209384496566057e+08
3.453865866559921449e-01 1.742397476015100956e+09 5.815361250088733435e+08
3.470490963283750507e-01 1.572498099790235996e+09 5.769477301378563643e+08
3.487116060053874755e-01 1.399422896294039488e+09 5.722281302023850679e+08
3.503741156869634166e-01 1.224090229302262545e+09 5.674585090017154217e+08
3.520366253730383144e-01 1.047441604633537412e+09 5.627272977443655729e+08
3.536991350635486642e-01 8.704361112763098478e+08 5.581282113482528925e+08
3.553616447584322380e-01 6.940447604569249153e+08 5.537578750931934118e+08
3.570241544576279180e-01 5.192447541820200086e+08 5.497130605700412989e+08
3.586866641610758633e-01 3.470137151520349383e+08 5.460875829964213371e+08
3.603491738687170098e-01 1.783239100550733507e+08 5.429689515345373154e+08
3.620116835804937372e-01 1.413649827552250214e+07 5.404349063543252945e+08
3.636741932963493684e-01 -1.446041621512983739e+08 5.385500148039621115e+08
3.653367030162280593e-01 -2.969761198315578699e+08 5.373625266933861971e+08
3.669992127400752979e-01 -4.420853155656936169e+08 5.369016978716624975e+08
3.686617224678372939e-01 -5.790709178304829597e+08 5.371757765307313204e+08
3.703242321994613118e-01 -7.071104786995186806e+08 5.381708065206221342e+08
3.719867419348956150e-01 -8.254248816830762625e+08 5.398503401580843925e+08
3.736492516740893000e-01 -9.332830541078943014e+08 5.421560782021884918e+08
3.753117614169925176e-01 -1.030006417931923985e+09 5.450093786152763367e+08
3.769742711635561405e-01 -1.114973054308387280e+09 5.483135103479773998e+08
3.786367809137318741e-01 -1.187621558756242514e+09 5.519564828776383400e+08
3.802992906674724227e-01 -1.247454565477654696e+09 5.558142610514887571e+08
3.819618004247312126e-01 -1.294041921132979870e+09 5.597541773041970730e+08
3.836243101854625026e-01 -1.327023490302349091e+09 5.636383747953534126e+08
3.852868199496213841e-01 -1.346111576827384710e+09 5.673271485277624130e+08
3.869493297171635593e-01 -1.351092947329917192e+09 5.706820898946104050e+08
3.886118394880457849e-01 -1.341830445338408470e+09 5.735689774344097376e+08
3.902743492622252064e-01 -1.318264186686877251e+09 5.758603888644887209e+08
3.919368590396599683e-01 -1.280412329107361794e+09 5.774380347570419312e+08
3.935993688203087704e-01 -1.228371411267891645e+09 5.781948321736096144e+08
3.952618786041311449e-01 -1.162316258827272177e+09 5.780367479333168268e+08
3.969243883910870685e-01 -1.082499457460876465e+09 5.768844472133017778e+08
3.985868981811374612e-01 -9.892503951440798044e+08 5.746747852619683743e+08
4.002494079742436872e-01 -8.829738783616188765e+08 5.713621793257131577e+08
4.019119177703678880e-01 -7.641483292122970819e+08 5.669198953326104879e+08
4.035744275694727046e-01 -6.333235727022206783e+08 5.613412798446497917e+08
4.052369373715214440e-01 -4.911182257372966409e+08 5.546409622536578178e+08
4.068994471764781906e-01 -3.382167015502655506e+08 5.468560445220386982e+08
4.085619569843071952e-01 -1.753658453708886206e+08 5.380472847290380001e+08
4.102244667949735413e-01 -3.371219233558970038e+06 5.283002642529452443e+08
4.118869766084432005e-01 1.769069443040058315e+08 5.177265037004825473e+08
4.135494864246819224e-01 3.645580978569697738e+08 5.064644558564350605e+08
4.152119962436567890e-01 5.586260210083298683e+08 4.946802504101169109e+08
4.168745060653349932e-01 7.581137232128043175e+08 4.825679906172881722e+08
4.185370158896842829e-01 9.619885814481312037e+08 4.703493041124066710e+08
4.201995257166728504e-01 1.169187684852015495e+09 4.582717326571712494e+08
4.218620355462696647e-01 1.378623357505331993e+09 4.466054250638969541e+08
4.235245453784438063e-01 1.589188829432755470e+09 4.356375110588899851e+08
4.251870552131651881e-01 1.799764025131577253e+09 4.256635460245207548e+08
4.268495650504041117e-01 2.009221438181274414e+09 4.169756157905840278e+08
4.285120748901312115e-01 2.216432060075551987e+09 4.098471621891689301e+08
4.301745847323175664e-01 2.420271330991782665e+09 4.045153566955641508e+08
4.318370945769347546e-01 2.619625080175814152e+09 4.011627926228970289e+08
4.334996044239549096e-01 2.813395423530329704e+09 3.999010834807623029e+08
4.351621142733504422e-01 3.000506586333180904e+09 4.007592319565267563e+08
4.368246241250944295e-01 3.179910619263494492e+09 4.036790609096699357e+08
4.384871339791597822e-01 3.350592976621987820e+09 4.085186184328039885e+08
4.401496438355204099e-01 3.511577926218106270e+09 4.150627490379379392e+08
4.418121536941504446e-01 3.661933761464263439e+09 4.230386213815373182e+08
4.434746635550242400e-01 3.800777787114490986e+09 4.321333945864592195e+08
4.451371734181167605e-01 3.927281051509126663e+09 4.420114463823204041e+08
4.467996832834031928e-01 4.040672799359491348e+09 4.523293767620410323e+08
4.484621931508591675e-01 4.140244620857343674e+09 4.627479292096258402e+08
4.501247030204606481e-01 4.225354274317889214e+09 4.729407335390970111e+08
4.517872128921838204e-01 4.295429161620807648e+09 4.826002474062123299e+08
4.534497227660054253e-01 4.349969437320768356e+09 4.914414771847017407e+08
4.551122326419027031e-01 4.388550734645849228e+09 4.992040758741481304e+08
4.567747425198525613e-01 4.410826493344025612e+09 5.056533337690233588e+08
4.584372523998329063e-01 4.416529876929585457e+09 5.105804606553313136e+08
4.600997622818217003e-01 4.405475268697086334e+09 5.138024440706050396e+08
4.617622721657972384e-01 4.377559338689799309e+09 5.151616727435778975e+08
4.634247820517383154e-01 4.332761675607928276e+09 5.145254424083347321e+08
4.650872919396236149e-01 4.271144980673446655e+09 5.117854100855373144e+08
4.667498018294323758e-01 4.192854822166944027e+09 5.068570291234752536e+08
4.684123117211442255e-01 4.098118952568619728e+09 4.996789755748180151e+08
4.700748216147389580e-01 3.987246191739995003e+09 4.902125640183049440e+08
4.717373315101965336e-01 3.860624882995044708e+09 4.784411437980803847e+08
4.733998414074974126e-01 3.718720930070402145e+09 4.643694639721772075e+08
4.750623513066224435e-01 3.562075426684646606e+09 4.480229942312822342e+08
4.767248612075521974e-01 3.391301890974977493e+09 4.294471903123624921e+08
4.783873711102680226e-01 3.207083121213049412e+09 4.087066935060402155e+08
4.800498810147514894e-01 3.010167688907511711e+09 3.858844565537633300e+08
4.817123909209840571e-01 2.801366090255620003e+09 3.610807896764410138e+08
4.833749008289477955e-01 2.581546575203559399e+09 3.344123237294282913e+08
4.850374107386249412e-01 2.351630679588768005e+09 3.060108885218473673e+08
4.866999206499977859e-01 2.112588481705263376e+09 2.760223081201354265e+08
4.883624305630492324e-01 1.865433613677504301e+09 2.446051151711508930e+08
4.900249404777619611e-01 1.611218049081383705e+09 2.119291915668120980e+08
4.916874503941192631e-01 1.351026703967379570e+09 1.781743425805176198e+08
4.933499603121045407e-01 1.085971867889713287e+09 1.435288259872383177e+08
4.950124702317013070e-01 8.171875170222018957e+08 1.081878818662817180e+08
4.966749801528934083e-01 5.458235002239830494e+08 7.235251416083532572e+07
4.983374900756649684e-01 2.730397486634953022e+08 3.623049176191172004e+07
