# r [arcsec]	I [Jy/sr]	I_uncer [Jy/sr]
1.272617859314095550e-03 1.259593912684932556e+11 4.174945916439910889e+09
2.921189009106442414e-03 1.256583570381383972e+11 4.156319468785345554e+09
4.579495862547155495e-03 1.251181618293312378e+11 4.123016518472124577e+09
6.240002426697914550e-03 1.243410562816952209e+11 4.075317643493235588e+09
7.901343393063876494e-03 1.233304318882707977e+11 4.013648653373495579e+09
9.563088128690054243e-03 1.220907062870892334e+11 3.938564099759391785e+09
1.122505851373705593e-02 1.206272881555018005e+11 3.850741772794450760e+09
1.288716767388508287e-02 1.189465435217988129e+11 3.750977755008642197e+09
1.454936822595933807e-02 1.170557577056210175e+11 3.640181245731556892e+09
1.621163214106096165e-02 1.149630922271790009e+11 3.519369206785240173e+09
1.787394178310437384e-02 1.126775367795634766e+11 3.389661030324128628e+09
1.953628550253095827e-02 1.102088565395853119e+11 3.252273488323644161e+09
2.119865529577967186e-02 1.075675351627325134e+11 3.108516255100490570e+09
2.286104548286438387e-02 1.047647138486705780e+11 2.959788303099781513e+09
2.452345192144544592e-02 1.018121268939865875e+11 2.807575443483348846e+09
2.618587151961204035e-02 9.872203417335989380e+10 2.653449184496854305e+09
2.784830192283991451e-02 9.550715101052174377e+10 2.499066854398904800e+09
2.951074130657948408e-02 9.218057591671823120e+10 2.346172486013238907e+09
3.117318823511218417e-02 8.875571668691549683e+10 2.196597140332981586e+09
3.283564156322602012e-02 8.524621535275863647e+10 2.052255960957888842e+09
3.449810036628684490e-02 8.166587249629779053e+10 1.915137102980974674e+09
3.616056388957845924e-02 7.802857142966534424e+10 1.787274742854508400e+09
3.782303151098994481e-02 7.434820274329258728e+10 1.670695189617082119e+09
3.948550271312052662e-02 7.063858971891473389e+10 1.567323448039710522e+09
4.114797706214112089e-02 6.691341509358274841e+10 1.478840987312292337e+09
4.281045419157746001e-02 6.318614964728334045e+10 1.406498517494165659e+09
4.447293378972808769e-02 5.946998306970599365e+10 1.350911859528364897e+09
4.613541558980088775e-02 5.577775754127848816e+10 1.311896335214557171e+09
4.779789936210682849e-02 5.212190444008815002e+10 1.288405467652713776e+09
4.946038490782722619e-02 4.851438455981166840e+10 1.278614625663240671e+09
5.112287205399637657e-02 4.496663219461070251e+10 1.280135576050483704e+09
5.278536064943199074e-02 4.148950341527635956e+10 1.290297721388400078e+09
5.444785056141081270e-02 3.809322882706474304e+10 1.306418228053538561e+09
5.611034167293492414e-02 3.478737106386219788e+10 1.326007182031008482e+09
5.777283388046990098e-02 3.158078723592792130e+10 1.346891020275383234e+09
5.943532709206246489e-02 2.848159650971313095e+10 1.367265015662509680e+09
6.109782122576532665e-02 2.549715295854155350e+10 1.385696657966861486e+09
6.276031620831216962e-02 2.263402378252904510e+10 1.401101002128835917e+09
6.442281197399798987e-02 1.989797295536911392e+10 1.412703407329324007e+09
6.608530846372812073e-02 1.729395031485059738e+10 1.419999116818772316e+09
6.774780562420743002e-02 1.482608607353713608e+10 1.422714616747272253e+09
6.941030340724584080e-02 1.249769068622301674e+10 1.420772852922242165e+09
7.107280176916151715e-02 1.031125997194545174e+10 1.414262786075741053e+09
7.273530067026563739e-02 8.268485350753333092e+09 1.403412972391991854e+09
7.439780007441634813e-02 6.370269019431982994e+09 1.388568518266723633e+09
7.606029994863128252e-02 4.616743856203737259e+09 1.370170653643294811e+09
7.772280026274960840e-02 3.007297812392475128e+09 1.348738169875010014e+09
7.938530098913672284e-02 1.540602519317995787e+09 1.324850011906799793e+09
8.104780210242505667e-02 2.146458115844554007e+08 1.299128375856148005e+09
8.271030357928650656e-02 -9.732321564358860254e+08 1.272221741267504692e+09
8.437280539823126257e-02 -2.026299545510212898e+09 1.244787377340039253e+09
8.603530753943039455e-02 -2.948390580737758636e+09 1.217473027775186777e+09
8.769780998455847798e-02 -3.743860793005595684e+09 1.190897723556936502e+09
8.936031271665356712e-02 -4.417540142470906258e+09 1.165632009773085594e+09
9.102281571999285004e-02 -4.974684422248022079e+09 1.142178287964061022e+09
9.268531897998151525e-02 -5.420925345502228737e+09 1.120952415111489534e+09
9.434782248305331742e-02 -5.762219720778569221e+09 1.102268064595371008e+09
9.601032621658157906e-02 -6.004798118658101082e+09 1.086325514509800673e+09
9.767283016879922675e-02 -6.155113427781998634e+09 1.073206368905190468e+09
9.933533432872686253e-02 -6.219789690029685020e+09 1.062875192207569957e+09
1.009978386861079547e-01 -6.205571593267907143e+09 1.055188214865776300e+09
1.026603432313502873e-01 -6.119274985761797905e+09 1.049908330765847206e+09
1.043228479554730720e-01 -5.967738759234057426e+09 1.046724790567332029e+09
1.059853528500589448e-01 -5.757778427831674576e+09 1.045275500580308914e+09
1.076478579072105424e-01 -5.496141708171299934e+09 1.045169754094993353e+09
1.093103631195108394e-01 -5.189466381372418404e+09 1.046009510045781612e+09
1.109728684799872744e-01 -4.844240691828914642e+09 1.047407857549997330e+09
1.126353739820789568e-01 -4.466766509674237251e+09 1.049003901490470171e+09
1.142978796196066349e-01 -4.063125454718603134e+09 1.050473840970901012e+09
1.159603853867454265e-01 -3.639148149403481960e+09 1.051538414038034797e+09
1.176228912779997832e-01 -3.200386737266942024e+09 1.051967129743777633e+09
1.192853972881804531e-01 -2.752090771898232460e+09 1.051579821822376251e+09
1.209479034123834701e-01 -2.299186549616196632e+09 1.050246073706576824e+09
1.226104096459709192e-01 -1.846259927480300188e+09 1.047883020394198060e+09
1.242729159845529646e-01 -1.397542636983796597e+09 1.044451959958703279e+09
1.259354224239715991e-01 -9.569020731888992786e+08 1.039954127773756623e+09
1.275979289602855449e-01 -5.278345094062625170e+08 1.034425912574509978e+09
1.292604355897561952e-01 -1.134616590508252382e+08 1.027933731509337187e+09
1.309229423088349165e-01 2.834695207322396040e+08 1.020568733235622644e+09
1.325854491141509606e-01 6.605839144594063759e+08 1.012441463291926742e+09
1.342479560025006402e-01 1.015872377033443213e+09 1.003676602563483000e+09
1.359104629708369483e-01 1.347683081592395306e+09 9.944078752144993544e+08
1.375729700162601765e-01 1.654710281558921814e+09 9.847732143839266300e+08
1.392354771360091448e-01 1.935980698905709028e+09 9.749102696114137173e+08
1.408979843274529020e-01 2.190837765137895107e+09 9.649523368439004421e+08
1.425604915880832879e-01 2.418923953466129303e+09 9.550247876430904865e+08
1.442229989155077718e-01 2.620161449996572495e+09 9.452420668275259733e+08
1.458855063074428748e-01 2.794731418515385628e+09 9.357053157637956142e+08
1.475480137617080634e-01 2.943052117564615726e+09 9.265006610609184504e+08
1.492105212762198374e-01 3.065756130007206917e+09 9.176981856675176620e+08
1.508730288489867621e-01 3.163666964238514423e+09 9.093515724071087837e+08
1.525355364781040279e-01 3.237775282657566071e+09 9.014983808293305635e+08
1.541980441617490649e-01 3.289215007089560986e+09 8.941608895573893785e+08
1.558605518981770188e-01 3.319239542635595798e+09 8.873474109737541676e+08
1.575230596857167542e-01 3.329198351092700005e+09 8.810539657933051586e+08
1.591855675227668576e-01 3.320514092762900829e+09 8.752661938129355907e+08
1.608480754077921959e-01 3.294660541332326412e+09 8.699613749195517302e+08
1.625105833393203636e-01 3.253141460765729427e+09 8.651104411777317524e+08
1.641730913159387406e-01 3.197470615981576443e+09 8.606798753870483637e+08
1.658355993362912173e-01 3.129153070706504345e+09 8.566334120035232306e+08
1.674981073990755853e-01 3.049667906540907383e+09 8.529334804663684368e+08
1.691606155030408176e-01 2.960452477135345459e+09 8.495423563792157173e+08
1.708231236469845982e-01 2.862888290714432240e+09 8.464230105379168987e+08
1.724856318297508795e-01 2.758288593199354172e+09 8.435396677431675196e+08
1.741481400502279120e-01 2.647887703115331173e+09 8.408581054792127609e+08
1.758106483073458848e-01 2.532832128537744045e+09 8.383457361709398031e+08
1.774731566000750660e-01 2.414173475744319916e+09 8.359715255863645077e+08
1.791356649274240265e-01 2.292863139210164070e+09 8.337058041332594156e+08
1.807981732884377246e-01 2.169748743300184727e+09 8.315200276799249649e+08
1.824606816821959798e-01 2.045572287661149263e+09 8.293865406707457304e+08
1.841231901078118072e-01 1.920969931065726280e+09 8.272783874092698097e+08
1.857856985644300296e-01 1.796473332458121538e+09 8.251692081967135668e+08
1.874482070512257237e-01 1.672512453344975233e+09 8.230332463527003527e+08
1.891107155674030538e-01 1.549419712563202858e+09 8.208454807761942148e+08
1.907732241121938566e-01 1.427435372963793278e+09 8.185818873648731709e+08
1.924357326848565586e-01 1.306714029730383158e+09 8.162198219433066845e+08
1.940982412846749550e-01 1.187332061987262011e+09 8.137385078729563951e+08
1.957607499109572380e-01 1.069295903061406493e+09 8.111196036243022680e+08
1.974232585630348313e-01 9.525509802902542353e+08 8.083478195167713165e+08
1.990857672402615297e-01 8.369911725859985352e+08 8.054115486863205433e+08
2.007482759420124996e-01 7.224686330859701633e+08 8.023034750945322514e+08
2.024107846676835298e-01 6.088038250712864399e+08 7.990211209574824572e+08
2.040732934166899215e-01 4.957956218969155550e+08 7.955672971654986143e+08
2.057358021884660160e-01 3.832313258401198983e+08 7.919504229235118628e+08
2.073983109824642512e-01 2.708964664887263775e+08 7.881846847879523039e+08
2.090608197981545235e-01 1.585842464161483347e+08 7.842900103731508255e+08
2.107233286350234380e-01 4.610451034720236808e+07 7.802918381610907316e+08
2.123858374925735870e-01 -6.670787635183636844e+07 7.762206720078833103e+08
2.140483463703231337e-01 -1.799853433323779702e+08 7.721114170634611845e+08
2.157108552678049240e-01 -2.938207169570387602e+08 7.680025028453743458e+08
2.173733641845664311e-01 -4.082611875579355359e+08 7.639348090158158541e+08
2.190358731201685061e-01 -5.233032088490812182e+08 7.599504197680025101e+08
2.206983820741854618e-01 -6.388883826819906235e+08 7.560912432557618618e+08
2.223608910462041566e-01 -7.549003686720590591e+08 7.523975426334542036e+08
2.240234000358239386e-01 -8.711628444183812141e+08 7.489064342755627632e+08
2.256859090426557024e-01 -9.874385282803862095e+08 7.456504157526675463e+08
2.273484180663219723e-01 -1.103429263095539093e+09 7.426559902463723421e+08
2.290109271064561247e-01 -1.218777145972307920e+09 7.399424544685037136e+08
2.306734361627020280e-01 -1.333066676516893148e+09 7.375209132406516075e+08
2.323359452347137921e-01 -1.445827883675711155e+09 7.353935754895749092e+08
2.339984543221555469e-01 -1.556540379920166492e+09 7.335533738259615898e+08
2.356609634247005536e-01 -1.664638280884433746e+09 7.319839339065382481e+08
2.373234725420314828e-01 -1.769515918874099016e+09 7.306599016936129332e+08
2.389859816738397480e-01 -1.870534270000452757e+09 7.295476180717532635e+08
2.406484908198254224e-01 -1.967028007114370584e+09 7.286061126879017353e+08
2.423109999796965175e-01 -2.058313084293648243e+09 7.277883738038809299e+08
2.439735091531692601e-01 -2.143694753410166025e+09 7.270428394839973450e+08
2.456360183399674824e-01 -2.222475909309615612e+09 7.263150481860166788e+08
2.472985275398224547e-01 -2.293965657390866280e+09 7.255493838457900286e+08
2.489610367524725254e-01 -2.357487995874991417e+09 7.246908514404429197e+08
2.506235459776631203e-01 -2.412390504810009480e+09 7.236868230325499773e+08
2.522860552151463542e-01 -2.458052934817078114e+09 7.224887004977926016e+08
2.539485644646808371e-01 -2.493895590750231743e+09 7.210534485454045534e+08
2.556110737260313126e-01 -2.519387408724926949e+09 7.193449593809660673e+08
2.572735829989687417e-01 -2.534053629350696087e+09 7.173352177328397036e+08
2.589360922832700251e-01 -2.537482975383623600e+09 7.150052415020213127e+08
2.605986015787175591e-01 -2.529334248338324070e+09 7.123457787612931728e+08
2.622611108850994577e-01 -2.509342265760723591e+09 7.093577462027019262e+08
2.639236202022091082e-01 -2.477323068794873238e+09 7.060523975845371485e+08
2.655861295298450053e-01 -2.433178338252398014e+09 7.024512135764242411e+08
2.672486388678106950e-01 -2.376898966535195351e+09 6.985855070859007835e+08
2.689111482159146083e-01 -2.308567742342147350e+09 6.944957411891012192e+08
2.705736575739698391e-01 -2.228361115020682335e+09 6.902305607439224720e+08
2.722361669417941443e-01 -2.136550015572924614e+09 6.858455441851310730e+08
2.738986763192096108e-01 -2.033499721602716208e+09 6.814016893556797504e+08
2.755611857060425440e-01 -1.919668763775159359e+09 6.769636568203409910e+08
2.772236951021236906e-01 -1.795606881547119856e+09 6.725978059513902664e+08
2.788862045072874607e-01 -1.661952045922307730e+09 6.683700728183832169e+08
2.805487139213725944e-01 -1.519426576675352097e+09 6.643437537004405260e+08
2.822112233442213292e-01 -1.368832390794805288e+09 6.605772725249812603e+08
2.838737327756796214e-01 -1.211045427719336510e+09 6.571220229155210257e+08
2.855362422155972579e-01 -1.047009305202039480e+09 6.540203837300422192e+08
2.871987516638271343e-01 -8.777282672746340036e+08 6.513040089902637005e+08
2.888612611202258651e-01 -7.042594927043472528e+08 6.489924873621144295e+08
2.905237705846532292e-01 -5.277048385117436051e+08 6.470924521706717014e+08
2.921862800569720031e-01 -3.492020984780144095e+08 6.455972007854934931e+08
2.938487895370484604e-01 -1.699158610785212815e+08 6.444868538299207687e+08
2.955112990247516502e-01 8.971945086749535054e+06 6.437290528580330610e+08
2.971738085199533974e-01 1.862717275731447339e+08 6.432801633181656599e+08
2.988363180225286353e-01 3.607960354860067368e+08 6.430869212083154917e+08
3.004988275323551283e-01 5.313694005077658296e+08 6.430884396311776638e+08
3.021613370493130279e-01 6.968381201215958595e+08 6.432184772091852427e+08
3.038238465732852611e-01 8.560798905406914949e+08 6.434078644698942900e+08
3.054863561041573639e-01 1.008013198691459656e+09 6.435869861331880093e+08
3.071488656418173702e-01 1.151606385295609236e+09 6.436882250861085653e+08
3.088113751861554790e-01 1.285886294620853662e+09 6.436482856413842440e+08
3.104738847370644983e-01 1.409946430773192883e+09 6.434103272944574356e+08
3.121363942944395120e-01 1.522954545440824986e+09 6.429258537730054855e+08
3.137989038581776025e-01 1.624159587718936443e+09 6.421563143404906988e+08
3.154614134281782389e-01 1.712897952973657370e+09 6.410743842641935349e+08
3.171239230043430002e-01 1.788598974589906931e+09 6.396648988186019659e+08
3.187864325865753523e-01 1.850789609816562176e+09 6.379254203732612133e+08
3.204489421747808708e-01 1.899098278696925163e+09 6.358664215708717108e+08
3.221114517688670742e-01 1.933257823180641174e+09 6.335110701982545853e+08
3.237739613687434237e-01 1.953107561885366917e+09 6.308946041334348917e+08
3.254364709743211015e-01 1.958594424503960848e+09 6.280632888855307102e+08
3.270989805855132326e-01 1.949773158502505541e+09 6.250729569402432442e+08
3.287614902022346075e-01 1.926805609390689850e+09 6.219871384711542130e+08
3.304239998244018484e-01 1.889959084435768604e+09 6.188748078173714876e+08
3.320865094519330207e-01 1.839603818128175259e+09 6.158077897728683949e+08
3.337490190847480775e-01 1.776209565918441057e+09 6.128578937342104912e+08
3.354115287227684150e-01 1.700341360664919376e+09 6.100938706402862072e+08
3.370740383659170392e-01 1.612654473784951448e+09 6.075783148111394644e+08
3.387365480141183438e-01 1.513888630205755234e+09 6.053646565944620371e+08
3.403990576672984991e-01 1.404861532833352327e+09 6.034944078908222914e+08
3.420615673253846745e-01 1.286461758306454420e+09 6.019948269660528898e+08
3.437240769883058711e-01 1.159641091245831490e+09 6.008771583706656694e+08
3.453865866559921449e-01 1.025406368990483761e+09 6.001355771728875637e+08
3.470490963283750507e-01 8.848109128963617086e+08 5.997469256260743141e+08
3.487116060053874755e-01 7.389456256133633852e+08 5.996712790600345135e+08
3.503741156869634166e-01 5.889298363430726528e+08 5.998533224476610422e+08
3.520366253730383144e-01 4.359019778722952008e+08 6.002244667348279953e+08
3.536991350635486642e-01 2.810101801795400381e+08 6.007055909168003798e+08
3.553616447584322380e-01 1.254028656043000519e+08 6.012102662929239273e+08
3.570241544576279180e-01 -2.978057003745444864e+07 6.016483049803733826e+08
3.586866641610758633e-01 -1.834189074081059694e+08 6.019294746074222326e+08
3.603491738687170098e-01 -3.344180038674002886e+08 6.019672320807203054e+08
3.620116835804937372e-01 -4.817193660812155604e+08 6.016823472481360435e+08
3.636741932963493684e-01 -6.243083207912191153e+08 6.010063077902919054e+08
3.653367030162280593e-01 -7.612217138589794636e+08 5.998844159429697990e+08
3.669992127400752979e-01 -8.915550726646267176e+08 5.982785028201210499e+08
3.686617224678372939e-01 -1.014469172506483197e+09 5.961691954289214611e+08
3.703242321994613118e-01 -1.129195953742462635e+09 5.935576742794431448e+08
3.719867419348956150e-01 -1.235043742978563786e+09 5.904668561107680798e+08
3.736492516740893000e-01 -1.331401738581241131e+09 5.869419279562208652e+08
3.753117614169925176e-01 -1.417743728099546194e+09 5.830501478126118183e+08
3.769742711635561405e-01 -1.493631012747182608e+09 5.788798170091956854e+08
3.786367809137318741e-01 -1.558714521860062599e+09 5.745383247729622126e+08
3.802992906674724227e-01 -1.612736108101610422e+09 5.701491726538197994e+08
3.819618004247312126e-01 -1.655529022098123074e+09 5.658479126107616425e+08
3.836243101854625026e-01 -1.687017573031922340e+09 5.617769847720612288e+08
3.852868199496213841e-01 -1.707215989454578400e+09 5.580795240672558546e+08
3.869493297171635593e-01 -1.716226502108569622e+09 5.548923186981830597e+08
3.886118394880457849e-01 -1.714236677803515911e+09 5.523382388204548359e+08
3.902743492622252064e-01 -1.701516040300170898e+09 5.505185912031818628e+08
3.919368590396599683e-01 -1.678412020652786255e+09 5.495059657958021164e+08
3.935993688203087704e-01 -1.645345285477843523e+09 5.493381900467907190e+08
3.952618786041311449e-01 -1.602804497105199575e+09 5.500139698944381475e+08
3.969243883910870685e-01 -1.551340564457000256e+09 5.514906637551124096e+08
3.985868981811374612e-01 -1.491560447771346092e+09 5.536844237717669010e+08
4.002494079742436872e-01 -1.424120583861988068e+09 5.564726865733985901e+08
4.019119177703678880e-01 -1.349720001502598763e+09 5.596987554212979078e+08
4.035744275694727046e-01 -1.269093198650764942e+09 5.631780338917324543e+08
4.052369373715214440e-01 -1.183002854643622398e+09 5.667053764281433821e+08
4.068994471764781906e-01 -1.092232451115936279e+09 5.700630165759547949e+08
4.085619569843071952e-01 -9.975788752757877111e+08 5.730286017772085667e+08
4.102244667949735413e-01 -8.998450782825088501e+08 5.753829751110055447e+08
4.118869766084432005e-01 -7.998328598488901854e+08 5.769174695687206984e+08
4.135494864246819224e-01 -6.983358478385477066e+08 5.774405963570971489e+08
4.152119962436567890e-01 -5.961327385945134163e+08 5.767841020138517618e+08
4.168745060653349932e-01 -4.939808600339192152e+08 5.748084351906110048e+08
4.185370158896842829e-01 -3.926101152461771369e+08 5.714077040797276497e+08
4.201995257166728504e-01 -2.927173594538267851e+08 5.665142234283752441e+08
4.218620355462696647e-01 -1.949612578319855034e+08 5.601027495370775461e+08
4.235245453784438063e-01 -9.995766585046136379e+07 5.521944838662787676e+08
4.251870552131651881e-01 -8.275567618389978074e+06 5.428608883788133860e+08
4.268495650504041117e-01 7.956639881328456104e+07 5.322272908576822281e+08
4.285120748901312115e-01 1.631028069663164616e+08 5.204761523974797130e+08
4.301745847323175664e-01 2.419236829652926028e+08 5.078497020554355979e+08
4.318370945769347546e-01 3.156761137587642670e+08 4.946513917388369441e+08
4.334996044239549096e-01 3.840652212281377912e+08 4.812452701887689233e+08
4.351621142733504422e-01 4.468545077920622230e+08 4.680519290318900347e+08
4.368246241250944295e-01 5.038655859263539314e+08 4.555392165580146313e+08
4.384871339791597822e-01 5.549773105616496801e+08 4.442056523754798770e+08
4.401496438355204099e-01 6.001243396279819012e+08 4.345547779441933036e+08
4.418121536941504446e-01 6.392951539029977322e+08 4.270600082278726697e+08
4.434746635550242400e-01 6.725295728483644724e+08 4.221221793557231426e+08
4.451371734181167605e-01 6.999158081002004147e+08 4.200254957008990049e+08
4.467996832834031928e-01 7.215871007940642834e+08 4.209005081212983727e+08
4.484621931508591675e-01 7.377179927593050003e+08 4.247030676742499471e+08
4.501247030204606481e-01 7.485202849423799515e+08 4.312147555951808095e+08
4.517872128921838204e-01 7.542387389800558090e+08 4.400642183840477467e+08
4.534497227660054253e-01 7.551465798440476656e+08 4.507631395761492848e+08
4.551122326419027031e-01 7.515408586513464451e+08 4.627479531383350492e+08
4.567747425198525613e-01 7.437377353374902010e+08 4.754193762451236248e+08
4.584372523998329063e-01 7.320677406373229027e+08 4.881749287854303718e+08
4.600997622818217003e-01 7.168710760210893154e+08 5.004328648294638395e+08
4.617622721657972384e-01 6.984930085785254240e+08 5.116481888954388499e+08
4.634247820517383154e-01 6.772794157154759169e+08 5.213224602943158150e+08
4.650872919396236149e-01 6.535725315546711683e+08 5.290092378104947209e+08
4.667498018294323758e-01 6.277069436055114269e+08 5.343167202267197967e+08
4.684123117211442255e-01 6.000058841182458401e+08 5.369087104545738697e+08
4.700748216147389580e-01 5.707778562072477341e+08 5.365046379600277543e+08
4.717373315101965336e-01 5.403136296918802261e+08 5.328790725699831247e+08
4.733998414074974126e-01 5.088836365154893398e+08 5.258609565894722939e+08
4.750623513066224435e-01 4.767357897076666951e+08 5.153326514238870740e+08
4.767248612075521974e-01 4.440937443020092249e+08 5.012288195950755477e+08
4.783873711102680226e-01 4.111556122147151828e+08 4.835351225803272128e+08
4.800498810147514894e-01 3.780931374072211385e+08 4.622866984005470872e+08
4.817123909209840571e-01 3.450513309690873027e+08 4.375663782242212296e+08
4.833749008289477955e-01 3.121485603456534743e+08 4.095026063532807231e+08
4.850374107386249412e-01 2.794770801305904388e+08 3.782670347059372067e+08
4.866999206499977859e-01 2.471039871937595606e+08 3.440717749161946177e+08
4.883624305630492324e-01 2.150725759969317615e+08 3.071662999390198588e+08
4.900249404777619611e-01 1.834040667800728679e+08 2.678340016567946076e+08
4.916874503941192631e-01 1.520996717946124673e+08 2.263884185153513253e+08
4.933499603121045407e-01 1.211429646021799743e+08 1.831691683789075613e+08
4.950124702317013070e-01 9.050250707926407456e+07 1.385376427482723892e+08
4.966749801528934083e-01 6.013469744191370904e+07 9.287269243825747073e+07
4.983374900756649684e-01 2.998676976352879778e+07 4.656794329096429050e+07
