# r [arcsec]	I [Jy/sr]	I_uncer [Jy/sr]
1.272617859314095550e-03 1.016325513820701294e+11 1.950894590599773645e+09
2.921189009106442414e-03 1.016119428622754974e+11 1.949885386570446968e+09
4.579495862547155495e-03 1.015748752334854736e+11 1.948142068014657021e+09
6.240002426697914550e-03 1.015213551305622101e+11 1.945641795541275501e+09
7.901343393063876494e-03 1.014514030137736511e+11 1.942381895854285240e+09
9.563088128690054243e-03 1.013650466973085632e+11 1.938363981614264250e+09
1.122505851373705593e-02 1.012623207261543427e+11 1.933591384829579592e+09
1.288716767388508287e-02 1.011432662433188782e+11 1.928068538860973835e+09
1.454936822595933807e-02 1.010079309364889984e+11 1.921800777440873146e+09
1.621163214106096165e-02 1.008563690010475769e+11 1.914794252743097305e+09
1.787394178310437384e-02 1.006886411055547791e+11 1.907055894830437899e+09
1.953628550253095827e-02 1.005048143557588348e+11 1.898593387592548609e+09
2.119865529577967186e-02 1.003049622558894196e+11 1.889415151871241331e+09
2.286104548286438387e-02 1.000891646667358704e+11 1.879530331861219883e+09
2.452345192144544592e-02 9.985750776035507202e+10 1.868948782994080544e+09
2.618587151961204035e-02 9.961008397132876587e+10 1.857681060425923824e+09
2.784830192283991451e-02 9.934699194458728027e+10 1.845738407682612896e+09
2.951074130657948408e-02 9.906833647977587891e+10 1.833132745232171774e+09
3.117318823511218417e-02 9.877422847221578979e+10 1.819876658873936415e+09
3.283564156322602012e-02 9.846478485047988892e+10 1.805983387892807722e+09
3.449810036628684490e-02 9.814012851063642883e+10 1.791466812968048811e+09
3.616056388957845924e-02 9.780038824717170715e+10 1.776341443850358486e+09
3.782303151098994481e-02 9.744569868068574524e+10 1.760622406834039450e+09
3.948550271312052662e-02 9.707620018234739685e+10 1.744325432060878515e+09
4.114797706214112089e-02 9.669203879522529602e+10 1.727466840704728603e+09
4.281045419157746001e-02 9.629336615249038696e+10 1.710063532084776640e+09
4.447293378972808769e-02 9.588033939258016968e+10 1.692132970763689041e+09
4.613541558980088775e-02 9.545312107137013245e+10 1.673693173691491604e+09
4.779789936210682849e-02 9.501187907140892029e+10 1.654762697459624052e+09
4.946038490782722619e-02 9.455678650827940369e+10 1.635360625725794792e+09
5.112287205399637657e-02 9.408802163416264343e+10 1.615506556886125565e+09
5.278536064943199074e-02 9.360576773863056946e+10 1.595220592061439991e+09
5.444785056141081270e-02 9.311021304679817200e+10 1.574523323472185135e+09
5.611034167293492414e-02 9.260155061482539368e+10 1.553435823281446457e+09
5.777283388046990098e-02 9.207997822291140747e+10 1.531979632977773428e+09
5.943532709206246489e-02 9.154569826580096436e+10 1.510176753385291338e+09
6.109782122576532665e-02 9.099891764089778137e+10 1.488049635372751474e+09
6.276031620831216962e-02 9.043984763407302856e+10 1.465621171348659039e+09
6.442281197399798987e-02 8.986870380319969177e+10 1.442914687617975235e+09
6.608530846372812073e-02 8.928570585954986572e+10 1.419953937679295778e+09
6.774780562420743002e-02 8.869107754708253479e+10 1.396763096537886143e+09
6.941030340724584080e-02 8.808504651973240662e+10 1.373366756103439569e+09
7.107280176916151715e-02 8.746784421677630615e+10 1.349789921734430552e+09
7.273530067026563739e-02 8.683970573633380127e+10 1.326058009983108044e+09
7.439780007441634813e-02 8.620086970714219666e+10 1.302196847578849077e+09
7.606029994863128252e-02 8.555157815861773682e+10 1.278232671673581600e+09
7.772280026274960840e-02 8.489207638935554504e+10 1.254192131347154856e+09
7.938530098913672284e-02 8.422261283411320496e+10 1.230102290342184544e+09
8.104780210242505667e-02 8.354343892937228394e+10 1.205990630967288017e+09
8.271030357928650656e-02 8.285480897759254456e+10 1.181885059052994967e+09
8.437280539823126257e-02 8.215698001019419861e+10 1.157813909797354698e+09
8.603530753943039455e-02 8.145021164943339539e+10 1.133805954265483618e+09
8.769780998455847798e-02 8.073476596917556763e+10 1.109890406226270437e+09
8.936031271665356712e-02 8.001090735472903442e+10 1.086096928908826113e+09
9.102281571999285004e-02 7.927890236179302979e+10 1.062455641141130090e+09
9.268531897998151525e-02 7.853901957461616516e+10 1.038997122196158528e+09
9.434782248305331742e-02 7.779152946346412659e+10 1.015752414499303460e+09
9.601032621658157906e-02 7.703670424149023438e+10 9.927530231661324501e+08
9.767283016879922675e-02 7.627481772108953857e+10 9.700309111179778576e+08
9.933533432872686253e-02 7.550614516984146118e+10 9.476184882783737183e+08
1.009978386861079547e-01 7.473096316612504578e+10 9.255485930830566883e+08
1.026603432313502873e-01 7.394954945451110840e+10 9.038544642474447489e+08
1.043228479554730720e-01 7.316218280099899292e+10 8.825697004298568964e+08
1.059853528500589448e-01 7.236914284823104858e+10 8.617282051269252300e+08
1.076478579072105424e-01 7.157070997072726440e+10 8.413641138533339500e+08
1.093103631195108394e-01 7.076716513028277588e+10 8.215117004182839394e+08
1.109728684799872744e-01 6.995878973156857300e+10 8.022052589458982944e+08
1.126353739820789568e-01 6.914586547808134460e+10 7.834789582473348379e+08
1.142978796196066349e-01 6.832867422847827148e+10 7.653666652752161026e+08
1.159603853867454265e-01 6.750749785343791962e+10 7.479017347446501255e+08
1.176228912779997832e-01 6.668261809309140778e+10 7.311167626453366280e+08
1.192853972881804531e-01 6.585431641514744568e+10 7.150433023474855423e+08
1.209479034123834701e-01 6.502287387377926636e+10 6.997115433776473999e+08
1.226104096459709192e-01 6.418857096938088226e+10 6.851499547211605310e+08
1.242729159845529646e-01 6.335168750923896027e+10 6.713848966945687532e+08
1.259354224239715991e-01 6.251250246927187347e+10 6.584402079524809122e+08
1.275979289602855449e-01 6.167129385684252930e+10 6.463367769421881437e+08
1.292604355897561952e-01 6.082833857480007935e+10 6.350921098956656456e+08
1.309229423088349165e-01 5.998391228678462982e+10 6.247199100140845776e+08
1.325854491141509606e-01 5.913828928390271759e+10 6.152296845522130728e+08
1.342479560025006402e-01 5.829174235283690643e+10 6.066263977368869781e+08
1.359104629708369483e-01 5.744454264547980499e+10 5.989101875709058046e+08
1.375729700162601765e-01 5.659695955017808533e+10 5.920761633638533354e+08
1.392354771360091448e-01 5.574926056463237762e+10 5.861142982142516375e+08
1.408979843274529020e-01 5.490171117056658173e+10 5.810094267184021473e+08
1.425604915880832879e-01 5.405457471021103668e+10 5.767413531485648155e+08
1.442229989155077718e-01 5.320811226468766022e+10 5.732850696447825432e+08
1.458855063074428748e-01 5.236258253435842133e+10 5.706110781135572195e+08
1.475480137617080634e-01 5.151824172121591187e+10 5.686858040822036266e+08
1.492105212762198374e-01 5.067534341337540436e+10 5.674720862348405123e+08
1.508730288489867621e-01 4.983413847173730469e+10 5.669297221395628452e+08
1.525355364781040279e-01 4.899487491887416840e+10 5.670160489957060814e+08
1.541980441617490649e-01 4.815779783023265076e+10 5.676865381077686548e+08
1.558605518981770188e-01 4.732314922767923737e+10 5.688953830876206160e+08
1.575230596857167542e-01 4.649116797545182037e+10 5.705960642144607306e+08
1.591855675227668576e-01 4.566208967860800171e+10 5.727418745859268904e+08
1.608480754077921959e-01 4.483614658397623444e+10 5.752863972910493612e+08
1.625105833393203636e-01 4.401356748369686890e+10 5.781839264819464684e+08
1.641730913159387406e-01 4.319457762139160156e+10 5.813898286306005716e+08
1.658355993362912173e-01 4.237939860100889587e+10 5.848608432315442562e+08
1.674981073990755853e-01 4.156824829839778137e+10 5.885553246373361349e+08
1.691606155030408176e-01 4.076134077565130615e+10 5.924334285496114492e+08
1.708231236469845982e-01 3.995888619825451660e+10 5.964572479559508562e+08
1.724856318297508795e-01 3.916109075510002136e+10 6.005909040631531477e+08
1.741481400502279120e-01 3.836815658138275909e+10 6.048005981080907583e+08
1.758106483073458848e-01 3.758028168442110443e+10 6.090546299265984297e+08
1.774731566000750660e-01 3.679765987244577026e+10 6.133233889116728306e+08
1.791356649274240265e-01 3.602048068638199615e+10 6.175793225767742395e+08
1.807981732884377246e-01 3.524892933463978577e+10 6.217968874260627031e+08
1.824606816821959798e-01 3.448318663097257996e+10 6.259524862705065012e+08
1.841231901078118072e-01 3.372342893539490128e+10 6.300243955615363121e+08
1.857856985644300296e-01 3.296982809820268250e+10 6.339926857660439014e+08
1.874482070512257237e-01 3.222255140711053467e+10 6.378391372979086637e+08
1.891107155674030538e-01 3.148176153752339172e+10 6.415471540648522377e+08
1.907732241121938566e-01 3.074761650595809174e+10 6.451016762818454504e+08
1.924357326848565586e-01 3.002026962663098526e+10 6.484890938568277359e+08
1.940982412846749550e-01 2.929986947122056580e+10 6.516971613547950983e+08
1.957607499109572380e-01 2.858655983181383514e+10 6.547149152991032600e+08
1.974232585630348313e-01 2.788047968704415512e+10 6.575325943634699583e+08
1.990857672402615297e-01 2.718176317142740250e+10 6.601415628422917128e+08
2.007482759420124996e-01 2.649053954789073944e+10 6.625342376508926153e+08
2.024107846676835298e-01 2.580693318350218201e+10 6.647040190045881271e+08
2.040732934166899215e-01 2.513106352839564133e+10 6.666452248400882483e+08
2.057358021884660160e-01 2.446304509788525772e+10 6.683530289821835756e+08
2.073983109824642512e-01 2.380298745776176834e+10 6.698234030091599226e+08
2.090608197981545235e-01 2.315099521276297760e+10 6.710530617391608953e+08
2.107233286350234380e-01 2.250716799821306229e+10 6.720394122322623730e+08
2.123858374925735870e-01 2.187160047479935074e+10 6.727805061901504993e+08
2.140483463703231337e-01 2.124438232649633789e+10 6.732749956235119104e+08
2.157108552678049240e-01 2.062559826159243393e+10 6.735220916547942162e+08
2.173733641845664311e-01 2.001532801682164001e+10 6.735215263203511238e+08
2.190358731201685061e-01 1.941364636456139755e+10 6.732735172403211594e+08
2.206983820741854618e-01 1.882062312308571625e+10 6.727787350268286467e+08
2.223608910462041566e-01 1.823632316983428955e+10 6.720382733061780930e+08
2.240234000358239386e-01 1.766080645768480301e+10 6.710536212376984358e+08
2.256859090426557024e-01 1.709412803417541695e+10 6.698266384175353050e+08
2.273484180663219723e-01 1.653633806367714119e+10 6.683595320619281530e+08
2.290109271064561247e-01 1.598748185244415855e+10 6.666548363726083040e+08
2.306734361627020280e-01 1.544759987654250336e+10 6.647153939927251339e+08
2.323359452347137921e-01 1.491672781258749771e+10 6.625443394669965506e+08
2.339984543221555469e-01 1.439489657127645874e+10 6.601450846282936335e+08
2.356609634247005536e-01 1.388213233365354919e+10 6.575213058352893591e+08
2.373234725420314828e-01 1.337845659007923126e+10 6.546769329934468269e+08
2.389859816738397480e-01 1.288388618184816933e+10 6.516161402945199013e+08
2.406484908198254224e-01 1.239843334541764259e+10 6.483433386143846512e+08
2.423109999796965175e-01 1.192210575918756294e+10 6.448631695133275986e+08
2.439735091531692601e-01 1.145490659279650879e+10 6.411805007839570045e+08
2.456360183399674824e-01 1.099683455886427689e+10 6.373004234965587854e+08
2.472985275398224547e-01 1.054788396714564514e+10 6.332282504919559956e+08
2.489610367524725254e-01 1.010804478102639198e+10 6.289695162740613222e+08
2.506235459776631203e-01 9.677302676316308975e+09 6.245299782545266151e+08
2.522860552151463542e-01 9.255639102272968292e+09 6.199156193014143705e+08
2.539485644646808371e-01 8.843031344804300308e+09 6.151326515437343121e+08
2.556110737260313126e-01 8.439452591788437843e+09 6.101875213809895515e+08
2.572735829989687417e-01 8.044872000446106911e+09 6.050869156446033716e+08
2.589360922832700251e-01 7.659254766707054138e+09 5.998377688529436588e+08
2.605986015787175591e-01 7.282562196508283615e+09 5.944472714988809824e+08
2.622611108850994577e-01 6.914751778952618599e+09 5.889228792985473871e+08
2.639236202022091082e-01 6.555777261272638321e+09 5.832723233239265680e+08
2.655861295298450053e-01 6.205588725523211479e+09 5.775036209307227135e+08
2.672486388678106950e-01 5.864132666940606117e+09 5.716250873791391850e+08
2.689111482159146083e-01 5.531352073903716087e+09 5.656453480308080912e+08
2.705736575739698391e-01 5.207186509416275024e+09 5.595733509854688644e+08
2.722361669417941443e-01 4.891572194055051804e+09 5.534183800002083778e+08
2.738986763192096108e-01 4.584442090305862427e+09 5.471900675070385933e+08
2.755611857060425440e-01 4.285725988209910870e+09 5.408984075152720213e+08
2.772236951021236906e-01 3.995350592268980503e+09 5.345537681503401995e+08
2.788862045072874607e-01 3.713239609512990475e+09 5.281669035411184430e+08
2.805487139213725944e-01 3.439313838676457405e+09 5.217489647221755385e+08
2.822112233442213292e-01 3.173491260401011944e+09 5.153115091684026718e+08
2.838737327756796214e-01 2.915687128394151211e+09 5.088665085225356817e+08
2.855362422155972579e-01 2.665814061468578339e+09 5.024263540154408216e+08
2.871987516638271343e-01 2.423782136393342972e+09 4.960038590150026083e+08
2.888612611202258651e-01 2.189498981476503849e+09 4.896122580702490807e+08
2.905237705846532292e-01 1.962869870807459354e+09 4.832652017474622726e+08
2.921862800569720031e-01 1.743797819090761662e+09 4.769767464886377454e+08
2.938487895370484604e-01 1.532183676985926390e+09 4.707613386557899117e+08
2.955112990247516502e-01 1.327926226891306639e+09 4.646337918729296923e+08
2.971738085199533974e-01 1.130922279087654352e+09 4.586092567355278730e+08
2.988363180225286353e-01 9.410667681773746014e+08 4.527031819389135242e+08
3.004988275323551283e-01 7.582528497377982140e+08 4.469312658872923851e+08
3.021613370493130279e-01 5.823719971208701134e+08 4.413093978938856721e+08
3.038238465732852611e-01 4.133140983218251467e+08 4.358535881758822203e+08
3.054863561041573639e-01 2.509675528509675860e+08 4.305798860008119345e+08
3.071488656418173702e-01 9.521936852958852053e+07 4.255042855555480719e+08
3.088113751861554790e-01 -5.404474185973968357e+07 4.206426193964566588e+08
3.104738847370644983e-01 -1.969402641325139403e+08 4.160104396994318366e+08
3.121363942944395120e-01 -3.335837865534620285e+08 4.116228879628272653e+08
3.137989038581776025e-01 -4.640929040404638648e+08 4.074945543155648708e+08
3.154614134281782389e-01 -5.885861227910909653e+08 4.036393281323257089e+08
3.171239230043430002e-01 -7.071827654028532505e+08 4.000702422362039685e+08
3.187864325865753523e-01 -8.200028765578558445e+08 3.967993135445164442e+08
3.204489421747808708e-01 -9.271671293221099377e+08 3.938373835478398800e+08
3.221114517688670742e-01 -1.028796732152609587e+09 3.911939624626122117e+08
3.237739613687434237e-01 -1.125013336645775557e+09 3.888770812211948633e+08
3.254364709743211015e-01 -1.215938946119933844e+09 3.868931556128119826e+08
3.270989805855132326e-01 -1.301695825069026947e+09 3.852468668390082717e+08
3.287614902022346075e-01 -1.382406409572314262e+09 3.839410624668613076e+08
3.304239998244018484e-01 -1.458193218700200319e+09 3.829766812581403255e+08
3.320865094519330207e-01 -1.529178766990420341e+09 3.823527046304272413e+08
3.337490190847480775e-01 -1.595485478044012308e+09 3.820661366093924046e+08
3.354115287227684150e-01 -1.657235599306007862e+09 3.821120131079642177e+08
3.370740383659170392e-01 -1.714551118071598768e+09 3.824834402905981541e+08
3.387365480141183438e-01 -1.767553678794806242e+09 3.831716607151867151e+08
3.403990576672984991e-01 -1.816364501729266167e+09 3.841661449691615105e+08
3.420615673253846745e-01 -1.861104302968551397e+09 3.854547056879302263e+08
3.437240769883058711e-01 -1.901893215930569172e+09 3.870236302124831676e+08
3.453865866559921449e-01 -1.938850714332897902e+09 3.888578277339779139e+08
3.470490963283750507e-01 -1.972095536710785389e+09 3.909409866010265350e+08
3.487116060053874755e-01 -2.001745612520251989e+09 3.932557375062758923e+08
3.503741156869634166e-01 -2.027917989871037722e+09 3.957838185116940737e+08
3.520366253730383144e-01 -2.050728764934285164e+09 3.985062382611632347e+08
3.536991350635486642e-01 -2.070293013061870575e+09 4.014034342348927855e+08
3.553616447584322380e-01 -2.086724721660221577e+09 4.044554234656306505e+08
3.570241544576279180e-01 -2.100136724855478764e+09 4.076419437293912172e+08
3.586866641610758633e-01 -2.110640639986841440e+09 4.109425837980206013e+08
3.603491738687170098e-01 -2.118346805957689047e+09 4.143369018790299296e+08
3.620116835804937372e-01 -2.123364223487576008e+09 4.178045318407542706e+08
3.636741932963493684e-01 -2.125800497282782555e+09 4.213252772246928811e+08
3.653367030162280593e-01 -2.125761780167085171e+09 4.248791933713213205e+08
3.669992127400752979e-01 -2.123352719192109108e+09 4.284466582364830971e+08
3.686617224678372939e-01 -2.118676403757698298e+09 4.320084326523216963e+08
3.703242321994613118e-01 -2.111834315760612726e+09 4.355457109065005183e+08
3.719867419348956150e-01 -2.102926281804052591e+09 4.390401625731512308e+08
3.736492516740893000e-01 -2.092050427476473331e+09 4.424739665522130132e+08
3.753117614169925176e-01 -2.079303133725303173e+09 4.458298382562395334e+08
3.769742711635561405e-01 -2.064778995345594883e+09 4.490910508483222127e+08
3.786367809137318741e-01 -2.048570781586132765e+09 4.522414513727726340e+08
3.802992906674724227e-01 -2.030769398902784586e+09 4.552654725570620298e+08
3.819618004247312126e-01 -2.011463855857164383e+09 4.581481409838522077e+08
3.836243101854625026e-01 -1.990741230175396681e+09 4.608750822597148418e+08
3.852868199496213841e-01 -1.968686637980065107e+09 4.634325237278390527e+08
3.869493297171635593e-01 -1.945383205187313318e+09 4.658072952027678490e+08
3.886118394880457849e-01 -1.920912041091117382e+09 4.679868281337789893e+08
3.902743492622252064e-01 -1.895352214122779131e+09 4.699591535455425382e+08
3.919368590396599683e-01 -1.868780729793986082e+09 4.717128990429810882e+08
3.935993688203087704e-01 -1.841272510821353436e+09 4.732372851227568984e+08
3.952618786041311449e-01 -1.812900379425086975e+09 4.745221209834453464e+08
3.969243883910870685e-01 -1.783735041804123878e+09 4.755577999934390783e+08
3.985868981811374612e-01 -1.753845074779492617e+09 4.763352949371961355e+08
4.002494079742436872e-01 -1.723296914589340687e+09 4.768461531356694102e+08
4.019119177703678880e-01 -1.692154847841824293e+09 4.770824915097464919e+08
4.035744275694727046e-01 -1.660481004600643635e+09 4.770369916373991370e+08
4.052369373715214440e-01 -1.628335353594684839e+09 4.767028948353590369e+08
4.068994471764781906e-01 -1.595775699541060686e+09 4.760739972865976691e+08
4.085619569843071952e-01 -1.562857682559208393e+09 4.751446452170814872e+08
4.102244667949735413e-01 -1.529634779660470247e+09 4.739097301242799759e+08
4.118869766084432005e-01 -1.496158308294266939e+09 4.723646840430889726e+08
4.135494864246819224e-01 -1.462477431930525303e+09 4.705054748394476771e+08
4.152119962436567890e-01 -1.428639167650020599e+09 4.683286015073330402e+08
4.168745060653349932e-01 -1.394688395729096174e+09 4.658310894514243603e+08
4.185370158896842829e-01 -1.360667871180173874e+09 4.630104857264924645e+08
4.201995257166728504e-01 -1.326618237232375860e+09 4.598648542121026516e+08
4.218620355462696647e-01 -1.292578040715491772e+09 4.563927706907752156e+08
4.235245453784438063e-01 -1.258583749324119568e+09 4.525933178086213470e+08
4.251870552131651881e-01 -1.224669770723362684e+09 4.484660798855710626e+08
4.268495650504041117e-01 -1.190868473469919205e+09 4.440111375558291078e+08
4.285120748901312115e-01 -1.157210209710679770e+09 4.392290622062146068e+08
4.301745847323175664e-01 -1.123723339625060320e+09 4.341209101965409517e+08
4.318370945769347546e-01 -1.090434257577570200e+09 4.286882168306258321e+08
4.334996044239549096e-01 -1.057367419929947853e+09 4.229329900657013059e+08
4.351621142733504422e-01 -1.024545374498603582e+09 4.168577039314001203e+08
4.368246241250944295e-01 -9.919887915883473158e+08 4.104652916499358416e+08
4.384871339791597822e-01 -9.597164965846651793e+08 4.037591384305418730e+08
4.401496438355204099e-01 -9.277455040498647690e+08 3.967430739351314306e+08
4.418121536941504446e-01 -8.960910532829859257e+08 3.894213643895896077e+08
4.434746635550242400e-01 -8.647666452999662161e+08 3.817987043429602981e+08
4.451371734181167605e-01 -8.337840811922783852e+08 3.738802080510824919e+08
4.467996832834031928e-01 -8.031535018041093349e+08 3.656714004915159941e+08
4.484621931508591675e-01 -7.728834287091987133e+08 3.571782079883747697e+08
4.501247030204606481e-01 -7.429808063981262445e+08 3.484069484591900110e+08
4.517872128921838204e-01 -7.134510456772478819e+08 3.393643212636204958e+08
4.534497227660054253e-01 -6.842980681804714203e+08 3.300573966723871827e+08
4.551122326419027031e-01 -6.555243519881736040e+08 3.204936049354395866e+08
4.567747425198525613e-01 -6.271309782616698742e+08 3.106807249763170481e+08
4.584372523998329063e-01 -5.991176788857434988e+08 3.006268726894360781e+08
4.600997622818217003e-01 -5.714828850173072815e+08 2.903404888759489655e+08
4.617622721657972384e-01 -5.442237765451240540e+08 2.798303267927762866e+08
4.634247820517383154e-01 -5.173363323431105018e+08 2.691054393602491617e+08
4.650872919396236149e-01 -4.908153813354533315e+08 2.581751659984998107e+08
4.667498018294323758e-01 -4.646546542422979474e+08 2.470491191521710157e+08
4.684123117211442255e-01 -4.388468360381330252e+08 2.357371704652930796e+08
4.700748216147389580e-01 -4.133836189675704837e+08 2.242494366859081984e+08
4.717373315101965336e-01 -3.882557561852827072e+08 2.125962652509182990e+08
4.733998414074974126e-01 -3.634531158195622563e+08 2.007882196600320339e+08
4.750623513066224435e-01 -3.389647355797006488e+08 1.888360645753841698e+08
4.767248612075521974e-01 -3.147788776383595467e+08 1.767507508040308356e+08
4.783873711102680226e-01 -2.908830839949919581e+08 1.645434000884234905e+08
4.800498810147514894e-01 -2.672642319487336576e+08 1.522252899566293359e+08
4.817123909209840571e-01 -2.439085900082956851e+08 1.398078385715480149e+08
4.833749008289477955e-01 -2.208018737102824748e+08 1.273025900637054443e+08
4.850374107386249412e-01 -1.979293018947023749e+08 1.147212004564245045e+08
4.866999206499977859e-01 -1.752756525960136354e+08 1.020754254295128733e+08
4.883624305630492324e-01 -1.528253195439046919e+08 8.937711115707281232e+07
4.900249404777619611e-01 -1.305623677815845609e+08 7.663819316485975683e+07
4.916874503941192631e-01 -1.084705904177363813e+08 6.387071316619006544e+07
4.933499603121045407e-01 -8.653356331562043726e+07 5.108688901001071185e+07
4.950124702317013070e-01 -6.473470293342727423e+07 3.829935795146617293e+07
4.966749801528934083e-01 -4.305731762101664394e+07 2.552220376580964774e+07
4.983374900756649684e-01 -2.148468147754338011e+07 1.277804590351878665e+07
