# r [arcsec]	I [Jy/sr]	I_uncer [Jy/sr]
5.090471437256382202e-03 1.068419837452516022e+11 9.584599705925664902e+08
1.168475603642576965e-02 1.064162806188219757e+11 9.441882510408474207e+08
1.831798345018862198e-02 1.056555593414460754e+11 9.189227911661682129e+08
2.496000970679165820e-02 1.045683916775116577e+11 8.833518093878514767e+08
3.160537357225550598e-02 1.031671960845918579e+11 8.384594442703375816e+08
3.825235251476021697e-02 1.014679021231798401e+11 7.855046565286120176e+08
4.490023405494822373e-02 9.948968052601091003e+10 7.260039254524810314e+08
5.154867069554033149e-02 9.725463276235585022e+10 6.617183429895358086e+08
5.819747290383735228e-02 9.478743744323896790e+10 5.946509978642196655e+08
6.484652856424384659e-02 9.211495895083564758e+10 5.270623359406801462e+08
7.149576713241749537e-02 8.926582537221426392e+10 4.615097254072901011e+08
7.814514201012383310e-02 8.626998354939881897e+10 4.009029876077166796e+08
8.479462118311868746e-02 8.315823946955882263e+10 3.485136301885586381e+08
9.144418193145753548e-02 7.996179242128167725e+10 3.077436042690945864e+08
9.809380768578178367e-02 7.671177135972421265e+10 2.813208160910739899e+08
1.047434860784481614e-01 7.343878176388493347e+10 2.699093986780166030e+08
1.113932076913596581e-01 7.017247094125126648e+10 2.712181383332452178e+08
1.180429652263179363e-01 6.694111924874439240e+10 2.808491806636519432e+08
1.246927529404487367e-01 6.377126406732209778e+10 2.941487173162325025e+08
1.313425662529040805e-01 6.068736260679408264e+10 3.074384439750996828e+08
1.379924014651473796e-01 5.771149874602767181e+10 3.182861473988975286e+08
1.446422555583138370e-01 5.486313815252529144e+10 3.253161292570505738e+08
1.512921260439597793e-01 5.215893489686550903e+10 3.279438863306375146e+08
1.579420108524821065e-01 4.961259170520535278e+10 3.261618371640954614e+08
1.645919082485644835e-01 4.723477490115339661e+10 3.203862206746423244e+08
1.712418167663098401e-01 4.503308400071974945e+10 3.113465722107583284e+08
1.778917351589123508e-01 4.301207486428848267e+10 2.999978956088847518e+08
1.845416623592035510e-01 4.117333429972718811e+10 2.874386171541736722e+08
1.911915974484273140e-01 3.951560307148754120e+10 2.748197047178753614e+08
1.978415396313089047e-01 3.803494342017819977e+10 2.632340234191929400e+08
2.044914882159855063e-01 3.672494645157088470e+10 2.535851487947752774e+08
2.111414425977279630e-01 3.557697412629677582e+10 2.464547180791328847e+08
2.177914022456432508e-01 3.458043008170864868e+10 2.420094536301014125e+08
2.244413666917396966e-01 3.372305315215017319e+10 2.399920616157877147e+08
2.310913355218796039e-01 3.299122722688286972e+10 2.398093818072313964e+08
2.377413083682498596e-01 3.237030099623628235e+10 2.406847607323110402e+08
2.443912849030613066e-01 3.184491118345182037e+10 2.418180612885163426e+08
2.510412648332486785e-01 3.139930303623099899e+10 2.425098520692460835e+08
2.576912478959919595e-01 3.101764214963657761e+10 2.422354619104848802e+08
2.643412338549124829e-01 3.068431209980684662e+10 2.406758205776840746e+08
2.709912224968297201e-01 3.038419287282573318e+10 2.377188911316135526e+08
2.776412136289833632e-01 3.010291566045042038e+10 2.334434304338425398e+08
2.842912070766460686e-01 2.982709024825972748e+10 2.280920590456444919e+08
2.909412026810625496e-01 2.954450192543937683e+10 2.220363670756367743e+08
2.975912002976653925e-01 2.924427558180758286e+10 2.157340127876135409e+08
3.042411997945251301e-01 2.891700540961812592e+10 2.096768745715618134e+08
3.108912010509984336e-01 2.855484937871913528e+10 2.043308527313549221e+08
3.175412039565468914e-01 2.815158838775133514e+10 2.000722439365000725e+08
3.241912084097002267e-01 2.770265069675220490e+10 1.971315294928381443e+08
3.308412143171460262e-01 2.720510290434830093e+10 1.955591348893853426e+08
3.374912215929250503e-01 2.665760933410343933e+10 1.952246209438693225e+08
3.441412301577215782e-01 2.606036222973961258e+10 1.958502388894139230e+08
3.507912399382339119e-01 2.541498561983829498e+10 1.970677088411380947e+08
3.574412508666142685e-01 2.472441609361019135e+10 1.984811553756581545e+08
3.640912628799714001e-01 2.399276402626634216e+10 1.997217030300479829e+08
3.707412759199260610e-01 2.322515900377724075e+10 2.004863854788355529e+08
3.773912899322132697e-01 2.242758332231044388e+10 2.005605906284900606e+08
3.840413048663263162e-01 2.160669747920739746e+10 1.998268133284260929e+08
3.906913206751969070e-01 2.076966153353355026e+10 1.982633127223203480e+08
3.973413373149074501e-01 1.992395609991701889e+10 1.959356455412901044e+08
4.039913547444318187e-01 1.907720655576104736e+10 1.929830207736105025e+08
4.106413729254011491e-01 1.823701379630791092e+10 1.896005593910562694e+08
4.172913918218922880e-01 1.741079457246646881e+10 1.860180891192773879e+08
4.239414114002357792e-01 1.660563410159202576e+10 1.824761671618452072e+08
4.305914316288421695e-01 1.582815326058749962e+10 1.792006292215199769e+08
4.372414524780433576e-01 1.508439226318181992e+10 1.763779732275728583e+08
4.438914739199490977e-01 1.437971229828570938e+10 1.741348809635936022e+08
4.505414959283158272e-01 1.371871617319301033e+10 1.725254907942588031e+08
4.571915184784265396e-01 1.310518857282784271e+10 1.715290804713456631e+08
4.638415415469817060e-01 1.254205612266738510e+10 1.710586233837454617e+08
4.704915651119991327e-01 1.203136703613076019e+10 1.709780722492306828e+08
4.771415891527218123e-01 1.157428974418791580e+10 1.711243727974112630e+08
4.837916136495338804e-01 1.117112955201700592e+10 1.713298300655564964e+08
4.904416385838836767e-01 1.082136205013214684e+10 1.714413908189353049e+08
4.970916639382118585e-01 1.052368173008438683e+10 1.713349403535107076e+08
5.037416896958863965e-01 1.027606402122400475e+10 1.709241174059966803e+08
5.103917158411421795e-01 1.007583877772880173e+10 1.701640603410856724e+08
5.170417423590247807e-01 9.919773105912244797e+09 1.690508978992773294e+08
5.236917692353396658e-01 9.804161331452516556e+09 1.676178543710010648e+08
5.303417964566038423e-01 9.724919864488681793e+09 1.659287421299337447e+08
5.369918240100025608e-01 9.677684726434356689e+09 1.640695060599492192e+08
5.436418518833477931e-01 9.657909553978616714e+09 1.621384456820927858e+08
5.502918800650407061e-01 9.660961990322164536e+09 1.602357987991730869e+08
5.569419085440365791e-01 9.682216507801700592e+09 1.584535033108354807e+08
5.635919373098116081e-01 9.717141875556118011e+09 1.568660936407104135e+08
5.702419663523331517e-01 9.761381686068643570e+09 1.555237350546395481e+08
5.768919956620310874e-01 9.810826580063217163e+09 1.544482576226638854e+08
5.835420252297714994e-01 9.861677054787733078e+09 1.536326838285064697e+08
5.901920550468322535e-01 9.910496000257785797e+09 1.530442088174041510e+08
5.968420851048793496e-01 9.954250375570524216e+09 1.526300354294469953e+08
6.034921153959470486e-01 9.990341706831552505e+09 1.523250537232257724e+08
6.101421459124161117e-01 1.001662535359522629e+10 1.520601919673551321e+08
6.167921766469962597e-01 1.003141874623052025e+10 1.517703544965882003e+08
6.234422075927080753e-01 1.003349903683608437e+10 1.514011175928261280e+08
6.300922387428670168e-01 1.002209082628601074e+10 1.509136652551232576e+08
6.367422700910674305e-01 9.996844825289287567e+09 1.502877240348736644e+08
6.433923016311687837e-01 9.957808474189075470e+09 1.495224593560686707e+08
6.500423333572814544e-01 9.905389681721879959e+09 1.486354274889717102e+08
6.566923652637549624e-01 9.840314944819261551e+09 1.476597655023737252e+08
6.633423973451648692e-01 9.763583178543821335e+09 1.466398805024952292e+08
6.699924295963023413e-01 9.676416616932992935e+09 1.456259955116234720e+08
6.766424620121632705e-01 9.580210142379173279e+09 1.446680300934883654e+08
6.832924945879383927e-01 9.476480364528049469e+09 1.438094222072422504e+08
6.899425273190035179e-01 9.366815701710197449e+09 1.430815928514059186e+08
6.965925602009116480e-01 9.252828621528944016e+09 1.424997640079297125e+08
7.032425932293835391e-01 9.136111076024478912e+09 1.420607216712548733e+08
7.098926264003002640e-01 9.018194024934656143e+09 1.417428649149138927e+08
7.165426597096961059e-01 8.900511782574298859e+09 1.415085443787109256e+08
7.231926931537508985e-01 8.784371754605609894e+09 1.413083517865405083e+08
7.298427267287839193e-01 8.670929955544551849e+09 1.410867615163013935e+08
7.364927604312472287e-01 8.561172521216161728e+09 1.407883978913842440e+08
7.431427942577201184e-01 8.455903257517050743e+09 1.403642096912180185e+08
7.497928282049028947e-01 8.355737102323925018e+09 1.397769375900597870e+08
7.564428622696122151e-01 8.261099225487984657e+09 1.390054063790168464e+08
7.630928964487754262e-01 8.172229356255003929e+09 1.380473161663024127e+08
7.697429307394262343e-01 8.089190811259377480e+09 1.369203217311159074e+08
7.763929651386998199e-01 8.011883601893449783e+09 1.356612773683134913e+08
7.830429996438289519e-01 7.940060928972647667e+09 1.343236053437498212e+08
7.896930342521393253e-01 7.873348326167202950e+09 1.329728493780612200e+08
7.963430689610461188e-01 7.811264691738325119e+09 1.316806295137422234e+08
8.029931037680499983e-01 7.753244450093421936e+09 1.305174344289142638e+08
8.096431386707341193e-01 7.698660109241894722e+09 1.295449509322163314e+08
8.162931736667596860e-01 7.646844525409788132e+09 1.288088712631475478e+08
8.229432087538640639e-01 7.597112249316385269e+09 1.283332336021789014e+08
8.295932439298570049e-01 7.548779406970967293e+09 1.281172414675566554e+08
8.362432791926180942e-01 7.501181657952319145e+09 1.281351415801352859e+08
8.428933145400937521e-01 7.453689872439195633e+09 1.283391935779266357e+08
8.495433499702943481e-01 7.405723271111902237e+09 1.286652036511982232e+08
8.561933854812925349e-01 7.356759875793928146e+09 1.290396921812755167e+08
8.628434210712196961e-01 7.306344219865159988e+09 1.293876200776186436e+08
8.694934567382657242e-01 7.254092362801572800e+09 1.296396955487186760e+08
8.761434924806740243e-01 7.199694339796197891e+09 1.297385288380652368e+08
8.827935282967418473e-01 7.142914252834489822e+09 1.296431865208084434e+08
8.894435641848166263e-01 7.083588271884373665e+09 1.293319407509381771e+08
8.960936001432957543e-01 7.021620862614121437e+09 1.288031814686123133e+08
9.027436361706228096e-01 6.956979589441960335e+09 1.280745681243390590e+08
9.093936722652878890e-01 6.889688859532847404e+09 1.271805687707255930e+08
9.160437084258244989e-01 6.819822974875761032e+09 1.261685990633240789e+08
9.226937446508081120e-01 6.747498846733428955e+09 1.250940553952384591e+08
9.293437809388551685e-01 6.672868700842020035e+09 1.240146439602792263e+08
9.359938172886221874e-01 6.596113064594960213e+09 1.229845294731953144e+08
9.426438536988022143e-01 6.517434281125599861e+09 1.220489298023975194e+08
9.492938901681259312e-01 6.437050742144264221e+09 1.212398166631812155e+08
9.559439266953589920e-01 6.355191974055456161e+09 1.205733015668635964e+08
9.625939632793016898e-01 6.272094652898947716e+09 1.200490729650477767e+08
9.692439999187860700e-01 6.187999565581792831e+09 1.196519352575126737e+08
9.758940366126770405e-01 6.103149480055207253e+09 1.193551577430819571e+08
9.825440733598699294e-01 6.017787837813322067e+09 1.191250617610867023e+08
9.891941101592898189e-01 5.932158140170022011e+09 1.189261235372126997e+08
9.958441470098901016e-01 5.846503866801332474e+09 1.187258660585782528e+08
1.002494183910652481e+00 5.761068742100687981e+09 1.184989264410815835e+08
1.009144220860585417e+00 5.676097152709774017e+09 1.182298632214294225e+08
1.015794257858723348e+00 5.591834518341695786e+09 1.179144618978661895e+08
1.022444294904125250e+00 5.508527427491848946e+09 1.175594775629579276e+08
1.029094331995874967e+00 5.426423369150473595e+09 1.171809123361303210e+08
1.035744369133080101e+00 5.345769920098514557e+09 1.168010665706654787e+08
1.042394406314870237e+00 5.266813283357780457e+09 1.164447308240394294e+08
1.049044443540397831e+00 5.189796115110500336e+09 1.161349951962574273e+08
1.055694480808836433e+00 5.114954622982612610e+09 1.158892255691864789e+08
1.062344518119380021e+00 5.042514965827680588e+09 1.157157658940723240e+08
1.068994555471242780e+00 4.972689031968138695e+09 1.156118496086454242e+08
1.075644592863658433e+00 4.905669717013777733e+09 1.155630386024335176e+08
1.082294630295879356e+00 4.841625861931110382e+09 1.155442803066513985e+08
1.088944667767176577e+00 4.780697045084321976e+09 1.155224314707332999e+08
1.095594705276838443e+00 4.722988446948450089e+09 1.154598957237360775e+08
1.102244742824170176e+00 4.668566021848356247e+09 1.153189000681053698e+08
1.108894780408494762e+00 4.617452216519460678e+09 1.150659032356011271e+08
1.115544818029149843e+00 4.569622470021842003e+09 1.146756693208939731e+08
1.122194855685490378e+00 4.525002713563934326e+09 1.141346215778475404e+08
1.128844893376885317e+00 4.483468062438369751e+09 1.134431824739004076e+08
1.135494931102718486e+00 4.444842856406490326e+09 1.126168871105526388e+08
1.142144968862389032e+00 4.408902160638521194e+09 1.116861235199540406e+08
1.148795006655308537e+00 4.375374788340605736e+09 1.106944153355453312e+08
1.155445044480903460e+00 4.343947850270565987e+09 1.096952403781969994e+08
1.162095082338612917e+00 4.314272777599135399e+09 1.087474961542924941e+08
1.168745120227888012e+00 4.285972705239357948e+09 1.079098948574179858e+08
1.175395158148193842e+00 4.258651045122972488e+09 1.072347872300786972e+08
1.182045196099006601e+00 4.231901025344013214e+09 1.067621311813647002e+08
1.188695234079813590e+00 4.205315923716697216e+09 1.065144574189957678e+08
1.195345272090114541e+00 4.178499685235430717e+09 1.064936538607050776e+08
1.201995310129420513e+00 4.151077583884224892e+09 1.066801490127540976e+08
1.208645348197252112e+00 4.122706571730139732e+09 1.070346617600718439e+08
1.215295386293141044e+00 4.093084953233878136e+09 1.075022224344817698e+08
1.221945424416629455e+00 4.061961030954028606e+09 1.080178041602641493e+08
1.228595462567269481e+00 4.029140390362689972e+09 1.085127319513664097e+08
1.235245500744621916e+00 3.994491526109179497e+09 1.089210683948232085e+08
1.241895538948257993e+00 3.957949558890944004e+09 1.091853436833855063e+08
1.248545577177758048e+00 3.919517849894580364e+09 1.092612135887662768e+08
1.255195615432710410e+00 3.879267386832222939e+09 1.091208196867980808e+08
1.261845653712712956e+00 3.837333889826702595e+09 1.087547571073087305e+08
1.268495692017372001e+00 3.793912664380946636e+09 1.081726251253549904e+08
1.275145730346301409e+00 3.749251309742877960e+09 1.074021643795919716e+08
1.281795768699123483e+00 3.703640471293367386e+09 1.064869996445434988e+08
1.288445807075468297e+00 3.657402902246927261e+09 1.054830389346841872e+08
1.295095845474973695e+00 3.610881170110171795e+09 1.044536550595911145e+08
1.301745883897284406e+00 3.564424404164683342e+09 1.034639109850620329e+08
1.308395922342052931e+00 3.518374529319633007e+09 1.025742802363258898e+08
1.315045960808938430e+00 3.473052466686645508e+09 1.018345192701977640e+08
1.321695999297607393e+00 3.428744800492625713e+09 1.012784959877302647e+08
1.328346037807732083e+00 3.385691413073727608e+09 1.009207786782440990e+08
1.334996076338992310e+00 3.344074573993774414e+09 1.007555845773924589e+08
1.341646114891073660e+00 3.304009935619319916e+09 1.007582957941214144e+08
1.348296153463668157e+00 3.265539836262164593e+09 1.008892788884514123e+08
1.354946192056473375e+00 3.228629244345107079e+09 1.010993415172115415e+08
1.361596230669193996e+00 3.193164594728238106e+09 1.013359411729463041e+08
1.368246269301538698e+00 3.158955673643433571e+09 1.015492576185155660e+08
1.374896307953223484e+00 3.125740604468723297e+09 1.016974001349911988e+08
1.381546346623968580e+00 3.093193876140395164e+09 1.017502539719139636e+08
1.388196385313500203e+00 3.060937243001590252e+09 1.016917005073987097e+08
1.394846424021549902e+00 3.028553213179764271e+09 1.015201335477143824e+08
1.401496462747853666e+00 2.995600736234168530e+09 1.012473376372814626e+08
1.408146501492153257e+00 2.961632603747735977e+09 1.008959119904950708e+08
1.414796540254194657e+00 2.926213992620757103e+09 1.004955374207051694e+08
1.421446579033728952e+00 2.888941513568341255e+09 1.000785036264575422e+08
1.428096617830511672e+00 2.849462079814270020e+09 9.967503040849912167e+07
1.434746656644303453e+00 2.807490885754423618e+09 9.930899781689405441e+07
1.441396695474868039e+00 2.762827784275613308e+09 9.899470439705845714e+07
1.448046734321974949e+00 2.715371375551705837e+09 9.873516532502868772e+07
1.454696773185397474e+00 2.665130169758216858e+09 9.852223945940504968e+07
1.461346812064912237e+00 2.612230260625117779e+09 9.833857422893284261e+07
1.467996850960301192e+00 2.556919044550381184e+09 9.816104974238659441e+07
1.474646889871349176e+00 2.499564638758049011e+09 9.796516181516677141e+07
1.481296928797845247e+00 2.440650788458177567e+09 9.772965409979763627e+07
1.487946967739582460e+00 2.380767203179457188e+09 9.744069806054154038e+07
1.494597006696357200e+00 2.320595421791325569e+09 9.709500054354687035e+07
1.501247045667970070e+00 2.260890469059372902e+09 9.670135744063460827e+07
1.507897084654224562e+00 2.202458728410869598e+09 9.628034525578482449e+07
1.514547123654927496e+00 2.146132610256043434e+09 9.586204694708350301e+07
1.521197162669889691e+00 2.092742737035857201e+09 9.548195373126158118e+07
1.527847201698924851e+00 2.043088489717551947e+09 9.517547349683627486e+07
1.534497240741850010e+00 1.997907860621813059e+09 9.497178172956074774e+07
1.541147279798485537e+00 1.957847629800166368e+09 9.488800123336547613e+07
1.547797318868654237e+00 1.923434922927512646e+09 9.492479110128228366e+07
1.554447357952183140e+00 1.895051215041961670e+09 9.506427920990914106e+07
1.561097397048900826e+00 1.872909814692554951e+09 9.527087900820688903e+07
1.567747436158639873e+00 1.857037796526646852e+09 9.549498848848924041e+07
1.574397475281235081e+00 1.847263247681854486e+09 9.567904272727923095e+07
1.581047514416524580e+00 1.843208556401661158e+09 9.576503055366151035e+07
1.587697553564348274e+00 1.844290303138234854e+09 9.570245156753499806e+07
1.594347592724549845e+00 1.849726119361214399e+09 9.545574211150321364e+07
1.600997631896974749e+00 1.858548662650992155e+09 9.501034161670967937e+07
1.607647671081471552e+00 1.869626624803420067e+09 9.437671162512581050e+07
1.614297710277890818e+00 1.881692449632562637e+09 9.359171290394294262e+07
1.620947749486085776e+00 1.893376196652386904e+09 9.271680962368620932e+07
1.627597788705912762e+00 1.903244753810535431e+09 9.183268616409595311e+07
1.634247827937228781e+00 1.909845385064809084e+09 9.103016167072160542e+07
1.640897867179894165e+00 1.911752404746310234e+09 9.039789345299637318e+07
1.647547906433772802e+00 1.907615607817954302e+09 9.000827963153725863e+07
1.654197945698727690e+00 1.896208960077392578e+09 8.990396426474669576e+07
1.660847984974627156e+00 1.876477970881618023e+09 9.008791311593690515e+07
1.667498024261339973e+00 1.847584137631272793e+09 9.051965264449054003e+07
1.674148063558737132e+00 1.808944869329061985e+09 9.111886046250271797e+07
1.680798102866691401e+00 1.760267367526863813e+09 9.177561707995660603e+07
1.687448142185078659e+00 1.701575066970999479e+09 9.236514880153732002e+07
1.694098181513775225e+00 1.633225413308480024e+09 9.276437584265723825e+07
1.700748220852660753e+00 1.555917977870311260e+09 9.286796183565554023e+07
1.707398260201616447e+00 1.470692174386917591e+09 9.260234835964392126e+07
1.714048299560524846e+00 1.378914142728445530e+09 9.193694448422047496e+07
1.720698338929270266e+00 1.282252691917209625e+09 9.089194270679746568e+07
1.727348378307739019e+00 1.182644539254775524e+09 8.954208590188531578e+07
1.733998417695819638e+00 1.082249433784692764e+09 8.801519675746242702e+07
1.740648457093401769e+00 9.833960993723684549e+08 8.648363911797676980e+07
1.747298496500377718e+00 8.885202638264726400e+08 8.514663765605761111e+07
1.753948535916639129e+00 8.000963443880940676e+08 8.420244767631268501e+07
1.760598575342081640e+00 7.205646254770427942e+08 8.381262457598240674e+07
1.767248614776601778e+00 6.522559818337433338e+08 8.406566220191785693e+07
1.773898654220096960e+00 5.973163600267684460e+08 8.495106068607126176e+07
1.780548693672467042e+00 5.576333265775096416e+08 8.635332968448494375e+07
1.787198733133612771e+00 5.347670159516561627e+08 8.806787451612988114e+07
1.793848772603436670e+00 5.298877632860158086e+08 8.983213688624085486e+07
1.800498812081842592e+00 5.437225836404834986e+08 9.136167831134191155e+07
1.807148851568735282e+00 5.765124634603180885e+08 9.238307410249885917e+07
1.813798891064021701e+00 6.279821643752248287e+08 9.266008874434302747e+07
1.820448930567610812e+00 6.973239110924298763e+08 9.201326960955786705e+07
1.827098970079410245e+00 7.831959521877287626e+08 9.033482132229626179e+07
1.833749009599331625e+00 8.837365562106974125e+08 8.760098638078092039e+07
1.840399049127286801e+00 9.965935477184185982e+08 8.388394806990224123e+07
1.847049088663188954e+00 1.118969013117835760e+09 7.936478336355005205e+07
1.853699128206953262e+00 1.247678328886371613e+09 7.434769717074258626e+07
1.860349167758494460e+00 1.379222200982822657e+09 6.927179058985053003e+07
1.866999207317729503e+00 1.509869968797798395e+09 6.470637267351451516e+07
1.873649246884576902e+00 1.635752035618554354e+09 6.129786558569481969e+07
1.880299286458955832e+00 1.752958953252111673e+09 5.962862586295950413e+07
1.886949326040786135e+00 1.857644424579921007e+09 6.000243232678016275e+07
1.893599365629989650e+00 1.946129303487051010e+09 6.228953703665959835e+07
1.900249405226489774e+00 2.015003576078966379e+09 6.597193207656155527e+07
1.906899444830208790e+00 2.061223303826755524e+09 7.034162078961768746e+07
1.913549484441072090e+00 2.082199602219592333e+09 7.468842561566558480e+07
1.920199524059005958e+00 2.075876914249531507e+09 7.839808123237501085e+07
1.926849563683936228e+00 2.040798115048652649e+09 8.098070898089107871e+07
1.933499603315791182e+00 1.976154341395789862e+09 8.206898644240838289e+07
1.940149642954499765e+00 1.881817871443035841e+09 8.140860362067958713e+07
1.946799682599991144e+00 1.758356867590229511e+09 7.884892181458541751e+07
1.953449722252196930e+00 1.607031330576131821e+09 7.433513746647785604e+07
1.960099761911047844e+00 1.429770169635085583e+09 6.790122941053651273e+07
1.966749801576477052e+00 1.229129866301609755e+09 5.966270383216562867e+07
1.973399841248418163e+00 1.008235762056826472e+09 4.980839621481757611e+07
1.980049880926805228e+00 7.707075408308801651e+08 3.859091175830325484e+07
1.986699920611573633e+00 5.205709445646250844e+08 2.631557055882987380e+07
1.993349960302659873e+00 2.621582262048758268e+08 1.332796608489959501e+07
