# r [arcsec]	I [Jy/sr]	I_uncer [Jy/sr]
2.545235718628191101e-03 3.070691660237006545e+08 1.051538875075802922e+09
5.842378018212884827e-03 3.139716871098242998e+08 1.047869008881820083e+09
9.158991725094310990e-03 3.263477128145862222e+08 1.041304067185917735e+09
1.248000485339582910e-02 3.441280492459589839e+08 1.031889967579627752e+09
1.580268678612775299e-02 3.672096737067040205e+08 1.019698071917994022e+09
1.912617625738010849e-02 3.954585289870346785e+08 1.004821783902789950e+09
2.245011702747411186e-02 4.287105425968953967e+08 9.873757055958802700e+08
2.577433534777016574e-02 4.667726651901443005e+08 9.674949972417556047e+08
2.909873645191867614e-02 5.094240617817630172e+08 9.453347264712821245e+08
3.242326428212192330e-02 5.564174717994638681e+08 9.210691882217618227e+08
3.574788356620874769e-02 6.074807366824463606e+08 8.948912069423276186e+08
3.907257100506191655e-02 6.623184896630648375e+08 8.670114400584020615e+08
4.239731059155934373e-02 7.206140006351106167e+08 8.376577028736510277e+08
4.572209096572876774e-02 7.820311680043963194e+08 8.070743321973800659e+08
4.904690384289089183e-02 8.462166485538954735e+08 7.755215982140485048e+08
5.237174303922408070e-02 9.128021155450137854e+08 7.432751592574772835e+08
5.569660384567982903e-02 9.814066345922445059e+08 7.106255287078273296e+08
5.902148261315896816e-02 1.051639146062590241e+09 6.778774822700352669e+08
6.234637647022436835e-02 1.123101042135516644e+09 6.453492711867840290e+08
6.567128312645204025e-02 1.195388825976000071e+09 6.133714158329199553e+08
6.899620073257368980e-02 1.268096839864502192e+09 5.822847301118354797e+08
7.232112777915691848e-02 1.340820048567256689e+09 5.524370734578772783e+08
7.564606302197988963e-02 1.413156863699835539e+09 5.241781655170981884e+08
7.897100542624105324e-02 1.484711994339094877e+09 4.978516833799802661e+08
8.229595412428224177e-02 1.555099308745718002e+09 4.737838950425220132e+08
8.562090838315492003e-02 1.623944691662291050e+09 4.522684144064242244e+08
8.894586757945617539e-02 1.690888881354757071e+09 4.335474415993365645e+08
9.227083117960177550e-02 1.755590270338956118e+09 4.177911095713002682e+08
9.559579872421365698e-02 1.817727653547307491e+09 4.050780428147059083e+08
9.892076981565445237e-02 1.877002907625084877e+09 3.953813263871130347e+08
1.022457441079927531e-01 1.933143585017805815e+09 3.885639862707831264e+08
1.055707212988639815e-01 1.985905406606153727e+09 3.843863476137594581e+08
1.088957011228216254e-01 2.035074636799319744e+09 3.825246881293132305e+08
1.122206833458698483e-01 2.080470325254286051e+09 3.825976848907690048e+08
1.155456677609398020e-01 2.121946399743187428e+09 3.841955689952073097e+08
1.188706541841249298e-01 2.159393595111342907e+09 3.869071588754254580e+08
1.221956424515306533e-01 2.192741203819777012e+09 3.903415459980494976e+08
1.255206324166243392e-01 2.221958634181542397e+09 3.941431886708644629e+08
1.288456239479959797e-01 2.247056763100335121e+09 3.980007480356054902e+08
1.321706169274562415e-01 2.268089070977129459e+09 4.016508713668674827e+08
1.354956112484148600e-01 2.285152547289175510e+09 4.048783745190859437e+08
1.388206068144916816e-01 2.298388356390998363e+09 4.075141373255897164e+08
1.421456035383230343e-01 2.307982254131794453e+09 4.094317277249464393e+08
1.454706013405312748e-01 2.314164747051293373e+09 4.105434567576450109e+08
1.487956001488326963e-01 2.317210987168056488e+09 4.107963048134363890e+08
1.521205998972625650e-01 2.317440396661429882e+09 4.101679672950357795e+08
1.554456005254992168e-01 2.315216018156931400e+09 4.086631385232854486e+08
1.587706019782734457e-01 2.310943587738277912e+09 4.063100714626941085e+08
1.620956042048501133e-01 2.305070329317025661e+09 4.031574029098218083e+08
1.654206071585730131e-01 2.298083470528470993e+09 3.992712073724104762e+08
1.687456107964625251e-01 2.290508481886027813e+09 3.947322296842294931e+08
1.720706150788607891e-01 2.282907042555854797e+09 3.896332411874315739e+08
1.753956199691169560e-01 2.275874737716601372e+09 3.840764641256720424e+08
1.787206254333071342e-01 2.270038494145271301e+09 3.781710124914624095e+08
1.820456314399857001e-01 2.266053762285555363e+09 3.720303049055399299e+08
1.853706379599630305e-01 2.264601454736006260e+09 3.657694168846985698e+08
1.886956449661066348e-01 2.266384652703948498e+09 3.595023570968770385e+08
1.920206524331631581e-01 2.272125093600767612e+09 3.533392757060286403e+08
1.953456603375984535e-01 2.282559454505568027e+09 3.473836426151666641e+08
1.986706686574537251e-01 2.298435447784076214e+09 3.417294677017589211e+08
2.019956773722159094e-01 2.320507746588947296e+09 3.364586702881355882e+08
2.053206864627005745e-01 2.349533759401435852e+09 3.316387351990324259e+08
2.086456959109461440e-01 2.386269274072851181e+09 3.273208104492920637e+08
2.119707057001178896e-01 2.431463993083807945e+09 3.235383996676973104e+08
2.152957158144210847e-01 2.485856982860958099e+09 3.203067761054177880e+08
2.186207262390216788e-01 2.550172061031177521e+09 3.176231946044935584e+08
2.219457369599745489e-01 2.625113146406016350e+09 3.154679093101526499e+08
2.252707479641579136e-01 2.711359597279913902e+09 3.138059295196561813e+08
2.285957592392132698e-01 2.809561564287253380e+09 3.125893776499035954e+08
2.319207707734908530e-01 2.920335384571386814e+09 3.117602642342703938e+08
2.352457825559995663e-01 3.044259044412662029e+09 3.112534726284004450e+08
2.385707945763609061e-01 3.181867737647617340e+09 3.109997516993211508e+08
2.418958068247669402e-01 3.333649547300518513e+09 3.109285432418109775e+08
2.452208192919418384e-01 3.500041277722958088e+09 3.109705136211852431e+08
2.485458319691059292e-01 3.681424464261392117e+09 3.110597067950561047e+08
2.518708448479431983e-01 3.878121587042184353e+09 3.111352805675232410e+08
2.551958579205710897e-01 4.090392514825568676e+09 3.111428245868775845e+08
2.585208711795123904e-01 4.318431204111151695e+09 3.110352850231284499e+08
2.618458846176698329e-01 4.562362677697763443e+09 3.107735371741388440e+08
2.651708982283019211e-01 4.822240305788797379e+09 3.103266549889234900e+08
2.684959120050012804e-01 5.098043411428687096e+09 3.096719278208265901e+08
2.718209259416738965e-01 5.389675220601699829e+09 3.087946717946929932e+08
2.751459400325203530e-01 5.696961175722923279e+09 3.076878778366238475e+08
2.784709542720182895e-01 6.019647629467319489e+09 3.063517320722778440e+08
2.817959686549058040e-01 6.357400934004963875e+09 3.047930379066330791e+08
2.851209831761665758e-01 6.709806938650099754e+09 3.030245632526078224e+08
2.884459978310155437e-01 7.076370906782041550e+09 3.010643314028223753e+08
2.917710126148857497e-01 7.456517860626191139e+09 2.989348700868728757e+08
2.950960275234161267e-01 7.849593360096237183e+09 2.966624303592355251e+08
2.984210425524396748e-01 8.254864719464093208e+09 2.942761850904344916e+08
3.017460576979735243e-01 8.671522663073326111e+09 2.918074159160989523e+08
3.050710729562080559e-01 9.098683418745029449e+09 2.892886974341599345e+08
3.083960883234981298e-01 9.535391244894676208e+09 2.867530880975506902e+08
3.117211037963540377e-01 9.980621384733537674e+09 2.842333384550322890e+08
3.150461193714335084e-01 1.043328343826635742e+10 2.817611289279860854e+08
3.183711350455337152e-01 1.089222514017210770e+10 2.793663509039416313e+08
3.216961508155843918e-01 1.135623652900834656e+10 2.770764462657457590e+08
3.250211666786407272e-01 1.182405449063856316e+10 2.749158212271997333e+08
3.283461826318774812e-01 1.229436765624611473e+10 2.729053501937486529e+08
3.316711986725824346e-01 1.276582163289328003e+10 2.710619840647184849e+08
3.349962147981511706e-01 1.323702454224017525e+10 2.693984748083422184e+08
3.383212310060816352e-01 1.370655284084174728e+10 2.679232243052825332e+08
3.416462472939691963e-01 1.417295739335870171e+10 2.666402605826618969e+08
3.449712636595017590e-01 1.463476976810940170e+10 2.655493390316581130e+08
3.482962801004558240e-01 1.509050872262286568e+10 2.646461605252141356e+08
3.516212966146917696e-01 1.553868684529722786e+10 2.639226930857627094e+08
3.549463132001501320e-01 1.597781731788584900e+10 2.633675794133713245e+08
3.582713298548480529e-01 1.640642076237689209e+10 2.629666095709574223e+08
3.615963465768754492e-01 1.682303213486423492e+10 2.627032366548348665e+08
3.649213633643919596e-01 1.722620762832039261e+10 2.625591133765669167e+08
3.682463802156236143e-01 1.761453154565961075e+10 2.625146289820977747e+08
3.715713971288600592e-01 1.798662310426939774e+10 2.625494285354898274e+08
3.748964141024514474e-01 1.834114313316468048e+10 2.626428999200542569e+08
3.782214311348061075e-01 1.867680062419612503e+10 2.627746175696752965e+08
3.815464482243877131e-01 1.899235909923064423e+10 2.629247355874260962e+08
3.848714653697131172e-01 1.928664275598838425e+10 2.630743262611340582e+08
3.881964825693499099e-01 1.955854235622733688e+10 2.632056628619092405e+08
3.915214998219144760e-01 1.980702082121351242e+10 2.633024479111354649e+08
3.948465171260696627e-01 2.003111850090222931e+10 2.633499898039574921e+08
3.981715344805230594e-01 2.022995808499269104e+10 2.633353318159908354e+08
4.014965518840249992e-01 2.040274912593017578e+10 2.632473381640757918e+08
4.048215693353670597e-01 2.054879214611266327e+10 2.630767420348851681e+08
4.081465868333798430e-01 2.066748230387742996e+10 2.628161604270146191e+08
4.114716043769320319e-01 2.075831259539505386e+10 2.624600803677683175e+08
4.147966219649285025e-01 2.082087657226158524e+10 2.620048206398182213e+08
4.181216395963090471e-01 2.085487055745463562e+10 2.614484726555919349e+08
4.214466572700468761e-01 2.086009534526170349e+10 2.607908235978429615e+08
4.247716749851471740e-01 2.083645737388494492e+10 2.600332644444172978e+08
4.280966927406462674e-01 2.078396936258765411e+10 2.591786850415199697e+08
4.314217105356098481e-01 2.070275040849364853e+10 2.582313580023052692e+08
4.347467283691328621e-01 2.059302554141345596e+10 2.571968128973883986e+08
4.380717462403370122e-01 2.045512473839942169e+10 2.560817019772951901e+08
4.413967641483709237e-01 2.028948140299687576e+10 2.548936585245805681e+08
4.447217820924083131e-01 2.009663031746364594e+10 2.536411488736731112e+08
4.480468000716478771e-01 1.987720507943114090e+10 2.523333191526450515e+08
4.513718180853114048e-01 1.963193503763548660e+10 2.509798378858208954e+08
4.546968361326439445e-01 1.936164174442177963e+10 2.495907357371457815e+08
4.580218542129122494e-01 1.906723494563224411e+10 2.481762438590222299e+08
4.613468723254040560e-01 1.874970813133865356e+10 2.467466325225084722e+08
4.646718904694275842e-01 1.841013367348684692e+10 2.453120519246508479e+08
4.679969086443110937e-01 1.804965757903923035e+10 2.438823772773304582e+08
4.713219268494011072e-01 1.766949388945219421e+10 2.424670604565823376e+08
4.746469450840629656e-01 1.727091875943807220e+10 2.410749906134730577e+08
4.779719633476794960e-01 1.685526424979656029e+10 2.397143661944290996e+08
4.812969816396508449e-01 1.642391187073664856e+10 2.383925807764368057e+08
4.846219999593930350e-01 1.597828591349478149e+10 2.371161249782420695e+08
4.879470183063385202e-01 1.551984660917483902e+10 2.358905064562683403e+08
4.912720366799349647e-01 1.505008315460006332e+10 2.347201896378474534e+08
4.945970550796449094e-01 1.457050664558686256e+10 2.336085563935538828e+08
4.979220735049450508e-01 1.408264295835976982e+10 2.325578883238556981e+08
5.012470919553262405e-01 1.358802561991405487e+10 2.315693707595499158e+08
5.045721104302927085e-01 1.308818870791473007e+10 2.306431179804019034e+08
5.078971289293616742e-01 1.258465982027237892e+10 2.297782185756157935e+08
5.112221474520626252e-01 1.207895315379545593e+10 2.289727993367328346e+08
5.145471659979374834e-01 1.157256273035774422e+10 2.282241056166748405e+08
5.178721845665400503e-01 1.106695580778740311e+10 2.275285957325754464e+08
5.211972031574351183e-01 1.056356651124968338e+10 2.268820467484110296e+08
5.245222217701989154e-01 1.006378971919583702e+10 2.262796688538985252e+08
5.278472404044182165e-01 9.568975236100027084e+09 2.257162255544838905e+08
5.311722590596900107e-01 9.080422282100740433e+09 2.251861569914959967e+08
5.344972777356213900e-01 8.599374327437213898e+09 2.246837039049249291e+08
5.378222964318292165e-01 8.127014297142134666e+09 2.242030300082614422e+08
5.411473151479396781e-01 7.664460168906565666e+09 2.237383408418980539e+08
5.444723338835882886e-01 7.212760984358509064e+09 2.232839974818234444e+08
5.477973526384192215e-01 6.772893291216533661e+09 2.228346237803495824e+08
5.511223714120850881e-01 6.345758030911520958e+09 2.223852060847541392e+08
5.544473902042473812e-01 5.932177883366572380e+09 2.219311846021693945e+08
5.577724090145749214e-01 5.532895077628942490e+09 2.214685357439048588e+08
5.610974278427451889e-01 5.148569674090204239e+09 2.209938448840947747e+08
5.644224466884426583e-01 4.779778321017618179e+09 2.205043690054984093e+08
5.677474655513592428e-01 4.427013485168925285e+09 2.199980886854859889e+08
5.710724844311945159e-01 4.090683153310731411e+09 2.194737488037185669e+08
5.743975033276542685e-01 3.771110998612712383e+09 2.189308872472484708e+08
5.777225222404517302e-01 3.468537003067658424e+09 2.183698507603039443e+08
5.810475411693064585e-01 3.183118524404879570e+09 2.177917969580504596e+08
5.843725601139440062e-01 2.914931793370464802e+09 2.171986814156558514e+08
5.876975790740969208e-01 2.663973824776231766e+09 2.165932286786893010e+08
5.910225980495033005e-01 2.430164723416752338e+09 2.159788860446016788e+08
5.943476170399067948e-01 2.213350363776455402e+09 2.153597590575720072e+08
5.976726360450572706e-01 2.013305420457756519e+09 2.147405278648337722e+08
6.009976550647102567e-01 1.829736724446691275e+09 2.141263439177813232e+08
6.043226740986260559e-01 1.662286918701395988e+09 2.135227069795796573e+08
6.076476931465705222e-01 1.510538385117316008e+09 2.129353230227681100e+08
6.109727122083147277e-01 1.374017413700487852e+09 2.123699443636223078e+08
6.142977312836347403e-01 1.252198583757760525e+09 2.118321942588431537e+08
6.176227503723109580e-01 1.144509326111546278e+09 2.113273791539324522e+08
6.209477694741289966e-01 1.050334634763807416e+09 2.108602927675943971e+08
6.242727885888790240e-01 9.690218960526661873e+08 2.104350171611306667e+08
6.275978077163552049e-01 8.998858032056189775e+08 2.100547268003762960e+08
6.309228268563564779e-01 8.422133242414330244e+08 2.097215022909757495e+08
6.342478460086860004e-01 7.952686914505887032e+08 2.094361608813260198e+08
6.375728651731507046e-01 7.582983811545115709e+08 2.091981109165530503e+08
6.408978843495617417e-01 7.305360531256544590e+08 2.090052371489317417e+08
6.442229035377341484e-01 7.112074199000784159e+08 2.088538231515006423e+08
6.475479227374868474e-01 6.995350172861346006e+08 2.087385160618497133e+08
6.508729419486422030e-01 6.947428485627547503e+08 2.086523375518891513e+08
6.541979611710264653e-01 6.960608762736302614e+08 2.085867433623508811e+08
6.575229804044692150e-01 7.027293370285791159e+08 2.085317320557040870e+08
6.608479996488036967e-01 7.140028564189019203e+08 2.084760019417787492e+08
6.641730189038660415e-01 7.291543429290554523e+08 2.084071535232825875e+08
6.674980381694961551e-01 7.474786416460275650e+08 2.083119333842092752e+08
6.708230574455368300e-01 7.682959305602202415e+08 2.081765142707661986e+08
6.741480767318340783e-01 7.909548443452825546e+08 2.079868052276663184e+08
6.774730960282366876e-01 8.148353126292630434e+08 2.077287850565360188e+08
6.807981153345969982e-01 8.393511019902402163e+08 2.073888520349347889e+08
6.841231346507693489e-01 8.639520531126430035e+08 2.069541827271963358e+08
6.874481539766117422e-01 8.881260067950180769e+08 2.064130927675828934e+08
6.907731733119842898e-01 9.114004147456935644e+08 2.057553926333291531e+08
6.940981926567501015e-01 9.333436333200687170e+08 2.049727315764892101e+08
6.974232120107749511e-01 9.535659005675978661e+08 2.040589229798220992e+08
7.007482313739268331e-01 9.717199990948094130e+08 2.030102443866995275e+08
7.040732507460766287e-01 9.875016093609498739e+08 2.018257052783888280e+08
7.073982701270973283e-01 1.000649360032515883e+09 2.005072753055084050e+08
7.107232895168644760e-01 1.010944583963410020e+09 1.990600651139765680e+08
7.140483089152558360e-01 1.018210790204519510e+09 1.974924511567145586e+08
7.173733283221517265e-01 1.022312864163877010e+09 1.958161350062353909e+08
7.206983477374340197e-01 1.023156009650557041e+09 1.940461267824328542e+08
7.240233671609874744e-01 1.020684447994623303e+09 1.922006415500001609e+08
7.273483865926987368e-01 1.014879890771773696e+09 1.903008971618149281e+08
7.306734060324561186e-01 1.005759803844706059e+09 1.883708023536095321e+08
7.339984254801505958e-01 9.933754814510443211e+08 1.864365253311774433e+08
7.373234449356745879e-01 9.778099499498053789e+08 1.845259360881182253e+08
7.406484643989226235e-01 9.591757215381692648e+08 1.826679206820304096e+08
7.439734838697912300e-01 9.376124187914969921e+08 1.808915729950607419e+08
7.472985033481785999e-01 9.132842912654571533e+08 1.792252791519082785e+08
7.506235228339850352e-01 8.863776456008226871e+08 1.776957213731864691e+08
7.539485423271122810e-01 8.570982106240992546e+08 1.763268406342339218e+08
7.572735618274637481e-01 8.256684588265082836e+08 1.751388094953605235e+08
7.605985813349448454e-01 7.923249053191260099e+08 1.741470757934913337e+08
7.639236008494624253e-01 7.573154049539266825e+08 1.733615423192806840e+08
7.672486203709250052e-01 7.208964677185461521e+08 1.727859453071246445e+08
7.705736398992427683e-01 6.833306118083913326e+08 1.724174846699707508e+08
7.738986594343271186e-01 6.448837729457942247e+08 1.722467419545381963e+08
7.772236789760915698e-01 6.058227875532734394e+08 1.722579000256763399e+08
7.805486985244504128e-01 5.664129663303558826e+08 1.724292547088549733e+08
7.838737180793199366e-01 5.269157736142600179e+08 1.727339866454113126e+08
7.871987376406175407e-01 4.875866266632390618e+08 1.731411446000350118e+08
7.905237572082622899e-01 4.486728276742278337e+08 1.736167813815713525e+08
7.938487767821741370e-01 4.104116399641528130e+08 1.741251808564323783e+08
7.971737963622749223e-01 3.730285183117635250e+08 1.746301183219260275e+08
8.004988159484873744e-01 3.367355019887892604e+08 1.750961048848879635e+08
8.038238355407357760e-01 3.017297775067633390e+08 1.754895772331055403e+08
8.071488551389454091e-01 2.681924166166538298e+08 1.757800052025993168e+08
8.104738747430428880e-01 2.362872935719408095e+08 1.759408992372402847e+08
8.137988943529563812e-01 2.061601841983848214e+08 1.759507071794192195e+08
8.171239139686143904e-01 1.779380478250849545e+08 1.757935943475865722e+08
8.204489335899470825e-01 1.517284917182120979e+08 1.754601024566373527e+08
8.237739532168864010e-01 1.276194162611748576e+08 1.749476817894821465e+08
8.270989728493638449e-01 1.056788378029098958e+08 1.742610874262523055e+08
8.304239924873135781e-01 8.595488482964588702e+07 1.734126246715755165e+08
8.337490121306699864e-01 6.847596191467790306e+07 1.724222215889502466e+08
8.370740317793685659e-01 5.325107479883775860e+07 1.713172984859965146e+08
8.403990514333457007e-01 4.027030890703666210e+07 1.701323964009708166e+08
8.437240710925393294e-01 2.950545268280041590e+07 1.689085208175095916e+08
8.470490907568876127e-01 2.091075625606563687e+07 1.676921553767988682e+08
8.503741104263303763e-01 1.442381523381508142e+07 1.665339063512795866e+08
8.536991301008082234e-01 9.966568731525398791e+06 1.654867554457786977e+08
8.570241497802624231e-01 7.446400237107992172e+06 1.646039288388266861e+08
8.603491694646351329e-01 6.757329443194982596e+06 1.639364348928025365e+08
8.636741891538695093e-01 7.781282853185423650e+06 1.635303784349349737e+08
8.669992088479098191e-01 1.038943072413644753e+07 1.634242175974690616e+08
8.703242285467008843e-01 1.444357777626939304e+07 1.636461767373758852e+08
8.736492482501888590e-01 1.979759505334826559e+07 1.642120507070719004e+08
8.769742679583195644e-01 2.629888038462174311e+07 1.651236195866634250e+08
8.802992876710408199e-01 3.378983502171286941e+07 1.663678355787763596e+08
8.836243073883008892e-01 4.210934428325089067e+07 1.679168538905998766e+08
8.869493271100484799e-01 5.109425031404678524e+07 1.697288764236092567e+08
8.902743468362335211e-01 6.058080549222585559e+07 1.717496844538247585e+08
8.935993665668063857e-01 7.040609543543165922e+07 1.739146735404357314e+08
8.969243863017183349e-01 8.040942111758919060e+07 1.761511796712352633e+08
9.002494060409212961e-01 9.043363015623378754e+07 1.783808975888124704e+08
9.035744257843676408e-01 1.003263880035604537e+08 1.805222294860056937e+08
9.068994455320108505e-01 1.099413804148736745e+08 1.824924510424407423e+08
9.102244652838054062e-01 1.191394393529021442e+08 1.842096300786018372e+08
9.135494850397051225e-01 1.277895851744885445e+08 1.855942731892217100e+08
9.168745047996658126e-01 1.357699788172748983e+08 1.865707043352578580e+08
9.201995245636434007e-01 1.429687784296158552e+08 1.870681967228512466e+08
9.235245443315944769e-01 1.492848958014460206e+08 1.870218874357098043e+08
9.268495641034766308e-01 1.546286486962172091e+08 1.863735059516728520e+08
9.301745838792472298e-01 1.589223061283465028e+08 1.850719453626313806e+08
9.334996036588647517e-01 1.621005243529624939e+08 1.830737008477229774e+08
9.368246234422884511e-01 1.641106722996772528e+08 1.803431950398152769e+08
9.401496432294779160e-01 1.649130458545828760e+08 1.768530052549191117e+08
9.434746630203930673e-01 1.644809713730088770e+08 1.725840034846360385e+08
9.467996828149948252e-01 1.628007993952316940e+08 1.675254168265284300e+08
9.501247026132448870e-01 1.598717905274657607e+08 1.616748135569410324e+08
9.534497224151043948e-01 1.557058959240871668e+08 1.550380183733399510e+08
9.567747422205360452e-01 1.503274358145723045e+08 1.476289592026205957e+08
9.600997620295029789e-01 1.437726798225715756e+08 1.394694474348037243e+08
9.634247818419681142e-01 1.360893339044244885e+08 1.305888931922682226e+08
9.667498016578955911e-01 1.273359387583889067e+08 1.210239574340713471e+08
9.700748214772498823e-01 1.175811858183950335e+08 1.108181429395111203e+08
9.733998412999955718e-01 1.069031565302896202e+08 1.000213268489213437e+08
9.767248611260984648e-01 9.538849226743738353e+07 8.868923791482841969e+07
9.800498809555239221e-01 8.313150102996413410e+07 7.688288261324328184e+07
9.833749007882385262e-01 7.023320971918313205e+07 6.466792495095229149e+07
9.866999206242090814e-01 5.680036771061208844e+07 5.211402709523205459e+07
9.900249404634026140e-01 4.294441313787649572e+07 3.929416311232497543e+07
9.933499603057868166e-01 2.878040379180364311e+07 2.628395274880138412e+07
9.966749801513299367e-01 1.442593956563569047e+07 1.316137006327262148e+07
