# r [arcsec]	I [Jy/sr]	I_uncer [Jy/sr]
1.272617859314095550e-03 4.598062607782768250e+10 3.331726613124756813e+09
2.921189009106442414e-03 4.592368814399102783e+10 3.325185698502345085e+09
4.579495862547155495e-03 4.582139053489375305e+10 3.313486259260061264e+09
6.240002426697914550e-03 4.567394671530993652e+10 3.296657414535154343e+09
7.901343393063876494e-03 4.548169413452198029e+10 3.274762079269371510e+09
9.563088128690054243e-03 4.524507529447491455e+10 3.247885242392883778e+09
1.122505851373705593e-02 4.496463467249159241e+10 3.216132049443881512e+09
1.288716767388508287e-02 4.464101669130068207e+10 3.179627055344070911e+09
1.454936822595933807e-02 4.427496360660514832e+10 3.138513660953187943e+09
1.621163214106096165e-02 4.386731314559030151e+10 3.092953566687104225e+09
1.787394178310437384e-02 4.341899586654526520e+10 3.043126206871112347e+09
1.953628550253095827e-02 4.293103223865225220e+10 2.989228158897757530e+09
2.119865529577967186e-02 4.240452944925308228e+10 2.931472531151987553e+09
2.286104548286438387e-02 4.184067794918426514e+10 2.870088337912193298e+09
2.452345192144544592e-02 4.124074774850119781e+10 2.805319871752574921e+09
2.618587151961204035e-02 4.060608447613397217e+10 2.737426085520931244e+09
2.784830192283991451e-02 3.993810521798404694e+10 2.666679997147170544e+09
2.951074130657948408e-02 3.923829414881213379e+10 2.593368131486223698e+09
3.117318823511218417e-02 3.850819797401603699e+10 2.517790014079068661e+09
3.283564156322602012e-02 3.774942119803643799e+10 2.440257732030871391e+09
3.449810036628684490e-02 3.696362123673941803e+10 2.361095576916481495e+09
3.616056388957845924e-02 3.615250339159899139e+10 2.280639783413808346e+09
3.782303151098994481e-02 3.531781570395175934e+10 2.199238374654533863e+09
3.948550271312052662e-02 3.446134370793488312e+10 2.117251120337861538e+09
4.114797706214112089e-02 3.358490510099584198e+10 2.035049605296882153e+09
4.281045419157746001e-02 3.269034435105474091e+10 1.953017392912816286e+09
4.447293378972808769e-02 3.177952725951935959e+10 1.871550247366994381e+09
4.613541558980088775e-02 3.085433549938267136e+10 1.791056348485840082e+09
4.779789936210682849e-02 2.991666114760273743e+10 1.711956389573841572e+09
4.946038490782722619e-02 2.896840123084013367e+10 1.634683388625464201e+09
5.112287205399637657e-02 2.801145230343814468e+10 1.559681963899626493e+09
5.278536064943199074e-02 2.704770507626111984e+10 1.487406725744768620e+09
5.444785056141081270e-02 2.607903911467480469e+10 1.418319323312064409e+09
5.611034167293492414e-02 2.510731762352208710e+10 1.352883573565103531e+09
5.777283388046990098e-02 2.413438233650094604e+10 1.291558023839114428e+09
5.943532709206246489e-02 2.316204852677213287e+10 1.234785313195218086e+09
6.109782122576532665e-02 2.219210015504450226e+10 1.182977878280251741e+09
6.276031620831216962e-02 2.122628517071047211e+10 1.136499978253198147e+09
6.442281197399798987e-02 2.026631098088081360e+10 1.095646739335706472e+09
6.608530846372812073e-02 1.931384010139958954e+10 1.060621896453445315e+09
6.774780562420743002e-02 1.837048600309808350e+10 1.031516935425176144e+09
6.941030340724584080e-02 1.743780916567892075e+10 1.008295050658936620e+09
7.107280176916151715e-02 1.651731335072015381e+10 9.907833115659763813e+08
7.273530067026563739e-02 1.561044210433974075e+10 9.786754208753894567e+08
7.439780007441634813e-02 1.471857549910676765e+10 9.715455777358645201e+08
7.606029994863128252e-02 1.384302712375864029e+10 9.688717788782221079e+08
7.772280026274960840e-02 1.298504132829309845e+10 9.700651452883629799e+08
7.938530098913672284e-02 1.214579073094133568e+10 9.745011070810499191e+08
8.104780210242505667e-02 1.132637399248767281e+10 9.815486232140086889e+08
8.271030357928650656e-02 1.052781386234273529e+10 9.905947325687646866e+08
8.437280539823126257e-02 9.751055499700977325e+09 1.001063116946871161e+09
8.603530753943039455e-02 8.996965072067161560e+09 1.012426568110219359e+09
8.769780998455847798e-02 8.266328632361417770e+09 1.024214064999911666e+09
8.936031271665356712e-02 7.559851274771868706e+09 1.036013561169384480e+09
9.102281571999285004e-02 6.878156568490116119e+09 1.047471652433894157e+09
9.268531897998151525e-02 6.221786267438351631e+09 1.058291170045343161e+09
9.434782248305331742e-02 5.591200293109010696e+09 1.068227535500678539e+09
9.601032621658157906e-02 4.986776986661789894e+09 1.077084492287276268e+09
9.767283016879922675e-02 4.408813625486345291e+09 1.084709635773748398e+09
9.933533432872686253e-02 3.857527198520064354e+09 1.090990009106297255e+09
1.009978386861079547e-01 3.333055433750840664e+09 1.095847920536185741e+09
1.026603432313502873e-01 2.835458070484049320e+09 1.099237059939776182e+09
1.043228479554730720e-01 2.364718368175042629e+09 1.101138941480148315e+09
1.059853528500589448e-01 1.920744842863423347e+09 1.101559667977104664e+09
1.076478579072105424e-01 1.503373221558947325e+09 1.100526994525266647e+09
1.093103631195108394e-01 1.112368604257821798e+09 1.098087659688961983e+09
1.109728684799872744e-01 7.474278226770925522e+08 1.094304948932308435e+09
1.126353739820789568e-01 4.081819842339438796e+08 1.089256454655216932e+09
1.142978796196066349e-01 9.419918930151821673e+07 1.083031998836448908e+09
1.159603853867454265e-01 -1.950125906748230755e+08 1.075731686982959747e+09
1.176228912779997832e-01 -4.600024870037332773e+08 1.067464065329486251e+09
1.192853972881804531e-01 -7.013735726618722677e+08 1.058344356792882204e+09
1.209479034123834701e-01 -9.197795797057234049e+08 1.048492754963188171e+09
1.226104096459709192e-01 -1.115921508833777189e+09 1.038032759446162462e+09
1.242729159845529646e-01 -1.290544144896627188e+09 1.027089540210170031e+09
1.259354224239715991e-01 -1.444432492284775257e+09 1.015788323343684077e+09
1.275979289602855449e-01 -1.578408144166053295e+09 1.004252795838927746e+09
1.292604355897561952e-01 -1.693325599554426432e+09 9.926035327092964649e+08
1.309229423088349165e-01 -1.790068542141782761e+09 9.809564558349993229e+08
1.325854491141509606e-01 -1.869546094721646070e+09 9.694213402198630571e+08
1.342479560025006402e-01 -1.932689062881283760e+09 9.581003895298792124e+08
1.359104629708369483e-01 -1.980446181439321756e+09 9.470869083963255882e+08
1.375729700162601765e-01 -2.013780376862115860e+09 9.364641034846137762e+08
1.392354771360091448e-01 -2.033665058591885805e+09 9.263040481257402897e+08
1.408979843274529020e-01 -2.041080451894361973e+09 9.166668458210948706e+08
1.425604915880832879e-01 -2.037009984450332403e+09 9.076000257000317574e+08
1.442229989155077718e-01 -2.022436738505141735e+09 8.991381978146799803e+08
1.458855063074428748e-01 -1.998339979941232204e+09 8.913029880716725588e+08
1.475480137617080634e-01 -1.965691775150374413e+09 8.841032620656256676e+08
1.492105212762198374e-01 -1.925453706073529005e+09 8.775356348727892637e+08
1.508730288489867621e-01 -1.878573693227968693e+09 8.715852510195670128e+08
1.525355364781040279e-01 -1.825982935977669954e+09 8.662268065386120081e+08
1.541980441617490649e-01 -1.768592978706277370e+09 8.614257743912284374e+08
1.558605518981770188e-01 -1.707292910944059610e+09 8.571397865186545849e+08
1.575230596857167542e-01 -1.642946708869355440e+09 8.533201209862233400e+08
1.591855675227668576e-01 -1.576390724958719969e+09 8.499132413369148970e+08
1.608480754077921959e-01 -1.508431331908103704e+09 8.468623371857762337e+08
1.625105833393203636e-01 -1.439842726276878834e+09 8.441088197753397226e+08
1.641730913159387406e-01 -1.371364896636841297e+09 8.415937329524419308e+08
1.658355993362912173e-01 -1.303701760332174778e+09 8.392590480046164989e+08
1.674981073990755853e-01 -1.237519472275407791e+09 8.370488192163493633e+08
1.691606155030408176e-01 -1.173444908531734467e+09 8.349101851954663992e+08
1.708231236469845982e-01 -1.112064326764982224e+09 8.327942084534091949e+08
1.724856318297508795e-01 -1.053922204958863020e+09 8.306565520700144768e+08
1.741481400502279120e-01 -9.995202591558115482e+08 8.284579973651937246e+08
1.758106483073458848e-01 -9.493166403224638700e+08 8.261648103265099525e+08
1.774731566000750660e-01 -9.037253097949273586e+08 8.237489671834937334e+08
1.791356649274240265e-01 -8.631155921560306549e+08 8.211882511372553110e+08
1.807981732884377246e-01 -8.278119037695548534e+08 8.184662330417366028e+08
1.824606816821959798e-01 -7.980936546268732548e+08 8.155721489843878746e+08
1.841231901078118072e-01 -7.741953205811613798e+08 8.125006874210937023e+08
1.857856985644300296e-01 -7.563066825050071478e+08 8.092516979494353533e+08
1.874482070512257237e-01 -7.445732283801469803e+08 8.058298330899018049e+08
1.891107155674030538e-01 -7.390967138302752972e+08 8.022441336975492239e+08
1.907732241121938566e-01 -7.399358761335886717e+08 7.985075679224687815e+08
1.924357326848565586e-01 -7.471072963043783903e+08 7.946365330354264975e+08
1.940982412846749550e-01 -7.605864034138282537e+08 7.906503289533076286e+08
1.957607499109572380e-01 -7.803086149260947704e+08 7.865706119614280462e+08
1.974232585630348313e-01 -8.061706064687440395e+08 7.824208369156469107e+08
1.990857672402615297e-01 -8.380317041162816286e+08 7.782256961028040648e+08
2.007482759420124996e-01 -8.757153919703500271e+08 7.740105629040558338e+08
2.024107846676835298e-01 -9.190109275448102951e+08 7.698009484008830786e+08
2.040732934166899215e-01 -9.676750572196972370e+08 7.656219790355787277e+08
2.057358021884660160e-01 -1.021433823827205420e+09 7.614979033364913464e+08
2.073983109824642512e-01 -1.079984458241382360e+09 7.574516354829163551e+08
2.090608197981545235e-01 -1.142997346706691980e+09 7.535043430815221071e+08
2.107233286350234380e-01 -1.210118065515590191e+09 7.496750858991502523e+08
2.123858374925735870e-01 -1.280969474561771631e+09 7.459805114424090385e+08
2.140483463703231337e-01 -1.355153861238546848e+09 7.424346121667742729e+08
2.157108552678049240e-01 -1.432255126126108646e+09 7.390485477705368996e+08
2.173733641845664311e-01 -1.511841001909821749e+09 7.358305344977608919e+08
2.190358731201685061e-01 -1.593465297011155844e+09 7.327858017107545137e+08
2.206983820741854618e-01 -1.676670155458549738e+09 7.299166142534483671e+08
2.223608910462041566e-01 -1.760988324628900766e+09 7.272223574011069536e+08
2.240234000358239386e-01 -1.845945422584306717e+09 7.246996795582515001e+08
2.256859090426557024e-01 -1.931062196881173134e+09 7.223426864080631733e+08
2.273484180663219723e-01 -2.015856766883772850e+09 7.201431790049833059e+08
2.290109271064561247e-01 -2.099846841799834251e+09 7.180909273853430748e+08
2.306734361627020280e-01 -2.182551906868732452e+09 7.161739706915612221e+08
2.323359452347137921e-01 -2.263495370354948997e+09 7.143789345668779612e+08
2.339984543221555469e-01 -2.342206664256360531e+09 7.126913566770743132e+08
2.356609634247005536e-01 -2.418223291899591923e+09 7.110960116204997301e+08
2.373234725420314828e-01 -2.491092815882078648e+09 7.095772271605420113e+08
2.389859816738397480e-01 -2.560374780127206802e+09 7.081191845948431492e+08
2.406484908198254224e-01 -2.625642560128614902e+09 7.067061971146743298e+08
2.423109999796965175e-01 -2.686485135798512936e+09 7.053229611414611340e+08
2.439735091531692601e-01 -2.742508781677978992e+09 7.039547768061435223e+08
2.456360183399674824e-01 -2.793338669617038250e+09 7.025877349102563858e+08
2.472985275398224547e-01 -2.838620379407462120e+09 7.012088688409661055e+08
2.489610367524725254e-01 -2.878021313218562126e+09 6.998062709724925756e+08
2.506235459776631203e-01 -2.911232010069742680e+09 6.983691740545434952e+08
2.522860552151463542e-01 -2.937967356963940620e+09 6.968879989496335983e+08
2.539485644646808371e-01 -2.957967693698993206e+09 6.953543708315391541e+08
2.556110737260313126e-01 -2.970999808763709545e+09 6.937611065914685726e+08
2.572735829989687417e-01 -2.976857824137983322e+09 6.921021767220493555e+08
2.589360922832700251e-01 -2.975363967200452328e+09 6.903726453595902920e+08
2.605986015787175591e-01 -2.966369228361495972e+09 6.885685924760644436e+08
2.622611108850994577e-01 -2.949753903427755833e+09 6.866870224187886715e+08
2.639236202022091082e-01 -2.925428020105737209e+09 6.847257631084080935e+08
2.655861295298450053e-01 -2.893331648445753098e+09 6.826833602271367311e+08
2.672486388678106950e-01 -2.853435095411079884e+09 6.805589706613466740e+08
2.689111482159146083e-01 -2.805738984143342495e+09 6.783522593082607985e+08
2.705736575739698391e-01 -2.750274218870832443e+09 6.760633031229571104e+08
2.722361669417941443e-01 -2.687101836770313740e+09 6.736925059652794600e+08
2.738986763192096108e-01 -2.616312748459265232e+09 6.712405274193662405e+08
2.755611857060425440e-01 -2.538027369135356903e+09 6.687082283001027107e+08
2.772236951021236906e-01 -2.452395142730576992e+09 6.660966350408396721e+08
2.788862045072874607e-01 -2.359593961761022091e+09 6.634069245854319334e+08
2.805487139213725944e-01 -2.259829485886194706e+09 6.606404307900969982e+08
2.822112233442213292e-01 -2.153334362473989487e+09 6.577986726916739941e+08
2.838737327756796214e-01 -2.040367352776207209e+09 6.548834043308840990e+08
2.855362422155972579e-01 -1.921212367577805519e+09 6.518966851383192539e+08
2.871987516638271343e-01 -1.796177416452858210e+09 6.488409692193522453e+08
2.888612611202258651e-01 -1.665593474999810696e+09 6.457192112121864557e+08
2.905237705846532292e-01 -1.529813274656364918e+09 6.425349857615641356e+08
2.921862800569720031e-01 -1.389210019907507658e+09 6.392926170521534681e+08
2.938487895370484604e-01 -1.244176037892815590e+09 6.359973142914358377e+08
2.955112990247516502e-01 -1.095121365593924522e+09 6.326553085314725637e+08
2.971738085199533974e-01 -9.424722799500187635e+08 6.292739857766840458e+08
2.988363180225286353e-01 -7.866697763759139776e+08 6.258620109498004913e+08
3.004988275323551283e-01 -6.281680012945687771e+08 6.224294369917606115e+08
3.021613370493130279e-01 -4.674326443887594342e+08 6.189877931649459600e+08
3.038238465732852611e-01 -3.049392963673864603e+08 6.155501465211019516e+08
3.054863561041573639e-01 -1.411717781038182974e+08 6.121311305204527378e+08
3.071488656418173702e-01 2.337955294351061434e+07 6.087469349527051449e+08
3.088113751861554790e-01 1.882195130985487401e+08 6.054152516594157219e+08
3.104738847370644983e-01 3.528498136732029915e+08 6.021551711114311218e+08
3.121363942944395120e-01 5.167707870828492045e+08 5.989870256971063614e+08
3.137989038581776025e-01 6.794831119599822760e+08 5.959321766553095579e+08
3.154614134281782389e-01 8.404895314122946262e+08 5.930127429690567255e+08
3.171239230043430002e-01 9.992965586260733604e+08 5.902512722333505154e+08
3.187864325865753523e-01 1.155416164107202053e+09 5.876703555201108456e+08
3.204489421747808708e-01 1.308367438948496103e+09 5.852921905424153805e+08
3.221114517688670742e-01 1.457678228628879070e+09 5.831380999100786448e+08
3.237739613687434237e-01 1.602886731989302635e+09 5.812280138551663160e+08
3.254364709743211015e-01 1.743543060175436020e+09 5.795799293471698761e+08
3.270989805855132326e-01 1.879210750507155180e+09 5.782093598400920630e+08
3.287614902022346075e-01 2.009468230417875290e+09 5.771287917961951494e+08
3.304239998244018484e-01 2.133910226795267582e+09 5.763471654201017618e+08
3.320865094519330207e-01 2.252149116278013229e+09 5.758693975376168489e+08
3.337490190847480775e-01 2.363816212271063805e+09 5.756959641328973770e+08
3.354115287227684150e-01 2.468562984688151360e+09 5.758225586665874720e+08
3.370740383659170392e-01 2.566062208675198555e+09 5.762398399590170383e+08
3.387365480141183438e-01 2.656009038819127083e+09 5.769332802617553473e+08
3.403990576672984991e-01 2.738122005622102261e+09 5.778831203658289909e+08
3.420615673253846745e-01 2.812143931293166637e+09 5.790644344759242535e+08
3.437240769883058711e-01 2.877842762192276478e+09 5.804473034224230051e+08
3.453865866559921449e-01 2.935012315554086685e+09 5.819970908892658949e+08
3.470490963283750507e-01 2.983472938418360710e+09 5.836748139752206802e+08
3.487116060053874755e-01 3.023072076986847878e+09 5.854375967679719925e+08
3.503741156869634166e-01 3.053684754945212841e+09 5.872391938280692101e+08
3.520366253730383144e-01 3.075213959583344460e+09 5.890305695649068356e+08
3.536991350635486642e-01 3.087590934869580746e+09 5.907605194062415361e+08
3.553616447584322380e-01 3.090775380938126087e+09 5.923763192944908142e+08
3.570241544576279180e-01 3.084755559762512684e+09 5.938243912401999235e+08
3.586866641610758633e-01 3.069548307098285198e+09 5.950509742559477091e+08
3.603491738687170098e-01 3.045198951085873604e+09 5.960027918153307438e+08
3.620116835804937372e-01 3.011781138206417084e+09 5.966277088851165771e+08
3.636741932963493684e-01 2.969396567584478378e+09 5.968753734388123751e+08
3.653367030162280593e-01 2.918174634930382729e+09 5.966978391010166407e+08
3.669992127400752979e-01 2.858271987693184376e+09 5.960501671163676977e+08
3.686617224678372939e-01 2.789871993288850307e+09 5.948910071779019833e+08
3.703242321994613118e-01 2.713184122530935764e+09 5.931831577585910559e+08
3.719867419348956150e-01 2.628443250661882401e+09 5.908941074873785973e+08
3.736492516740893000e-01 2.535908878633399487e+09 5.879965597962380648e+08
3.753117614169925176e-01 2.435864277533108711e+09 5.844689435646885633e+08
3.769742711635561405e-01 2.328615559279535770e+09 5.802959127940243483e+08
3.786367809137318741e-01 2.214490676937928200e+09 5.754688384611549377e+08
3.802992906674724227e-01 2.093838358208539009e+09 5.699862955925511122e+08
3.819618004247312126e-01 1.967026975840110540e+09 5.638545482158305645e+08
3.836243101854625026e-01 1.834443358898337603e+09 5.570880340873887539e+08
3.852868199496213841e-01 1.696491548989323616e+09 5.497098498239625692e+08
3.869493297171635593e-01 1.553591505686573744e+09 5.417522350729471445e+08
3.886118394880457849e-01 1.406177765552106619e+09 5.332570513657680154e+08
3.902743492622252064e-01 1.254698059256891727e+09 5.242762469432356954e+08
3.919368590396599683e-01 1.099611891422277451e+09 5.148722926662800908e+08
3.935993688203087704e-01 9.413890878822753429e+08 5.051185656070123315e+08
3.952618786041311449e-01 7.805083151533038616e+08 4.950996455073016286e+08
3.969243883910870685e-01 6.174555769460728168e+08 4.849114745527496934e+08
3.985868981811374612e-01 4.527226926043167710e+08 4.746613127158386111e+08
4.002494079742436872e-01 2.868057623763335347e+08 4.644673998313887119e+08
4.019119177703678880e-01 1.202036244393847287e+08 4.544582133455066085e+08
4.035744275694727046e-01 -4.658369141149494797e+07 4.447711909584757686e+08
4.052369373715214440e-01 -2.130565085160922408e+08 4.355507763189331293e+08
4.068994471764781906e-01 -3.787170416902721524e+08 4.269456524680601358e+08
4.085619569843071952e-01 -5.430709243482377529e+08 4.191050629243938327e+08
4.102244667949735413e-01 -7.056287196707230806e+08 4.121741948699025512e+08
4.118869766084432005e-01 -8.659074111592066288e+08 4.062887185017832518e+08
4.135494864246819224e-01 -1.023431868016070485e+09 4.015687354485164285e+08
4.152119962436567890e-01 -1.177736280892687082e+09 3.981125639044492841e+08
4.168745060653349932e-01 -1.328365563675586700e+09 3.959909371133842468e+08
4.185370158896842829e-01 -1.474876717106871843e+09 3.952422630837814808e+08
4.201995257166728504e-01 -1.616840150188910246e+09 3.958695434635770321e+08
4.218620355462696647e-01 -1.753840955471328974e+09 3.978393655383550525e+08
4.235245453784438063e-01 -1.885480134494827271e+09 4.010830952050935030e+08
4.251870552131651881e-01 -2.011375769836033583e+09 4.055000808028818369e+08
4.268495650504041117e-01 -2.131164140393286467e+09 4.109624107824809551e+08
4.285120748901312115e-01 -2.244500776738017559e+09 4.173206147242465615e+08
4.301745847323175664e-01 -2.351061453576136589e+09 4.244096776177789569e+08
4.318370945769347546e-01 -2.450543116556211948e+09 4.320548293942645192e+08
4.334996044239549096e-01 -2.542664740898276329e+09 4.400767282342454195e+08
4.351621142733504422e-01 -2.627168119524796486e+09 4.482958267729358673e+08
4.368246241250944295e-01 -2.703818578619834900e+09 4.565358580346382260e+08
4.384871339791597822e-01 -2.772405618757482052e+09 4.646264842647775412e+08
4.401496438355204099e-01 -2.832743480003053188e+09 4.724052146303979754e+08
4.418121536941504446e-01 -2.884671629599828243e+09 4.797187242243847847e+08
4.434746635550242400e-01 -2.928055171130786419e+09 4.864237080768204331e+08
4.451371734181167605e-01 -2.962785174255033970e+09 4.923873902330537438e+08
4.467996832834031928e-01 -2.988778924396187782e+09 4.974877877302453518e+08
4.484621931508591675e-01 -3.005980091973163128e+09 5.016138076333994269e+08
4.501247030204606481e-01 -3.014358821037163258e+09 5.046652354629067183e+08
4.517872128921838204e-01 -3.013911737398041248e+09 5.065526564723840356e+08
4.534497227660054253e-01 -3.004661876584277630e+09 5.071973379331591725e+08
4.551122326419027031e-01 -2.986658532194613934e+09 5.065310903214417100e+08
4.567747425198525613e-01 -2.959977025469624996e+09 5.044961179390925169e+08
4.584372523998329063e-01 -2.924718397095838547e+09 5.010448641269993186e+08
4.600997622818217003e-01 -2.881009022534044266e+09 4.961398527507109046e+08
4.617622721657972384e-01 -2.829000152330911636e+09 4.897535251799727082e+08
4.634247820517383154e-01 -2.768867379140844822e+09 4.818680706911283135e+08
4.650872919396236149e-01 -2.700810033337736607e+09 4.724752472941873074e+08
4.667498018294323758e-01 -2.625050509367608070e+09 4.615761898244597316e+08
4.684123117211442255e-01 -2.541833525096572399e+09 4.491812019264943004e+08
4.700748216147389580e-01 -2.451425316711610317e+09 4.353095289572669268e+08
4.717373315101965336e-01 -2.354112771769610405e+09 4.199891088999062777e+08
4.733998414074974126e-01 -2.250202503323035240e+09 4.032562990618416667e+08
4.750623513066224435e-01 -2.140019868024501801e+09 3.851555764423241019e+08
4.767248612075521974e-01 -2.023907931476094723e+09 3.657392105112414956e+08
4.783873711102680226e-01 -1.902226383985388994e+09 3.450669071637250781e+08
4.800498810147514894e-01 -1.775350410310336828e+09 3.232054236448766589e+08
4.817123909209840571e-01 -1.643669516741565466e+09 3.002281540603801012e+08
4.833749008289477955e-01 -1.507586319426090240e+09 2.762146863963696361e+08
4.850374107386249412e-01 -1.367515297362360001e+09 2.512503314592126310e+08
4.866999206499977859e-01 -1.223881514326875448e+09 2.254256260407369137e+08
4.883624305630492324e-01 -1.077119313086006165e+09 1.988358116568262577e+08
4.900249404777619611e-01 -9.276709866406711340e+08 1.715802938345448673e+08
4.916874503941192631e-01 -7.759854294249683619e+08 1.437620866583234072e+08
4.933499603121045407e-01 -6.225167742056142092e+08 1.154872618038912266e+08
4.950124702317013070e-01 -4.677230159823290110e+08 8.686445431146623194e+07
4.966749801528934083e-01 -3.120646321933921576e+08 5.800472140462629497e+07
4.983374900756649684e-01 -1.560031878965063095e+08 2.902416883153178170e+07
