# r [arcsec]	I [Jy/sr]	I_uncer [Jy/sr]
3.817853577942286001e-03 -3.604213458756832123e+09 1.404760438124206543e+09
8.763567027319327241e-03 -3.551737164353492260e+09 1.388861916613954782e+09
1.373848758764146562e-02 -3.456174869537468433e+09 1.360580536901336908e+09
1.872000728009374365e-02 -3.315560092493352890e+09 1.320453141017803431e+09
2.370403017919163122e-02 -3.127148207579244137e+09 1.269253117742539406e+09
2.868926438607016446e-02 -2.887473065669056416e+09 1.207974483079155445e+09
3.367517554121116780e-02 -2.592438453423460960e+09 1.137819474473737240e+09
3.866150302165524688e-02 -2.237428984021899223e+09 1.060187283996842742e+09
4.364810467787801074e-02 -1.817437152498767376e+09 9.766665349398019314e+08
4.863489642318288148e-02 -1.327203844147951603e+09 8.890358574336944818e+08
5.362182534931311806e-02 -7.613694329280998707e+08 7.992791636766773462e+08
5.860885650759287135e-02 -1.146324109703911990e+08 7.096251792742487192e+08
6.359596588733901212e-02 6.180876659412561655e+08 6.226231611346839666e+08
6.858313644859315161e-02 1.441486231202925920e+09 5.412619584389930964e+08
7.357035576433633428e-02 2.359712109798594952e+09 4.691048066762958169e+08
7.855761455883611410e-02 3.376211594601647854e+09 4.102916536112397909e+08
8.354490576851973660e-02 4.493581430336662292e+09 3.690116410841174722e+08
8.853222391973845917e-02 5.713433786286617279e+09 3.479791966345170140e+08
9.351956470533653865e-02 7.036276086960489273e+09 3.464818787083069086e+08
9.850692468967806037e-02 8.461408302806416512e+09 3.600898852253821492e+08
1.034943010988605139e-01 9.986839985758066177e+09 3.827031806373988986e+08
1.084816916687353777e-01 1.160922897292063141e+10 4.087885156417908072e+08
1.134690945329698275e-01 1.332384328297544861e+10 4.342862363622071743e+08
1.184565081393615799e-01 1.512454730134453392e+10 4.565458516638079286e+08
1.234439311864233557e-01 1.700381290013270378e+10 4.739832224233489037e+08
1.284313625747323662e-01 1.895275567569280243e+10 4.857700394300764799e+08
1.334188013691842700e-01 2.096119601933016586e+10 4.916148832614911795e+08
1.384062467694026355e-01 2.301774427386409760e+10 4.916187594347250462e+08
1.433936980863204647e-01 2.510990877940977859e+10 4.861794356054776311e+08
1.483811547234816508e-01 2.722422518420933533e+10 4.759255285821825266e+08
1.533686161619891020e-01 2.934640499882735443e+10 4.616680219339523911e+08
1.583560819482959792e-01 3.146150101187606812e+10 4.443610951364694834e+08
1.633435516842324520e-01 3.355408686958252716e+10 4.250660424011097550e+08
1.683310250188047585e-01 3.560844785565236664e+10 4.049122887104013562e+08
1.733185016414096891e-01 3.760877969717911530e+10 3.850488799674022198e+08
1.783059812761873808e-01 3.953939207042522430e+10 3.665797660087568760e+08
1.832934636772959591e-01 4.138491339009568787e+10 3.504791982744918466e+08
1.882809486249364950e-01 4.313049343861805725e+10 3.374924304088427424e+08
1.932684359219939418e-01 4.476200042833299255e+10 3.280414221776586771e+08
1.982559253911843622e-01 4.626620918847553253e+10 3.221676675297024846e+08
2.032434168726222901e-01 4.763097732825169373e+10 3.195411826796044111e+08
2.082309102217375085e-01 4.884540644398547363e+10 3.195406515479694009e+08
2.132184053074845376e-01 4.989998570784067535e+10 3.213790176165114045e+08
2.182059020107968983e-01 5.078671549267722321e+10 3.242341095737120509e+08
2.231934002232490444e-01 5.149920904600344849e+10 3.273524580141288638e+08
2.281808998458938198e-01 5.203277061861128235e+10 3.301140821365834475e+08
2.331684007882487975e-01 5.238444887289266205e+10 3.320617909193627238e+08
2.381559029674101546e-01 5.255306483374098206e+10 3.329050936829430461e+08
2.431434063072751561e-01 5.253921409312585449e+10 3.325086220218585134e+08
2.481309107378594780e-01 5.234524342921208191e+10 3.308721323785479069e+08
2.531184161946937738e-01 5.197520244382887268e+10 3.281062574876261353e+08
2.581059226182911837e-01 5.143477124990381622e+10 3.244061294949147105e+08
2.630934299536754062e-01 5.073116564504644012e+10 3.200238797312387824e+08
2.680809381499607014e-01 4.987302158161131287e+10 3.152406436975952387e+08
2.730684471599785779e-01 4.887026108023854065e+10 3.103388594021791220e+08
2.780559569399445041e-01 4.773394202727094269e+10 3.055761431488443613e+08
2.830434674491599245e-01 4.647609454142707062e+10 3.011626159346098900e+08
2.880309786497447511e-01 4.510954678754694366e+10 2.972439246666317582e+08
2.930184905063976664e-01 4.364774325217946625e+10 2.938920418696849346e+08
2.980060029861805737e-01 4.210455857530077362e+10 2.911050739243413806e+08
3.029935160583238640e-01 4.049411005381970978e+10 2.888158995164387822e+08
3.079810296940508341e-01 3.883057189614804077e+10 2.869079330124909282e+08
3.129685438664192021e-01 3.712799421452481842e+10 2.852351909539391398e+08
3.179560585501768344e-01 3.540012959563388062e+10 2.836434725514076948e+08
3.229435737216315716e-01 3.366026989396112061e+10 2.819898404070087075e+08
3.279310893585324904e-01 3.192109565096681213e+10 2.801584210886733532e+08
3.329186054399617678e-01 3.019454026181150436e+10 2.780714745825490952e+08
3.379061219462368704e-01 2.849167069636932755e+10 2.756954429725115299e+08
3.428936388588199047e-01 2.682258623911407471e+10 2.730421800799947977e+08
3.478811561602362934e-01 2.519633635052960968e+10 2.701658154375375509e+08
3.528686738339993356e-01 2.362085837819775391e+10 2.671558154821057618e+08
3.578561918645413176e-01 2.210293546641383362e+10 2.641268813614641726e+08
3.628437102371503964e-01 2.064817463640555573e+10 2.612064508834345937e+08
3.678312289379127020e-01 1.926100464247227859e+10 2.585207888076893687e+08
3.728187479536588800e-01 1.794469285950768661e+10 2.561809273448305726e+08
3.778062672719147974e-01 1.670138013104338455e+10 2.542699610624847412e+08
3.827937868808565791e-01 1.553213220995531654e+10 2.528332658114193380e+08
3.877813067692685856e-01 1.443700616167245293e+10 2.518729735299940407e+08
3.927688269265047216e-01 1.341512987635690498e+10 2.513474618506217003e+08
3.977563473424529095e-01 1.246479265573570824e+10 2.511758195353722274e+08
4.027438680075018929e-01 1.158354470452113724e+10 2.512464489564655423e+08
4.077313889125108171e-01 1.076830326733302116e+10 2.514283987534524798e+08
4.127189100487804740e-01 1.001546311024413872e+10 2.515838164304419458e+08
4.177064314080274343e-01 9.321009051184730530e+09 2.515800567844845653e+08
4.226939529823587338e-01 8.680628294072864532e+09 2.513003505576731265e+08
4.276814747642498915e-01 8.089820415418807983e+09 2.506523696941468120e+08
4.326689967465233155e-01 7.544002986194371223e+09 2.495743983470742404e+08
4.376565189223286523e-01 7.038610982066990852e+09 2.480390727711026073e+08
4.426440412851241901e-01 6.569188337160198212e+09 2.460547839705467522e+08
4.476315638286594845e-01 6.131470225207199097e+09 2.436648726656928658e+08
4.526190865469603142e-01 5.721454901814925194e+09 2.409447279449676871e+08
4.576066094343120838e-01 5.335464206719578743e+09 2.379968721686545610e+08
4.625941324852472225e-01 4.970192099388115883e+09 2.349441167709121108e+08
4.675816556945310287e-01 4.622740879084875107e+09 2.319209438383896053e+08
4.725691790571502904e-01 4.290645015599636078e+09 2.290634330059153140e+08
4.775567025683005173e-01 3.971882783540294647e+09 2.264983135267100334e+08
4.825442262233765600e-01 3.664876145961921215e+09 2.243320355474130511e+08
4.875317500179611185e-01 3.368479567247766495e+09 2.226410284438882172e+08
4.925192739478161941e-01 3.081958646104775906e+09 2.214644183025281429e+08
4.975067980088735964e-01 2.804959643510363579e+09 2.208003000635612607e+08
5.024943221972267837e-01 2.537471134338453293e+09 2.206061795385306180e+08
5.074818465091224251e-01 2.279779132815402508e+09 2.208035221601373851e+08
5.124693709409537945e-01 2.032417129309221029e+09 2.212856719200019538e+08
5.174568954892526662e-01 1.796112528442331076e+09 2.219279404164527655e+08
5.224444201506837082e-01 1.571730996060947180e+09 2.225985209610191882e+08
5.274319449220377098e-01 1.360220205972715855e+09 2.231690324742598832e+08
5.324194698002251425e-01 1.162554428003420353e+09 2.235238247993008792e+08
5.374069947822720517e-01 9.796813189715204239e+08 2.235675428535102606e+08
5.423945198653131738e-01 8.124721703790924549e+08 2.232307504465409517e+08
5.473820450465878285e-01 6.616767342704390287e+08 2.224736107939481735e+08
5.523695703234354770e-01 5.278835955096461773e+08 2.212877108680602312e+08
5.573570956932899501e-01 4.114868888157738447e+08 2.196961269785838425e+08
5.623446211536771155e-01 3.126599765597894192e+08 2.177517937393859327e+08
5.673321467022091058e-01 2.313365130966695547e+08 2.155341921805627346e+08
5.723196723365815419e-01 1.671991278087428808e+08 2.131443478867538869e+08
5.773071980545696480e-01 1.196757665525697619e+08 2.106981582415807545e+08
5.822947238540248094e-01 8.794354416939114034e+07 2.083181770156482458e+08
5.872822497328716862e-01 7.093978321815133095e+07 2.061241896011776328e+08
5.922697756891045495e-01 6.737974987635286152e+07 2.042231989119158387e+08
5.972573017207846169e-01 7.578045036815346777e+07 2.026997506045979857e+08
6.022448278260374988e-01 9.448972320072931051e+07 2.016077504454263449e+08
6.072323540030505340e-01 1.217197562687073350e+08 2.009649431222980618e+08
6.122198802500696813e-01 1.555840753119788766e+08 2.007509509634247124e+08
6.172074065653979646e-01 1.941369924806114137e+08 2.009092376042076945e+08
6.221949329473926982e-01 2.354144714899876118e+08 2.013527082325379252e+08
6.271824593944635984e-01 2.774753590240390301e+08 2.019720871323028207e+08
6.321699859050702308e-01 3.184419501083381176e+08 2.026458885970878899e+08
6.371575124777206778e-01 3.565388969909089208e+08 2.032507707561542392e+08
6.421450391109693179e-01 3.901295350035063028e+08 2.036712700328550935e+08
6.471325658034148276e-01 4.177487828176375628e+08 2.038082330437400639e+08
6.521200925536991821e-01 4.381318759856733680e+08 2.035855747461272478e+08
6.571076193605055460e-01 4.502383087873780131e+08 2.029552235399834812e+08
6.620951462225563855e-01 4.532704871562842727e+08 2.019002426795891821e+08
6.670826731386124697e-01 4.466867314924055338e+08 2.004361542348548174e+08
6.720702001074717602e-01 4.302084091765867472e+08 1.986104652721471786e+08
6.770577271279670795e-01 4.038211191220511794e+08 1.965003400874060094e+08
6.820452541989658890e-01 3.677699914502958059e+08 1.942083144718467295e+08
6.870327813193682909e-01 3.225493011088603735e+08 1.918559498566259742e+08
6.920203084881060285e-01 2.688867219872112274e+08 1.895754221493411064e+08
6.970078357041413764e-01 2.077226650829815567e+08 1.874992708955186903e+08
7.019953629664664740e-01 1.401852481116723120e+08 1.857489067994828224e+08
7.069828902741016607e-01 6.756153260833796859e+07 1.844229329591226578e+08
7.119704176260943651e-01 -8.734263610347641632e+06 1.835867365202081501e+08
7.169579450215193273e-01 -8.719481695574513078e+07 1.832649556608052850e+08
7.219454724594762673e-01 -1.662552148628473878e+08 1.834381606775515079e+08
7.269329999390895525e-01 -2.443291262349318266e+08 1.840443992563834488e+08
7.319205274595077526e-01 -3.198448158690111637e+08 1.849853404004508257e+08
7.369080550199024193e-01 -3.912802144845668674e+08 1.861359273946561813e+08
7.418955826194673087e-01 -4.571962946064292192e+08 1.873559872884736657e+08
7.468831102574174929e-01 -5.162680571398988366e+08 1.885022279951300323e+08
7.518706379329892497e-01 -5.673125023307329416e+08 1.894393779240425825e+08
7.568581656454390627e-01 -6.093130399508121014e+08 1.900496886791346073e+08
7.618456933940425113e-01 -6.414398847769926786e+08 1.902404521063275337e+08
7.668332211780939378e-01 -6.630660823795332909e+08 1.899494824835077822e+08
7.718207489969062252e-01 -6.737789144225796461e+08 1.891486640663765073e+08
7.768082768498100199e-01 -6.733865395818513632e+08 1.878456900262489319e+08
7.817958047361527329e-01 -6.619198333064858913e+08 1.860840620780934989e+08
7.867833326552983175e-01 -6.396294945443710089e+08 1.839413204870461524e+08
7.917708606066273802e-01 -6.069785879369468689e+08 1.815253685144681633e+08
7.967583885895350715e-01 -5.646307837225459814e+08 1.789686846154127121e+08
8.017459166034320850e-01 -5.134346427852273583e+08 1.764202322785759270e+08
8.067334446477437693e-01 -4.544043693038178682e+08 1.740350438500466645e+08
8.117209727219093507e-01 -3.886975169519463778e+08 1.719618221729942560e+08
8.167085008253823775e-01 -3.175901855286419988e+08 1.703294650916835964e+08
8.216960289576287213e-01 -2.424502825709143281e+08 1.692340503149367571e+08
8.266835571181275766e-01 -1.647094485160999596e+08 1.687282680707568824e+08
8.316710853063710163e-01 -8.583425430968189240e+07 1.688152572111732066e+08
8.366586135218624376e-01 -7.297277251534793526e+06 1.694481288819253445e+08
8.416461417641176723e-01 6.945135509269501269e+07 1.705352993789834678e+08
8.466336700326639875e-01 1.430113910813220739e+08 1.719505319882207513e+08
8.516211983270388641e-01 2.120583283937228620e+08 1.735457774965859652e+08
8.566087266467917738e-01 2.753672603411766887e+08 1.751647378188767731e+08
8.615962549914814028e-01 3.318342776123524308e+08 1.766554626314547956e+08
8.665837833606774288e-01 3.804950714140940905e+08 1.778809351580398083e+08
8.715713117539596322e-01 4.205404523851934075e+08 1.787272258589158654e+08
8.765588401709160093e-01 4.513285713559035063e+08 1.791092319141896963e+08
8.815463686111453256e-01 4.723937012899682522e+08 1.789742459093002975e+08
8.865338970742548952e-01 4.834515129561066031e+08 1.783036538168785870e+08
8.915214255598600257e-01 4.844008484319046140e+08 1.771130149591413736e+08
8.965089540675857949e-01 4.753220650190377831e+08 1.754506798654648662e+08
9.014964825970653850e-01 4.564720862085149884e+08 1.733949939224450886e+08
9.064840111479389728e-01 4.282763548593645692e+08 1.710500429753065705e+08
9.114715397198557278e-01 3.913179357595590949e+08 1.685398480108229220e+08
9.164590683124720361e-01 3.463240594935632944e+08 1.660009417029188275e+08
9.214465969254520550e-01 2.941504364596068859e+08 1.635733957082801759e+08
9.264341255584663815e-01 2.357636986459843516e+08 1.613906383512433767e+08
9.314216542111933839e-01 1.722223472129867673e+08 1.595687904426723719e+08
9.364091828833184250e-01 1.046565961042768061e+08 1.581966614847656488e+08
9.413967115745327519e-01 3.424750603733214736e+07 1.573278208225573301e+08
9.463842402845346058e-01 -3.779420030138639361e+07 1.569760994209184051e+08
9.513717690130290006e-01 -1.102492616932955980e+08 1.571153924447574019e+08
9.563592977597260569e-01 -1.819105774298018217e+08 1.576838181437630653e+08
9.613468265243425570e-01 -2.516031418112035096e+08 1.585914229262995720e+08
9.663343553066010561e-01 -3.182029017723301053e+08 1.597300205689255595e+08
9.713218841062303266e-01 -3.806542571821040511e+08 1.609835907784633934e+08
9.763094129229632490e-01 -4.379859584599925876e+08 1.622379024883129597e+08
9.812969417565396979e-01 -4.893251935616049170e+08 1.633884883582123220e+08
9.862844706067037670e-01 -5.339096952884811163e+08 1.643465781142787337e+08
9.912719994732055451e-01 -5.710977394389343262e+08 1.650429700653706491e+08
9.962595283557990067e-01 -6.003759438165178299e+08 1.654300426075420380e+08
1.001247057254244233e+00 -6.213648168425033092e+08 1.654822020340838730e+08
1.006234586168305301e+00 -6.338220419022887945e+08 1.651950738492527902e+08
1.011222115097751173e+00 -6.376435190567128658e+08 1.645837140226208270e+08
1.016209644042354920e+00 -6.328622189549671412e+08 1.636800737629673481e+08
1.021197173001895608e+00 -6.196449343446513414e+08 1.625299132244765460e+08
1.026184701976153857e+00 -5.982870422339018583e+08 1.611893334705724716e+08
1.031172230964917613e+00 -5.692054143451473713e+08 1.597210834842124879e+08
1.036159759967976379e+00 -5.329296349058130383e+08 1.581907978674228191e+08
1.041147288985125208e+00 -4.900917029959470034e+08 1.566633264895293117e+08
1.046134818016162260e+00 -4.414144116583136916e+08 1.551993232273074389e+08
1.051122347060890139e+00 -3.876986077883430719e+08 1.538522595308021903e+08
1.056109876119114777e+00 -3.298095456015934348e+08 1.526660127066352069e+08
1.061097405190645881e+00 -2.686625522962141037e+08 1.516731440655128956e+08
1.066084934275296714e+00 -2.052082275499253273e+08 1.508939289194872081e+08
1.071072463372883643e+00 -1.404173988498891294e+08 1.503361354779277146e+08
1.076059992483227479e+00 -7.526605247245414555e+07 1.499954847439066470e+08
1.081047521606151030e+00 -1.072045537969467230e+07 1.498566720436471701e+08
1.086035050741481101e+00 5.227732352253643423e+07 1.498948034540748298e+08
1.091022579889048050e+00 1.128232932668324411e+08 1.500771011046532989e+08
1.096010109048684011e+00 1.700646333168258071e+08 1.503647562629097998e+08
1.100997638220225783e+00 2.232118230257250965e+08 1.507148483352711499e+08
1.105985167403511937e+00 2.715496471009660363e+08 1.510822891108466089e+08
1.110972696598383935e+00 3.144469325212689638e+08 1.514217838675215542e+08
1.115960225804686790e+00 3.513648903395136595e+08 1.516898174477536678e+08
1.120947755022267955e+00 3.818639552946063280e+08 1.518466718527478576e+08
1.125935284250977553e+00 4.056090369773655534e+08 1.518584638901053071e+08
1.130922813490668366e+00 4.223731183248075843e+08 1.516991607949322760e+08
1.135910342741195622e+00 4.320391602699363828e+08 1.513524931153575182e+08
1.140897872002417213e+00 4.346002952292093039e+08 1.508136418888366818e+08
1.145885401274193693e+00 4.301583165601764321e+08 1.500905353123952448e+08
1.150872930556387619e+00 4.189204958675195575e+08 1.492045532883847356e+08
1.155860459848864208e+00 4.011947847958392501e+08 1.481904129385212660e+08
1.160847989151490678e+00 3.773834823875675201e+08 1.470950046252135634e+08
1.165835518464137355e+00 3.479754728291233778e+08 1.459749810202519894e+08
1.170823047786675675e+00 3.135371611102437973e+08 1.448929892766483426e+08
1.175810577118979738e+00 2.747022553483476043e+08 1.439125935965438783e+08
1.180798106460926311e+00 2.321605639099185169e+08 1.430921635744308233e+08
1.185785635812393490e+00 1.866459925820680261e+08 1.424782755880101919e+08
1.190773165173261150e+00 1.389239415211268961e+08 1.420994266299072504e+08
1.195760694543412272e+00 8.977831318356840312e+07 1.419610019463031590e+08
1.200748223922731173e+00 3.999835058631414920e+07 1.420423869667492509e+08
1.205735753311103498e+00 -9.634470220511758700e+06 1.422968429202212691e+08
1.210723282708418003e+00 -5.835926888912089914e+07 1.426543325279230177e+08
1.215710812114564332e+00 -1.054480894160378128e+08 1.430270155177048743e+08
1.220698341529434350e+00 -1.502175147622931004e+08 1.433167723495505750e+08
1.225685870952921253e+00 -1.920393649371149838e+08 1.434239426608745456e+08
1.230673400384920457e+00 -2.303502914500421882e+08 1.432564824652052820e+08
1.235660929825329379e+00 -2.646601002434514165e+08 1.427388845504771769e+08
1.240648459274045878e+00 -2.945586579670511484e+08 1.418203792871169746e+08
1.245635988730970478e+00 -3.197212623711622357e+08 1.404820596016044319e+08
1.250623518196004813e+00 -3.399123862562843561e+08 1.387426021143084168e+08
1.255611047669052738e+00 -3.549877352728265524e+08 1.366621589139045477e+08
1.260598577150018551e+00 -3.648945923559846878e+08 1.343437659825358391e+08
1.265586106638808772e+00 -3.696704550379869938e+08 1.319312864843747169e+08
1.270573636135331475e+00 -3.694400056238944530e+08 1.296025908101164103e+08
1.275561165639495398e+00 -3.644104875281932354e+08 1.275566210322838128e+08
1.280548695151212168e+00 -3.548655932114753723e+08 1.259936001000155807e+08
1.285536224670393413e+00 -3.411579994101727605e+08 1.250893151750537157e+08
1.290523754196952311e+00 -3.237007130161188245e+08 1.249670438491255045e+08
1.295511283730804264e+00 -3.029574153691424727e+08 1.256732299257899821e+08
1.300498813271864673e+00 -2.794320132885338664e+08 1.271635989864966422e+08
1.305486342820051382e+00 -2.536576213570885956e+08 1.293038255353846699e+08
1.310473872375283122e+00 -2.261852113414086401e+08 1.318841063089032769e+08
1.315461401937479291e+00 -1.975721708855840862e+08 1.346428232755408883e+08
1.320448931506561285e+00 -1.683710145042177737e+08 1.372930841055896878e+08
1.325436461082451389e+00 -1.391184853658766448e+08 1.395472659804219902e+08
1.330423990665072775e+00 -1.103252764225538224e+08 1.411371572081649899e+08
1.335411520254350393e+00 -8.246658428692264855e+07 1.418293880873597264e+08
1.340399049850209634e+00 -5.597368917653102428e+07 1.414369990085482299e+08
1.345386579452577447e+00 -3.122672968246693164e+07 1.398283670022612512e+08
1.350374109061381667e+00 -8.548812584869259968e+06 1.369346830987084210e+08
1.355361638676551461e+00 1.179843386837757193e+07 1.327570452046588808e+08
1.360349168298016442e+00 2.961778920429468527e+07 1.273741529726393819e+08
1.365336697925707776e+00 4.477781458362404257e+07 1.209515575247701406e+08
1.370324227559557517e+00 5.721267039927843213e+07 1.137532186866179854e+08
1.375311757199498608e+00 6.692041369701768458e+07 1.061551174282273203e+08
1.380299286845465101e+00 7.395984757743391395e+07 9.865734104987761378e+07
1.385286816497391715e+00 7.844602892401988804e+07 9.188274057723066211e+07
1.390274346155214724e+00 8.054457235565890372e+07 8.653568453000950813e+07
1.395261875818870623e+00 8.046491629255644977e+07 8.328493015929004550e+07
1.400249405488297016e+00 7.845274087253957987e+07 8.256731725730367005e+07
1.405236935163432621e+00 7.478174639268060029e+07 8.440398858173647523e+07
1.410224464844216596e+00 6.974501464525054395e+07 8.837326095967254043e+07
1.415211994530589656e+00 6.364618341578851640e+07 9.376505200274093449e+07
1.420199524222492293e+00 5.679066652246602625e+07 9.978736264863121510e+07
1.425187053919866997e+00 4.947714776146113127e+07 1.057067711615385711e+08
1.430174583622656481e+00 4.198956740709251910e+07 1.109058691335208863e+08
1.435162113330804123e+00 3.458980434482706338e+07 1.148917541363434345e+08
1.440149643044254413e+00 2.751123637468503043e+07 1.172864642717906684e+08
1.445137172762952060e+00 2.095333566548022255e+07 1.178144870041773468e+08
1.450124702486843331e+00 1.507742714796763100e+07 1.162922129681258500e+08
1.455112232215874490e+00 1.000370471044919454e+07 1.126198649728756994e+08
1.460099761949993358e+00 5.809565374808204360e+06 1.067751266006689370e+08
1.465087291689147531e+00 2.529284707277471200e+06 9.880754536637826264e+07
1.470074821433285939e+00 1.550203938227506005e+05 8.883297564341729879e+07
1.475062351182357734e+00 -1.360906346934267785e+06 7.702756575248698890e+07
1.480049880936313622e+00 -2.102535476001505740e+06 6.362100238653582335e+07
1.485037410695103866e+00 -2.185717436258608475e+06 4.888888782602901757e+07
1.490024940458680058e+00 -1.752630960652266629e+06 3.314425595886096358e+07
1.495012470226994683e+00 -9.655473395845427876e+05 1.672837755204253085e+07
