# r [arcsec]	I [Jy/sr]	I_uncer [Jy/sr]
1.272617859314095550e-03 2.202570981920859070e+11 6.321470843559912682e+09
2.921189009106442414e-03 2.194969978943619690e+11 6.281557022543603897e+09
4.579495862547155495e-03 2.181343864005703735e+11 6.210275771849975586e+09
6.240002426697914550e-03 2.161772603259500122e+11 6.108466258940858841e+09
7.901343393063876494e-03 2.136374831337117615e+11 5.977360042337683678e+09
9.563088128690054243e-03 2.105304497743451538e+11 5.818552950642663956e+09
1.122505851373705593e-02 2.068749393659241638e+11 5.633990239858541489e+09
1.288716767388508287e-02 2.026929591337704468e+11 5.425951699946119308e+09
1.454936822595933807e-02 1.980095658861187744e+11 5.197036639138575554e+09
1.621163214106096165e-02 1.928526644033036194e+11 4.950149887833457947e+09
1.787394178310437384e-02 1.872527841536634827e+11 4.688490379026892662e+09
1.953628550253095827e-02 1.812428363220094604e+11 4.415544153161060333e+09
2.119865529577967186e-02 1.748578534114449463e+11 4.135083786621435165e+09
2.286104548286438387e-02 1.681347138624039307e+11 3.851176038529510975e+09
2.452345192144544592e-02 1.611118542698264160e+11 3.568198448961258411e+09
2.618587151961204035e-02 1.538289718821181641e+11 3.290862690490308285e+09
2.784830192283991451e-02 1.463267201371552124e+11 3.024235832477467060e+09
2.951074130657948408e-02 1.386464000320357971e+11 2.773737500998505592e+09
3.117318823511218417e-02 1.308296501348366699e+11 2.545068387650933266e+09
3.283564156322602012e-02 1.229181380288100128e+11 2.343995402572091103e+09
3.449810036628684490e-02 1.149532559327673798e+11 2.175898431456751823e+09
3.616056388957845924e-02 1.069758231668224640e+11 2.045019590963437796e+09
3.782303151098994481e-02 9.902579803130764771e+10 1.953507382797969103e+09
3.948550271312052662e-02 9.114200154009794617e+10 1.900593638093006372e+09
4.114797706214112089e-02 8.336185529943592834e+10 1.882371881873925447e+09
4.281045419157746001e-02 7.572113565169487000e+10 1.892412782258615494e+09
4.447293378972808769e-02 6.825374601256351471e+10 1.922964257883421183e+09
4.613541558980088775e-02 6.099150912219576263e+10 1.966196344387546301e+09
4.779789936210682849e-02 5.396398070867668915e+10 2.015083731770940065e+09
4.946038490782722619e-02 4.719828582820880890e+10 2.063833438385292530e+09
5.112287205399637657e-02 4.071897890363025665e+10 2.107971970032452583e+09
5.278536064943199074e-02 3.454792823401290131e+10 2.144248412438987970e+09
5.444785056141081270e-02 2.870422549600715256e+10 2.170468336436085224e+09
5.611034167293492414e-02 2.320412050512223816e+10 2.185320867077180386e+09
5.777283388046990098e-02 1.806098125506940460e+10 2.188224903253670692e+09
5.943532709206246489e-02 1.328527900827730560e+10 2.179201143144505978e+09
6.109782122576532665e-02 8.884597973358097076e+09 2.158768144729980946e+09
6.276031620831216962e-02 4.863668878037013054e+09 2.127857783514566183e+09
6.442281197399798987e-02 1.224425531134296656e+09 2.087744958000763178e+09
6.608530846372812073e-02 -2.033916733325878620e+09 2.039986626237236500e+09
6.774780562420743002e-02 -4.914762021080709457e+09 1.986365529272988796e+09
6.941030340724584080e-02 -7.424015709285883904e+09 1.928834043078739643e+09
7.107280176916151715e-02 -9.569948749667625427e+09 1.869453558342026711e+09
7.273530067026563739e-02 -1.136304617483798599e+10 1.810324913001915216e+09
7.439780007441634813e-02 -1.281584164512446594e+10 1.753506227326385498e+09
7.606029994863128252e-02 -1.394273995718857574e+10 1.700916714283550501e+09
7.772280026274960840e-02 -1.475982949758706474e+10 1.654229239340415001e+09
7.938530098913672284e-02 -1.528468666416453552e+10 1.614760463758489847e+09
8.104780210242505667e-02 -1.553617429601993179e+10 1.583373825645151615e+09
8.271030357928650656e-02 -1.553423614916806221e+10 1.560414401650132895e+09
8.437280539823126257e-02 -1.529968943061783409e+10 1.545692588236939430e+09
8.603530753943039455e-02 -1.485401735933531761e+10 1.538524418618178606e+09
8.769780998455847798e-02 -1.421916365947483253e+10 1.537822970126880407e+09
8.936031271665356712e-02 -1.341733081073542595e+10 1.542223397766535044e+09
9.102281571999285004e-02 -1.247078378403713036e+10 1.550218664385576487e+09
9.268531897998151525e-02 -1.140166087958144188e+10 1.560285245218470335e+09
9.434782248305331742e-02 -1.023179316038951111e+10 1.570985330855343103e+09
9.601032621658157906e-02 -8.982533839374361038e+09 1.581040321447742701e+09
9.767283016879922675e-02 -7.674598833734182358e+09 1.589376769098574877e+09
9.933533432872686253e-02 -6.327919548826790810e+09 1.595149402589658737e+09
1.009978386861079547e-01 -4.961508796560682297e+09 1.597746894989979267e+09
1.026603432313502873e-01 -3.593340592613779545e+09 1.596785563789448738e+09
1.043228479554730720e-01 -2.240244414312422276e+09 1.592095083603723288e+09
1.059853528500589448e-01 -9.178143385380983353e+08 1.583699091448308706e+09
1.076478579072105424e-01 3.596666816565245986e+08 1.571792537999224663e+09
1.093103631195108394e-01 1.579287300330143213e+09 1.556716867764397144e+09
1.109728684799872744e-01 2.729553072810832024e+09 1.538933591851184845e+09
1.126353739820789568e-01 3.800416757687502384e+09 1.518996516450922728e+09
1.142978796196066349e-01 4.783293961958385468e+09 1.497522776983210325e+09
1.159603853867454265e-01 5.671064594187693596e+09 1.475162880188150406e+09
1.176228912779997832e-01 6.458060710256731987e+09 1.452570156998574972e+09
1.192853972881804531e-01 7.140041445334817886e+09 1.430370352517696381e+09
1.209479034123834701e-01 7.714155823370451927e+09 1.409132477502979279e+09
1.226104096459709192e-01 8.178894321117585182e+09 1.389342435998982668e+09
1.242729159845529646e-01 8.534030137111526489e+09 1.371381211717376947e+09
1.259354224239715991e-01 8.780551176823034286e+09 1.355509417322514057e+09
1.275979289602855449e-01 8.920583813330892563e+09 1.341859694293625593e+09
1.292604355897561952e-01 8.957309518360792160e+09 1.330437784765769720e+09
1.309229423088349165e-01 8.894875481541423798e+09 1.321132176685245275e+09
1.325854491141509606e-01 8.738300346593311310e+09 1.313731238735113144e+09
1.342479560025006402e-01 8.493376192269384384e+09 1.307945934669576883e+09
1.359104629708369483e-01 8.166567873746990204e+09 1.303435715875191212e+09
1.375729700162601765e-01 7.764910817444177628e+09 1.299835109823084354e+09
1.392354771360091448e-01 7.295908329592545509e+09 1.296778807480772257e+09
1.408979843274529020e-01 6.767429437126221657e+09 1.293923578859857321e+09
1.425604915880832879e-01 6.187608229364348412e+09 1.290965960727258205e+09
1.442229989155077718e-01 5.564745611452124596e+09 1.287655236001813650e+09
1.458855063074428748e-01 4.907214316491067886e+09 1.283801682568929434e+09
1.475480137617080634e-01 4.223367953692663193e+09 1.279280384082948208e+09
1.492105212762198374e-01 3.521454795629328251e+09 1.274031078842945099e+09
1.508730288489867621e-01 2.809536929745289803e+09 1.268054607265115023e+09
1.525355364781040279e-01 2.095415318616841793e+09 1.261406541114026070e+09
1.541980441617490649e-01 1.386561230977905989e+09 1.254188571318962336e+09
1.558605518981770188e-01 6.900544221124267578e+08 1.246538219625334024e+09
1.575230596857167542e-01 1.252835877946833894e+07 1.238617435942498446e+09
1.591855675227668576e-01 -6.398772988679903746e+08 1.230600651608724117e+09
1.608480754077921959e-01 -1.261556827041931391e+09 1.222662873930090666e+09
1.625105833393203636e-01 -1.847471127302625656e+09 1.214968417798477888e+09
1.641730913159387406e-01 -2.393172998262731552e+09 1.207660860759081125e+09
1.658355993362912173e-01 -2.894825085893941402e+09 1.200854763450488329e+09
1.674981073990755853e-01 -3.349210676642164230e+09 1.194629607091815710e+09
1.691606155030408176e-01 -3.753737561294716358e+09 1.189026261164806604e+09
1.708231236469845982e-01 -4.106435256310969830e+09 1.184046115847571850e+09
1.724856318297508795e-01 -4.405945922755616188e+09 1.179652813530955791e+09
1.741481400502279120e-01 -4.651509370801897049e+09 1.175776317075981855e+09
1.758106483073458848e-01 -4.842942579746546745e+09 1.172318885510892630e+09
1.774731566000750660e-01 -4.980614199491683960e+09 1.169162411569830894e+09
1.791356649274240265e-01 -5.065414529357433319e+09 1.166176521020209789e+09
1.807981732884377246e-01 -5.098721493899758339e+09 1.163226840900553226e+09
1.824606816821959798e-01 -5.082363153123687744e+09 1.160182902570091724e+09
1.841231901078118072e-01 -5.018577296177266121e+09 1.156925239754542351e+09
1.857856985644300296e-01 -4.909968673431154251e+09 1.153351353793386936e+09
1.874482070512257237e-01 -4.759464421948023796e+09 1.149380332354094267e+09
1.891107155674030538e-01 -4.570268233961765289e+09 1.144956012594210386e+09
1.907732241121938566e-01 -4.345813807360265732e+09 1.140048668690608501e+09
1.924357326848565586e-01 -4.089718101617877960e+09 1.134655274828231573e+09
1.940982412846749550e-01 -3.805734902451345444e+09 1.128798449319296598e+09
1.957607499109572380e-01 -3.497709174070995331e+09 1.122524226496397257e+09
1.974232585630348313e-01 -3.169532649613512039e+09 1.115898833889206171e+09
1.990857672402615297e-01 -2.825101078609852314e+09 1.109004676012251377e+09
2.007482759420124996e-01 -2.468273515558978081e+09 1.101935744874515772e+09
2.024107846676835298e-01 -2.102833996299669504e+09 1.094792691672361851e+09
2.040732934166899215e-01 -1.732455909324935913e+09 1.087677803276640654e+09
2.057358021884660160e-01 -1.360669327939639807e+09 1.080690129140854836e+09
2.073983109824642512e-01 -9.908315266517395973e+08 1.073920996572556496e+09
2.090608197981545235e-01 -6.261008618855029345e+08 1.067450132441385508e+09
2.107233286350234380e-01 -2.694141534428579211e+08 1.061342575732179403e+09
2.123858374925735870e-01 7.653234043606516719e+07 1.055646517921336889e+09
2.140483463703231337e-01 4.092983046178579926e+08 1.050392149118032694e+09
2.157108552678049240e-01 7.267110975708175898e+08 1.045591521552005768e+09
2.173733641845664311e-01 1.026873863953577399e+09 1.041239374323883057e+09
2.190358731201685061e-01 1.308170101559778690e+09 1.037314801089268446e+09
2.206983820741854618e-01 1.569264791935515642e+09 1.033783591870962977e+09
2.223608910462041566e-01 1.809102238671720266e+09 1.030601046281740069e+09
2.240234000358239386e-01 2.026900789386982203e+09 1.027715040607299328e+09
2.256859090426557024e-01 2.222144646491224289e+09 1.025069135392251134e+09
2.273484180663219723e-01 2.394572997724711418e+09 1.022605531057217956e+09
2.290109271064561247e-01 2.544166720005828381e+09 1.020267712680778861e+09
2.306734361627020280e-01 2.671132929129628181e+09 1.018002666661080718e+09
2.323359452347137921e-01 2.775887663215326309e+09 1.015762596760605931e+09
2.339984543221555469e-01 2.859036999420407772e+09 1.013506110876888514e+09
2.356609634247005536e-01 2.921356911270919323e+09 1.011198889540520310e+09
2.373234725420314828e-01 2.963772178007621765e+09 1.008813880388728380e+09
2.389859816738397480e-01 2.987334657626391888e+09 1.006331088427042484e+09
2.406484908198254224e-01 2.993201231896129608e+09 1.003737049228266597e+09
2.423109999796965175e-01 2.982611724660026073e+09 1.001024081377352118e+09
2.439735091531692601e-01 2.956867084316077232e+09 9.981894158868027925e+08
2.456360183399674824e-01 2.917308107717475891e+09 9.952342947307276726e+08
2.472985275398224547e-01 2.865294966047439575e+09 9.921631190619611740e+08
2.489610367524725254e-01 2.802187773742716789e+09 9.889827112681717873e+08
2.506235459776631203e-01 2.729328419558994770e+09 9.857017351707018614e+08
2.522860552151463542e-01 2.648023854669600964e+09 9.823302968997932673e+08
2.539485644646808371e-01 2.559531006610956192e+09 9.788797268900729418e+08
2.556110737260313126e-01 2.465043460258921623e+09 9.753625226589626074e+08
2.572735829989687417e-01 2.365680018210153103e+09 9.717924140738626719e+08
2.589360922832700251e-01 2.262475223311515331e+09 9.681844989985138178e+08
2.605986015787175591e-01 2.156371896017717361e+09 9.645553885758991241e+08
2.622611108850994577e-01 2.048215709126666069e+09 9.609232986116867065e+08
2.639236202022091082e-01 1.938751792635488749e+09 9.573080268351675272e+08
2.655861295298450053e-01 1.828623332343846560e+09 9.537307650829155445e+08
2.672486388678106950e-01 1.718372097771856308e+09 9.502137100733877420e+08
2.689111482159146083e-01 1.608440808299172878e+09 9.467794554620134830e+08
2.705736575739698391e-01 1.499177221514370203e+09 9.434501699182218313e+08
2.722361669417941443e-01 1.390839804874909878e+09 9.402465893877952099e+08
2.738986763192096108e-01 1.283604831229384899e+09 9.371868745727839470e+08
2.755611857060425440e-01 1.177574720761787653e+09 9.342854049261561632e+08
2.772236951021236906e-01 1.072787436737269402e+09 9.315515960838210583e+08
2.788862045072874607e-01 9.692267302076375484e+08 9.289888368318911791e+08
2.805487139213725944e-01 8.668330197561950684e+08 9.265936430711518526e+08
2.822112233442213292e-01 7.655146864757057428e+08 9.243551190928269625e+08
2.838737327756796214e-01 6.651595618144472837e+08 9.222548009548814297e+08
2.855362422155972579e-01 5.656463866274913549e+08 9.202669338460965157e+08
2.871987516638271343e-01 4.668560237919558287e+08 9.183592068852120638e+08
2.888612611202258651e-01 3.686822139427745938e+08 9.164939372156034708e+08
2.905237705846532292e-01 2.710416742105320096e+08 9.146296632461659908e+08
2.921862800569720031e-01 1.738833530910997689e+08 9.127230770663883686e+08
2.938487895370484604e-01 7.719667058733968437e+07 9.107312006640444994e+08
2.955112990247516502e-01 -1.898140871338671073e+07 9.086136912159868479e+08
2.971738085199533974e-01 -1.145606011844690591e+08 9.063351482863445282e+08
2.988363180225286353e-01 -2.093929371668941677e+08 9.038672905014417171e+08
3.004988275323551283e-01 -3.032698859208109379e+08 9.011908709093242884e+08
3.021613370493130279e-01 -3.959210313930351138e+08 8.982972082376911640e+08
3.038238465732852611e-01 -4.870143311486073136e+08 8.951892250526901484e+08
3.054863561041573639e-01 -5.761579637870162725e+08 8.918819029569903612e+08
3.071488656418173702e-01 -6.629037430090069771e+08 8.884020891886578798e+08
3.088113751861554790e-01 -7.467520496408030987e+08 8.847876182520532608e+08
3.104738847370644983e-01 -8.271582067216742039e+08 8.810857464569672346e+08
3.121363942944395120e-01 -9.035401976550890207e+08 8.773509361609439850e+08
3.137989038581776025e-01 -9.752876037423125505e+08 8.736420691766167879e+08
3.154614134281782389e-01 -1.041771615562779069e+09 8.700192133663058281e+08
3.171239230043430002e-01 -1.102355952941145897e+09 8.665401098750808239e+08
3.187864325865753523e-01 -1.156408510986181259e+09 8.632565865649669170e+08
3.204489421747808708e-01 -1.203313535138157368e+09 8.602111309751429558e+08
3.221114517688670742e-01 -1.242484116609376669e+09 8.574338684150978327e+08
3.237739613687434237e-01 -1.273374791179621696e+09 8.549401833258458376e+08
3.254364709743211015e-01 -1.295494019238770247e+09 8.527291925598461628e+08
3.270989805855132326e-01 -1.308416323287350893e+09 8.507832283608936071e+08
3.287614902022346075e-01 -1.311793860933159113e+09 8.490684204199050665e+08
3.304239998244018484e-01 -1.305367216712686062e+09 8.475363871749739647e+08
3.320865094519330207e-01 -1.288975204815467596e+09 8.461269649331824780e+08
3.337490190847480775e-01 -1.262563486873240232e+09 8.447718279905711412e+08
3.354115287227684150e-01 -1.226191824269820452e+09 8.433987908034390211e+08
3.370740383659170392e-01 -1.180039802724220753e+09 8.419365388339011669e+08
3.387365480141183438e-01 -1.124410887968566656e+09 8.403195092631034851e+08
3.403990576672984991e-01 -1.059734694893553972e+09 8.384926348717259169e+08
3.420615673253846745e-01 -9.865673782551937103e+08 8.364156707049823999e+08
3.437240769883058711e-01 -9.055900805532653332e+08 8.340668397736618519e+08
3.453865866559921449e-01 -8.176054016428784132e+08 8.314455576989140511e+08
3.470490963283750507e-01 -7.235318845786659718e+08 8.285740251673728228e+08
3.487116060053874755e-01 -6.243965427170498371e+08 8.254975117117049694e+08
3.503741156869634166e-01 -5.213254837494542599e+08 8.222831971927341223e+08
3.520366253730383144e-01 -4.155327166577280164e+08 8.190174926007472277e+08
3.536991350635486642e-01 -3.083072571285730004e+08 8.158018341234873533e+08
3.553616447584322380e-01 -2.009986752817869782e+08 8.127470373817280531e+08
3.570241544576279180e-01 -9.500125621643829346e+07 8.099664124818358421e+08
3.586866641610758633e-01 8.263031534389808774e+06 8.075679696119277477e+08
3.603491738687170098e-01 1.073625424495050758e+08 8.056461765975530148e+08
3.620116835804937372e-01 2.008746988810344636e+08 8.042738442998402119e+08
3.636741932963493684e-01 2.874052217294068933e+08 8.034947887737325430e+08
3.653367030162280593e-01 3.656075816101367474e+08 8.033179276862890720e+08
3.669992127400752979e-01 4.342023961790252924e+08 8.037133980504897833e+08
3.686617224678372939e-01 4.919964940771705508e+08 8.046111332306419611e+08
3.703242321994613118e-01 5.379013647809826136e+08 8.059021274124305248e+08
3.719867419348956150e-01 5.709507164781367779e+08 8.074423779770596027e+08
3.736492516740893000e-01 5.903168710498454571e+08 8.090592695340366364e+08
3.753117614169925176e-01 5.953257361864624023e+08 8.105599825813192129e+08
3.769742711635561405e-01 5.854701095952819586e+08 8.117413965915851593e+08
3.786367809137318741e-01 5.604210889251413345e+08 8.124009162754601240e+08
3.802992906674724227e-01 5.200373833009889722e+08 8.123476697188495398e+08
3.819618004247312126e-01 4.643723478998075724e+08 8.114135867135045528e+08
3.836243101854625026e-01 3.936785915435304046e+08 8.094639401063647270e+08
3.852868199496213841e-01 3.084100384118063450e+08 8.064069995622117519e+08
3.869493297171635593e-01 2.092213583536044359e+08 8.022024880816153288e+08
3.886118394880457849e-01 9.696471536761532724e+07 7.968685354136307240e+08
3.902743492622252064e-01 -2.731617974629414082e+07 7.904867838750880957e+08
3.919368590396599683e-01 -1.623946893944845796e+08 7.832052224780614376e+08
3.935993688203087704e-01 -3.068724811916272640e+08 7.752382150362353325e+08
3.952618786041311449e-01 -4.591932741094318628e+08 7.668630708144085407e+08
3.969243883910870685e-01 -6.176589644682271481e+08 7.584124255816804171e+08
3.985868981811374612e-01 -7.804479623857054710e+08 7.502617242054272890e+08
4.002494079742436872e-01 -9.456355359727193117e+08 7.428113119227834940e+08
4.019119177703678880e-01 -1.111215929637197971e+09 7.364631395115865469e+08
4.035744275694727046e-01 -1.275125994633237600e+09 7.315929118600125313e+08
4.052369373715214440e-01 -1.435270045075454473e+09 7.285195931392201185e+08
4.068994471764781906e-01 -1.589545631249765873e+09 7.274752933456224203e+08
4.085619569843071952e-01 -1.735869904704736471e+09 7.285793189145375490e+08
4.102244667949735413e-01 -1.872206236439837694e+09 7.318201721752289534e+08
4.118869766084432005e-01 -1.996590740896747112e+09 7.370483243995695114e+08
4.135494864246819224e-01 -2.107158354458085537e+09 7.439808319493718147e+08
4.152119962436567890e-01 -2.202168117996592999e+09 7.522168402223520279e+08
4.168745060653349932e-01 -2.280027318608322144e+09 7.612613715645009279e+08
4.185370158896842829e-01 -2.339314156150594711e+09 7.705539716564044952e+08
4.201995257166728504e-01 -2.378798615291997433e+09 7.794988691423771381e+08
4.218620355462696647e-01 -2.397461243545300961e+09 7.874940335606021881e+08
4.235245453784438063e-01 -2.394509559722717285e+09 7.939575133152700663e+08
4.251870552131651881e-01 -2.369391845386327744e+09 7.983503731372176409e+08
4.268495650504041117e-01 -2.321808103568223476e+09 8.001962523223998547e+08
4.285120748901312115e-01 -2.251718004154128075e+09 7.990979946296138763e+08
4.301745847323175664e-01 -2.159345673152076244e+09 7.947520060014173985e+08
4.318370945769347546e-01 -2.045181223358088493e+09 7.869610526055939198e+08
4.334996044239549096e-01 -1.909978965896753311e+09 7.756461841176165342e+08
4.351621142733504422e-01 -1.754752285455742836e+09 7.608583918910841942e+08
4.368246241250944295e-01 -1.580765205865375042e+09 7.427904865748771429e+08
4.384871339791597822e-01 -1.389520716735565901e+09 7.217894541602660418e+08
4.401496438355204099e-01 -1.182745975159391880e+09 6.983691056665627956e+08
4.418121536941504446e-01 -9.623745388579673767e+08 6.732219629851112366e+08
4.434746635550242400e-01 -7.305258274955041409e+08 6.472277038915374279e+08
4.451371734181167605e-01 -4.894820472120563388e+08 6.214527643373769522e+08
4.467996832834031928e-01 -2.416628485548173189e+08 5.971317743831298351e+08
4.484621931508591675e-01 1.040197989376871288e+07 5.756173484791824818e+08
4.501247030204606481e-01 2.641014519879399538e+08 5.582836309292721748e+08
4.517872128921838204e-01 5.167736043077806830e+08 5.463769589714697599e+08
4.534497227660054253e-01 7.657366229341620207e+08 5.408292542772686481e+08
4.551122326419027031e-01 1.008320488727731109e+09 5.420809553979758024e+08
4.567747425198525613e-01 1.241898744101787090e+09 5.499779007140258551e+08
4.584372523998329063e-01 1.463919979922935724e+09 5.637861293088046312e+08
4.600997622818217003e-01 1.671938642784921169e+09 5.823159342898819447e+08
4.617622721657972384e-01 1.863644769133801937e+09 6.041010590088143349e+08
4.634247820517383154e-01 2.036892265008426189e+09 6.275719575324565172e+08
4.650872919396236149e-01 2.189725366679873943e+09 6.511866641788585186e+08
4.667498018294323758e-01 2.320402939892505646e+09 6.735121393224829435e+08
4.684123117211442255e-01 2.427420301317111492e+09 6.932660431447964907e+08
4.700748216147389580e-01 2.509528277296257973e+09 7.093331030078893900e+08
4.717373315101965336e-01 2.565749248816677094e+09 7.207677165826442242e+08
4.733998414074974126e-01 2.595389970605339050e+09 7.267902974014589787e+08
4.750623513066224435e-01 2.598050992118470669e+09 7.267814437163919210e+08
4.767248612075521974e-01 2.573632552734425068e+09 7.202757883045330048e+08
4.783873711102680226e-01 2.522336867015144825e+09 7.069561412881932259e+08
4.800498810147514894e-01 2.444666763904166222e+09 6.866479260604010820e+08
4.817123909209840571e-01 2.341420688274912834e+09 6.593136543591187000e+08
4.833749008289477955e-01 2.213684122621051311e+09 6.250471212358322144e+08
4.850374107386249412e-01 2.062817529174806595e+09 5.840670214613326788e+08
4.866999206499977859e-01 1.890440961762447357e+09 5.367097500536465645e+08
4.883624305630492324e-01 1.698415533552279234e+09 4.834212183333857656e+08
4.900249404777619611e-01 1.488821974897106409e+09 4.247475912665811777e+08
4.916874503941192631e-01 1.263936541403962851e+09 3.613249141141621470e+08
4.933499603121045407e-01 1.026204582435348749e+09 2.938676645683552027e+08
4.950124702317013070e-01 7.782120831386600733e+08 2.231563198639324307e+08
4.966749801528934083e-01 5.226555661920258999e+08 1.500241796637573540e+08
4.983374900756649684e-01 2.623106391909106374e+08 7.534461470257535577e+07
