# r [arcsec]	I [Jy/sr]	I_uncer [Jy/sr]
1.272617859314095550e-03 -1.294716451369608307e+10 1.807204583548656940e+09
2.921189009106442414e-03 -1.292053841291554260e+10 1.804074345127992868e+09
4.579495862547155495e-03 -1.287265897568187904e+10 1.798530738127189398e+09
6.240002426697914550e-03 -1.280355493663125420e+10 1.790565865374082804e+09
7.901343393063876494e-03 -1.271328192672131538e+10 1.780202404120744228e+09
9.563088128690054243e-03 -1.260191418753373909e+10 1.767475266053434134e+09
1.122505851373705593e-02 -1.246954386498778152e+10 1.752428737463485003e+09
1.288716767388508287e-02 -1.231628095811194420e+10 1.735115703262391567e+09
1.454936822595933807e-02 -1.214225339061383629e+10 1.715597275257280827e+09
1.621163214106096165e-02 -1.194760712244742584e+10 1.693942522135049343e+09
1.787394178310437384e-02 -1.173250628177293015e+10 1.670228226157914400e+09
1.953628550253095827e-02 -1.149713331048908043e+10 1.644538643992109299e+09
2.119865529577967186e-02 -1.124168911970951843e+10 1.616965264901669025e+09
2.286104548286438387e-02 -1.096639325245354462e+10 1.587606565425216675e+09
2.452345192144544592e-02 -1.067148405101890373e+10 1.556567762212216377e+09
2.618587151961204035e-02 -1.035721882652543259e+10 1.523960565962870598e+09
2.784830192283991451e-02 -1.002387402800641251e+10 1.489902940101498365e+09
2.951074130657948408e-02 -9.671745408412994385e+09 1.454518868211830139e+09
3.117318823511218417e-02 -9.301148184720897675e+09 1.417938134462566614e+09
3.283564156322602012e-02 -8.912417189327264786e+09 1.380296121273276567e+09
3.449810036628684490e-02 -8.505907009805972099e+09 1.341733628289700031e+09
3.616056388957845924e-02 -8.081992114087606430e+09 1.302396716270573139e+09
3.782303151098994481e-02 -7.641066958045841217e+09 1.262436578626607180e+09
3.948550271312052662e-02 -7.183546072514092445e+09 1.222009441936053991e+09
4.114797706214112089e-02 -6.709864126704259872e+09 1.181276494545911074e+09
4.281045419157746001e-02 -6.220475965059014320e+09 1.140403839070194244e+09
4.447293378972808769e-02 -5.715856614591306686e+09 1.099562459796983719e+09
4.613541558980088775e-02 -5.196501259812240601e+09 1.058928189235313177e+09
4.779789936210682849e-02 -4.662925182446696281e+09 1.018681648680007100e+09
4.946038490782722619e-02 -4.115663663198070049e+09 9.790081251244409084e+08
5.112287205399637657e-02 -3.555271842958743095e+09 9.400973305491743088e+08
5.278536064943199074e-02 -2.982324540969307423e+09 9.021429692829478979e+08
5.444785056141081270e-02 -2.397416027580827236e+09 8.653420151487913132e+08
5.611034167293492414e-02 -1.801159749432010412e+09 8.298935740755516291e+08
5.777283388046990098e-02 -1.194188005018062115e+09 7.959971833997945786e+08
5.943532709206246489e-02 -5.771515688273299932e+08 7.638503827569823265e+08
6.109782122576532665e-02 4.928073759030573815e+07 7.336453934458317757e+08
6.276031620831216962e-02 6.844225290421563387e+08 7.055647771439071894e+08
6.442281197399798987e-02 1.327570395780749321e+09 6.797760260652378798e+08
6.608530846372812073e-02 1.978004499240124226e+09 6.564251769068634510e+08
6.774780562420743002e-02 2.634989225112223625e+09 6.356297404171442986e+08
6.941030340724584080e-02 3.297773894245522499e+09 6.174714758309280872e+08
7.107280176916151715e-02 3.965593531556717873e+09 6.019897653771959543e+08
7.273530067026563739e-02 4.637669692895268440e+09 5.891764853363671303e+08
7.439780007441634813e-02 5.313211349539831161e+09 5.789732504125866890e+08
7.606029994863128252e-02 5.991415829705656052e+09 5.712716827537457943e+08
7.772280026274960840e-02 6.671469816202713013e+09 5.659169454126672745e+08
7.938530098913672284e-02 7.352550399080018997e+09 5.627142748763512373e+08
8.104780210242505667e-02 8.033826181834976196e+09 5.614377850485571623e+08
8.271030357928650656e-02 8.714458439492265701e+09 5.618405209845043421e+08
8.437280539823126257e-02 9.393602326579668045e+09 5.636646774409683943e+08
8.603530753943039455e-02 1.007040813278457832e+10 5.666510468422815800e+08
8.769780998455847798e-02 1.074402258379391098e+10 5.705470454755661488e+08
8.936031271665356712e-02 1.141359018459719276e+10 5.751129890619889498e+08
9.102281571999285004e-02 1.207825460226821709e+10 5.801265713697444201e+08
9.268531897998151525e-02 1.273716008503377914e+10 5.853857005232751369e+08
9.434782248305331742e-02 1.338945291419795227e+10 5.907099598074786663e+08
9.601032621658157906e-02 1.403428288530355263e+10 5.959409978849775791e+08
9.767283016879922675e-02 1.467080481470458603e+10 6.009421409547797441e+08
9.933533432872686253e-02 1.529818006755245972e+10 6.055974791666822433e+08
1.009978386861079547e-01 1.591557810303549767e+10 6.098106288862234354e+08
1.026603432313502873e-01 1.652217803256514359e+10 6.135033222131594419e+08
1.043228479554730720e-01 1.711717018646109581e+10 6.166139312743476629e+08
1.059853528500589448e-01 1.769975768460086823e+10 6.190959993863028288e+08
1.076478579072105424e-01 1.826915800636672211e+10 6.209168242048671246e+08
1.093103631195108394e-01 1.882460455519530869e+10 6.220561183845980167e+08
1.109728684799872744e-01 1.936534821292468262e+10 6.225047596287651062e+08
1.126353739820789568e-01 1.989065887915260696e+10 6.222636329081075191e+08
1.142978796196066349e-01 2.039982699075239563e+10 6.213425618366576433e+08
1.159603853867454265e-01 2.089216501673267746e+10 6.197593227404775620e+08
1.176228912779997832e-01 2.136700892362610245e+10 6.175387330939234495e+08
1.192853972881804531e-01 2.182371960664791107e+10 6.147118051923043728e+08
1.209479034123834701e-01 2.226168428191840744e+10 6.113149557980352640e+08
1.226104096459709192e-01 2.268031783513640976e+10 6.073892627892833948e+08
1.242729159845529646e-01 2.307906412216397095e+10 6.029797603890067339e+08
1.259354224239715991e-01 2.345739721714878464e+10 5.981347652647603750e+08
1.275979289602855449e-01 2.381482260388806152e+10 5.929052266135156155e+08
1.292604355897561952e-01 2.415087830634825516e+10 5.873440942651557922e+08
1.309229423088349165e-01 2.446513595438552475e+10 5.815056998581367731e+08
1.325854491141509606e-01 2.475720178092327499e+10 5.754451472732301950e+08
1.342479560025006402e-01 2.502671754703026199e+10 5.692177097813909054e+08
1.359104629708369483e-01 2.527336139157186890e+10 5.628782327845598459e+08
1.375729700162601765e-01 2.549684860233681107e+10 5.564805426069580317e+08
1.392354771360091448e-01 2.569693230576449585e+10 5.500768635220142603e+08
1.408979843274529020e-01 2.587340407269029236e+10 5.437172470369411707e+08
1.425604915880832879e-01 2.602609443775249481e+10 5.374490193373459578e+08
1.442229989155077718e-01 2.615487333040325928e+10 5.313162546190729737e+08
1.458855063074428748e-01 2.625965041574256516e+10 5.253592836763988137e+08
1.475480137617080634e-01 2.634037534367486191e+10 5.196142484197147489e+08
1.492105212762198374e-01 2.639703790520011139e+10 5.141127138008034229e+08
1.508730288489867621e-01 2.642966809492970276e+10 5.088813487734368443e+08
1.525355364781040279e-01 2.643833607923319626e+10 5.039416872918991446e+08
1.541980441617490649e-01 2.642315206973667526e+10 4.993099788785500526e+08
1.558605518981770188e-01 2.638426610217041779e+10 4.949971359834802747e+08
1.575230596857167542e-01 2.632186772088711929e+10 4.910087823115724325e+08
1.591855675227668576e-01 2.623618556969229889e+10 4.873454026863917708e+08
1.608480754077921959e-01 2.612748688988462067e+10 4.840025911149114370e+08
1.625105833393203636e-01 2.599607692674338913e+10 4.809713898165037632e+08
1.641730913159387406e-01 2.584229824596999741e+10 4.782387083992886543e+08
1.658355993362912173e-01 2.566652996187950134e+10 4.757878093916457295e+08
1.674981073990755853e-01 2.546918687942146683e+10 4.735988441880075932e+08
1.691606155030408176e-01 2.525071855236819839e+10 4.716494222780637741e+08
1.708231236469845982e-01 2.501160826027968979e+10 4.699151964262260795e+08
1.724856318297508795e-01 2.475237190710160065e+10 4.683704471894665956e+08
1.741481400502279120e-01 2.447355684448575974e+10 4.669886516612757444e+08
1.758106483073458848e-01 2.417574062315030670e+10 4.657430234133613110e+08
1.774731566000750660e-01 2.385952967582280350e+10 4.646070130519593954e+08
1.791356649274240265e-01 2.352555793549656296e+10 4.635547614018079638e+08
1.807981732884377246e-01 2.317448539291011047e+10 4.625614998841662407e+08
1.824606816821959798e-01 2.280699659736297226e+10 4.616038950198473334e+08
1.841231901078118072e-01 2.242379910509682846e+10 4.606603360571931601e+08
1.857856985644300296e-01 2.202562187964267731e+10 4.597111664410454035e+08
1.874482070512257237e-01 2.161321364864325714e+10 4.587388611807283163e+08
1.891107155674030538e-01 2.118734122177841568e+10 4.577281531565770507e+08
1.907732241121938566e-01 2.074878777450210190e+10 4.566661120558810830e+08
1.924357326848565586e-01 2.029835110238649368e+10 4.555421800020891428e+08
1.940982412846749550e-01 1.983684185092045212e+10 4.543481680829046965e+08
1.957607499109572380e-01 1.936508172565475845e+10 4.530782179543907642e+08
1.974232585630348313e-01 1.888390168760785294e+10 4.517287325414864421e+08
1.990857672402615297e-01 1.839414013886370468e+10 4.502982796233274341e+08
2.007482759420124996e-01 1.789664110327246094e+10 4.487874718142295480e+08
2.024107846676835298e-01 1.739225240715436935e+10 4.471988261644490361e+08
2.040732934166899215e-01 1.688182386485940933e+10 4.455366063287932873e+08
2.057358021884660160e-01 1.636620547398330307e+10 4.438066500047059655e+08
2.073983109824642512e-01 1.584624562497048759e+10 4.420161841352377534e+08
2.090608197981545235e-01 1.532278932974622726e+10 4.401736302151416540e+08
2.107233286350234380e-01 1.479667647393608665e+10 4.382884019298540950e+08
2.123858374925735870e-01 1.426874009709055328e+10 4.363706972997979522e+08
2.140483463703231337e-01 1.373980470524228668e+10 4.344312874896797538e+08
2.157108552678049240e-01 1.321068461995618057e+10 4.324813044680578113e+08
2.173733641845664311e-01 1.268218236790365791e+10 4.305320297569476366e+08
2.190358731201685061e-01 1.215508711482031441e+10 4.285946865819083452e+08
2.206983820741854618e-01 1.163017314754558945e+10 4.266802378069025278e+08
2.223608910462041566e-01 1.110819840765402794e+10 4.247991920999066234e+08
2.240234000358239386e-01 1.058990308001021576e+10 4.229614208092469573e+08
2.256859090426557024e-01 1.007600823937067413e+10 4.211759880229817033e+08
2.273484180663219723e-01 9.567214557970928192e+09 4.194509962196009755e+08
2.290109271064561247e-01 9.064201076802207947e+09 4.177934497882884145e+08
2.306734361627020280e-01 8.567624043096738815e+09 4.162091384941776395e+08
2.323359452347137921e-01 8.078115816291306496e+09 4.147025426846920252e+08
2.339984543221555469e-01 7.596283844544399261e+09 4.132767616817674637e+08
2.356609634247005536e-01 7.122709713630442619e+09 4.119334663887094259e+08
2.373234725420314828e-01 6.657948269827495575e+09 4.106728766730738878e+08
2.389859816738397480e-01 6.202526818170413017e+09 4.094937635867816210e+08
2.406484908198254224e-01 5.756944397223472595e+09 4.083934759711647034e+08
2.423109999796965175e-01 5.321671131282905579e+09 4.073679904922991991e+08
2.439735091531692601e-01 4.897147660708054543e+09 4.064119836811169386e+08
2.456360183399674824e-01 4.483784650835103035e+09 4.055189241348821521e+08
2.472985275398224547e-01 4.081962379716916561e+09 4.046811826896836758e+08
2.489610367524725254e-01 3.692030404701639652e+09 4.038901581071029902e+08
2.506235459776631203e-01 3.314307307649540424e+09 4.031364156432010531e+08
2.522860552151463542e-01 2.949080518369751453e+09 4.024098357820247412e+08
2.539485644646808371e-01 2.596606215655009270e+09 4.016997704181376696e+08
2.556110737260313126e-01 2.257109305084553242e+09 4.009952038525851965e+08
2.572735829989687417e-01 1.930783472566578388e+09 4.002849161139492393e+08
2.589360922832700251e-01 1.617791312407403946e+09 3.995576463143000007e+08
2.605986015787175591e-01 1.318264528502643585e+09 3.988022539858378172e+08
2.622611108850994577e-01 1.032304207069939137e+09 3.980078765986720324e+08
2.639236202022091082e-01 7.599811591795245409e+08 3.971640817226269245e+08
2.655861295298450053e-01 5.013363311660645008e+08 3.962610125491688251e+08
2.672486388678106950e-01 2.563812808612499833e+08 3.952895257254598141e+08
2.689111482159146083e-01 2.509871744031392783e+07 3.942413206593132615e+08
2.705736575739698391e-01 -1.925568974707334042e+08 3.931090596286055446e+08
2.722361669417941443e-01 -3.966586898896515369e+08 3.918864781622670889e+08
2.738986763192096108e-01 -5.873066573718466759e+08 3.905684852556490898e+08
2.755611857060425440e-01 -7.646268994051971436e+08 3.891512530348279476e+08
2.772236951021236906e-01 -9.287707970968731642e+08 3.876322954968400002e+08
2.788862045072874607e-01 -1.079914145051702261e+09 3.860105359260598421e+08
2.805487139213725944e-01 -1.218256238409632444e+09 3.842863625252795815e+08
2.822112233442213292e-01 -1.344018918079643250e+09 3.824616717046179175e+08
2.838737327756796214e-01 -1.457445577286360025e+09 3.805398983532243371e+08
2.855362422155972579e-01 -1.558800132571768999e+09 3.785260322749899030e+08
2.871987516638271343e-01 -1.648365962464281321e+09 3.764266198181208968e+08
2.888612611202258651e-01 -1.726444817040944099e+09 3.742497495687547922e+08
2.905237705846532292e-01 -1.793355701645735502e+09 3.720050208294014931e+08
2.921862800569720031e-01 -1.849433738035000324e+09 3.697034934739111662e+08
2.938487895370484604e-01 -1.895029006232644796e+09 3.673576176770586967e+08
2.955112990247516502e-01 -1.930505370370350838e+09 3.649811419824963808e+08
2.971738085199533974e-01 -1.956239291786187649e+09 3.625889982124603391e+08
2.988363180225286353e-01 -1.972618632622024536e+09 3.601971618655104637e+08
3.004988275323551283e-01 -1.980041453146418333e+09 3.578224869140814543e+08
3.021613370493130279e-01 -1.978914805988264084e+09 3.554825143289252520e+08
3.038238465732852611e-01 -1.969653530421943903e+09 3.531952542350395918e+08
3.054863561041573639e-01 -1.952679049796271801e+09 3.509789423624757528e+08
3.071488656418173702e-01 -1.928418175144411325e+09 3.488517723878998160e+08
3.088113751861554790e-01 -1.897301917943996429e+09 3.468316068592649102e+08
3.104738847370644983e-01 -1.859764314925096512e+09 3.449356706164185405e+08
3.121363942944395120e-01 -1.816241267750613213e+09 3.431802319127936959e+08
3.137989038581776025e-01 -1.767169400308442116e+09 3.415802777246111035e+08
3.154614134281782389e-01 -1.712984936260946512e+09 3.401491909096209407e+08
3.171239230043430002e-01 -1.654122599413465738e+09 3.388984378340746164e+08
3.187864325865753523e-01 -1.591014539355923414e+09 3.378372757152403593e+08
3.204489421747808708e-01 -1.524089284728051901e+09 3.369724891216737628e+08
3.221114517688670742e-01 -1.453770726359246016e+09 3.363081647641417980e+08
3.237739613687434237e-01 -1.380477132409842014e+09 3.358455128577054739e+08
3.254364709743211015e-01 -1.304620197535181999e+09 3.355827419567124844e+08
3.270989805855132326e-01 -1.226604127968942404e+09 3.355149923276737332e+08
3.287614902022346075e-01 -1.146824764304338455e+09 3.356343307504492998e+08
3.304239998244018484e-01 -1.065668743622884989e+09 3.359298072806442976e+08
3.320865094519330207e-01 -9.835127024986754656e+08 3.363875721498811245e+08
3.337490190847480775e-01 -9.007225222756141424e+08 3.369910487945854664e+08
3.354115287227684150e-01 -8.176526178836690187e+08 3.377211571525663137e+08
3.370740383659170392e-01 -7.346452713295456171e+08 3.385565799571195841e+08
3.387365480141183438e-01 -6.520300108698645830e+08 3.394740638619256020e+08
3.403990576672984991e-01 -5.701230367332744598e+08 3.404487468552036881e+08
3.420615673253846745e-01 -4.892266941307659149e+08 3.414545035364534855e+08
3.437240769883058711e-01 -4.096289941658403277e+08 3.424643003558011651e+08
3.453865866559921449e-01 -3.316031831048427820e+08 3.434505537623567581e+08
3.470490963283750507e-01 -2.554073603642785251e+08 3.443854852632686496e+08
3.487116060053874755e-01 -1.812841454106619954e+08 3.452414685575770736e+08
3.503741156869634166e-01 -1.094603936655870080e+08 3.459913650866420865e+08
3.520366253730383144e-01 -4.014696135985478759e+07 3.466088454621520042e+08
3.536991350635486642e-01 2.646148083098563552e+07 3.470686952408767343e+08
3.553616447584322380e-01 9.018658567116749287e+07 3.473471043806192279e+08
3.570241544576279180e-01 1.508664191858627200e+08 3.474219404154897332e+08
3.586866641610758633e-01 2.083555029598068893e+08 3.472730059325961471e+08
3.603491738687170098e-01 2.625248095673968196e+08 3.468822813179612756e+08
3.620116835804937372e-01 3.132617119037874341e+08 3.462341539837632775e+08
3.636741932963493684e-01 3.604698872908490300e+08 3.453156353990248442e+08
3.653367030162280593e-01 4.040691773517934084e+08 3.441165672404928803e+08
3.669992127400752979e-01 4.439954047288004160e+08 3.426298178564422131e+08
3.686617224678372939e-01 4.802001478441235423e+08 3.408514700072084665e+08
3.703242321994613118e-01 5.126504749721228480e+08 3.387810004930294156e+08
3.719867419348956150e-01 5.413286390049604177e+08 3.364214517996072173e+08
3.736492516740893000e-01 5.662317343574693203e+08 3.337795952494423389e+08
3.753117614169925176e-01 5.873713175625350475e+08 3.308660843185728788e+08
3.769742711635561405e-01 6.047729931554844379e+08 3.276955957124582529e+08
3.786367809137318741e-01 6.184759665530276299e+08 3.242869544502386451e+08
3.802992906674724227e-01 6.285325656582292318e+08 3.206632375238837004e+08
3.819618004247312126e-01 6.350077330265529156e+08 3.168518486389980316e+08
3.836243101854625026e-01 6.379784904448957443e+08 3.128845540735767484e+08
3.852868199496213841e-01 6.375333778597950935e+08 3.087974668277028203e+08
3.869493297171635593e-01 6.337718686093423367e+08 3.046309630566545725e+08
3.886118394880457849e-01 6.268037629769049883e+08 3.004295114742686152e+08
3.902743492622252064e-01 6.167485620942332745e+08 2.962413933204948902e+08
3.919368590396599683e-01 6.037348242807744741e+08 2.921182881478124857e+08
3.935993688203087704e-01 5.878995058930474520e+08 2.881146998654741049e+08
3.952618786041311449e-01 5.693872888178642988e+08 2.842871991787375212e+08
3.969243883910870685e-01 5.483498967083032131e+08 2.806934639085817933e+08
3.985868981811374612e-01 5.249454021170370579e+08 2.773911087568051219e+08
4.002494079742436872e-01 4.993375266359815001e+08 2.744363116106500030e+08
4.019119177703678880e-01 4.716949361899715662e+08 2.718822643656556606e+08
4.035744275694727046e-01 4.421905335794360638e+08 2.697775011361446977e+08
4.052369373715214440e-01 4.110007503989866972e+08 2.681641826899237335e+08
4.068994471764781906e-01 3.783048403849501014e+08 2.670764385788864493e+08
4.085619569843071952e-01 3.442841762756952047e+08 2.665388824689754248e+08
4.102244667949735413e-01 3.091215521808131337e+08 2.665654167886304855e+08
4.118869766084432005e-01 2.730004934753222466e+08 2.671584271506584585e+08
4.135494864246819224e-01 2.361045761352892816e+08 2.683084356041969657e+08
4.152119962436567890e-01 1.986167574509733915e+08 2.699942389104765654e+08
4.168745060653349932e-01 1.607187199263590574e+08 2.721835110591749549e+08
4.185370158896842829e-01 1.225902302081646621e+08 2.748338064911453724e+08
4.201995257166728504e-01 8.440851472850809991e+07 2.778938691717239022e+08
4.218620355462696647e-01 4.634765378665142506e+07 2.813051367991681099e+08
4.235245453784438063e-01 8.577995618160810322e+06 2.850033294350441694e+08
4.251870552131651881e-01 -2.873440795596439391e+07 2.889200247645841241e+08
4.268495650504041117e-01 -6.542834290532228351e+07 2.929841433922687769e+08
4.285120748901312115e-01 -1.013479499496681094e+08 2.971232919181059599e+08
4.301745847323175664e-01 -1.363432158680745065e+08 3.012649349341236353e+08
4.318370945769347546e-01 -1.702704378829866350e+08 3.053373866807010174e+08
4.334996044239549096e-01 -2.029926600583308339e+08 3.092706277718810439e+08
4.351621142733504422e-01 -2.343800806139735281e+08 3.129969619376977086e+08
4.368246241250944295e-01 -2.643104292848012447e+08 3.164515329449064732e+08
4.384871339791597822e-01 -2.926693137998844981e+08 3.195727236058505177e+08
4.401496438355204099e-01 -3.193505348231368661e+08 3.223024582757172585e+08
4.418121536941504446e-01 -3.442563686015611887e+08 3.245864282135065794e+08
4.434746635550242400e-01 -3.672978168833227158e+08 3.263742565426120758e+08
4.451371734181167605e-01 -3.883948235323584080e+08 3.276196165882006288e+08
4.467996832834031928e-01 -4.074764576204107404e+08 3.282803146293560266e+08
4.484621931508591675e-01 -4.244810626130162477e+08 3.283183455249443054e+08
4.501247030204606481e-01 -4.393563716478888988e+08 3.276999275878215432e+08
4.517872128921838204e-01 -4.520595887097181678e+08 3.263955212322073579e+08
4.534497227660054253e-01 -4.625574359319241643e+08 3.243798345799978375e+08
4.551122326419027031e-01 -4.708261669933467507e+08 3.216318180184009075e+08
4.567747425198525613e-01 -4.768515470898393393e+08 3.181346489628663659e+08
4.584372523998329063e-01 -4.806287996002908349e+08 3.138757073535524011e+08
4.600997622818217003e-01 -4.821625201758692861e+08 3.088465420959140658e+08
4.617622721657972384e-01 -4.814665585096014738e+08 3.030428282235359550e+08
4.634247820517383154e-01 -4.785638687742649913e+08 2.964643145208638906e+08
4.650872919396236149e-01 -4.734863290923518538e+08 2.891147610717448592e+08
4.667498018294323758e-01 -4.662745313046810627e+08 2.810018663464223146e+08
4.684123117211442255e-01 -4.569775414653689265e+08 2.721371832320550680e+08
4.700748216147389580e-01 -4.456526326348271966e+08 2.625360236998130977e+08
4.717373315101965336e-01 -4.323649904059195518e+08 2.522173515889348984e+08
4.733998414074974126e-01 -4.171873930849292278e+08 2.412036634033696353e+08
4.750623513066224435e-01 -4.001998668805484772e+08 2.295208567415359318e+08
4.767248612075521974e-01 -3.814893184537945986e+08 2.171980865409891307e+08
4.783873711102680226e-01 -3.611491449589976072e+08 2.042676089194710553e+08
4.800498810147514894e-01 -3.392788245162833333e+08 1.907646131655829847e+08
4.817123909209840571e-01 -3.159834867609253526e+08 1.767270418209884167e+08
4.833749008289477955e-01 -2.913734673167676926e+08 1.621953999366646111e+08
4.850374107386249412e-01 -2.655638448599519730e+08 1.472125536488620639e+08
4.866999206499977859e-01 -2.386739661905754507e+08 1.318235201582828164e+08
4.883624305630492324e-01 -2.108269559220176935e+08 1.160752499492993355e+08
4.900249404777619611e-01 -1.821492194185066521e+08 1.000164065781755000e+08
4.916874503941192631e-01 -1.527699306791970730e+08 8.369715042992766201e+07
4.933499603121045407e-01 -1.228205220494235605e+08 6.716895528259563446e+07
4.950124702317013070e-01 -9.243415223013067245e+07 5.048454753365576267e+07
4.966749801528934083e-01 -6.174520098743093014e+07 3.369846219585179538e+07
4.983374900756649684e-01 -3.088865281916620210e+07 1.687230899834166095e+07
