# r [arcsec]	I [Jy/sr]	I_uncer [Jy/sr]
1.272617859314095550e-03 4.746041135559059143e+10 1.966342238429013491e+09
2.921189009106442414e-03 4.743041666197563171e+10 1.963867717527021646e+09
4.579495862547155495e-03 4.737648859664377594e+10 1.959493044259504795e+09
6.240002426697914550e-03 4.729867457041612244e+10 1.953204571446983576e+09
7.901343393063876494e-03 4.719705880138467407e+10 1.945013700635772467e+09
9.563088128690054243e-03 4.707175278685971832e+10 1.934940295101453781e+09
1.122505851373705593e-02 4.692289425666152191e+10 1.923010086261574984e+09
1.288716767388508287e-02 4.675064680796833801e+10 1.909254019345118284e+09
1.454936822595933807e-02 4.655519962373562622e+10 1.893707988753601789e+09
1.621163214106096165e-02 4.633676718330019379e+10 1.876412677177189827e+09
1.787394178310437384e-02 4.609558894532964325e+10 1.857413426312828779e+09
1.953628550253095827e-02 4.583192899789104462e+10 1.836760116502670288e+09
2.119865529577967186e-02 4.554607567434361267e+10 1.814507047220429420e+09
2.286104548286438387e-02 4.523834113494357300e+10 1.790712815577561617e+09
2.452345192144544592e-02 4.490906091457256317e+10 1.765440192171463251e+09
2.618587151961204035e-02 4.455859343718520355e+10 1.738755994610147476e+09
2.784830192283991451e-02 4.418731949771942902e+10 1.710730959545976877e+09
2.951074130657948408e-02 4.379564171228251648e+10 1.681439614328876734e+09
3.117318823511218417e-02 4.338398393750516510e+10 1.650960149554438114e+09
3.283564156322602012e-02 4.295279066000485229e+10 1.619374293862694502e+09
3.449810036628684490e-02 4.250252635696069336e+10 1.586767192392174482e+09
3.616056388957845924e-02 4.203367482884334564e+10 1.553227290284249306e+09
3.782303151098994481e-02 4.154673850540039825e+10 1.518846222577339172e+09
3.948550271312052662e-02 4.104223772602600098e+10 1.483718711713042498e+09
4.114797706214112089e-02 4.052070999570720673e+10 1.447942473679938078e+09
4.281045419157746001e-02 3.998270921775344086e+10 1.411618133513538599e+09
4.447293378972808769e-02 3.942880490458059692e+10 1.374849150430131435e+09
4.613541558980088775e-02 3.885958136782671356e+10 1.337741752242952347e+09
4.779789936210682849e-02 3.827563688914069366e+10 1.300404877845205545e+09
4.946038490782722619e-02 3.767758287298312378e+10 1.262950125366600275e+09
5.112287205399637657e-02 3.706604298283927917e+10 1.225491702055370569e+09
5.278536064943199074e-02 3.644165226223925781e+10 1.188146369881855249e+09
5.444785056141081270e-02 3.580505624203266907e+10 1.151033378235944271e+09
5.611034167293492414e-02 3.515691003535684204e+10 1.114274371764306545e+09
5.777283388046990098e-02 3.449787742178570557e+10 1.077993257297328949e+09
5.943532709206246489e-02 3.382862992213643646e+10 1.042316008906757712e+09
6.109782122576532665e-02 3.314984586543915939e+10 1.007370384460645318e+09
6.276031620831216962e-02 3.246220944958394241e+10 9.732855208086866140e+08
6.442281197399798987e-02 3.176640979716260147e+10 9.401913683847085238e+08
6.608530846372812073e-02 3.106314000802935410e+10 9.082179203380633593e+08
6.774780562420743002e-02 3.035309621011312866e+10 8.774941875398334265e+08
6.941030340724584080e-02 2.963697661000640869e+10 8.481468707122613192e+08
7.107280176916151715e-02 2.891548054485906982e+10 8.202986867703433037e+08
7.273530067026563739e-02 2.818930753709268188e+10 7.940663208352192640e+08
7.439780007441634813e-02 2.745915635345883560e+10 7.695580007450640202e+08
7.606029994863128252e-02 2.672572406993163300e+10 7.468707287907807827e+08
7.772280026274960840e-02 2.598970514393560410e+10 7.260872553684837818e+08
7.938530098913672284e-02 2.525179049537330246e+10 7.072729375733473301e+08
8.104780210242505667e-02 2.451266659791670609e+10 6.904726847167441845e+08
8.271030357928650656e-02 2.377301458199404144e+10 6.757082407070896626e+08
8.437280539823126257e-02 2.303350935088010406e+10 6.629760764609256983e+08
8.603530753943039455e-02 2.229481871129158783e+10 6.522461516967990398e+08
8.769780998455847798e-02 2.155760251982269287e+10 6.434617482246057987e+08
8.936031271665356712e-02 2.082251184657122421e+10 6.365404795709047318e+08
9.102281571999285004e-02 2.009018815724031830e+10 6.313764587787899971e+08
9.268531897998151525e-02 1.936126251497209167e+10 6.278434799781564474e+08
9.434782248305331742e-02 1.863635480314772034e+10 6.257989642960308790e+08
9.601032621658157906e-02 1.791607297032699966e+10 6.250883560966018438e+08
9.767283016879922675e-02 1.720101229847546768e+10 6.255496400171118975e+08
9.933533432872686253e-02 1.649175469557636833e+10 6.270176794601328373e+08
1.009978386861079547e-01 1.578886801367908669e+10 6.293281404795097113e+08
1.026603432313502873e-01 1.509290539339296913e+10 6.323208444997997284e+08
1.043228479554730720e-01 1.440440463577885056e+10 6.358424730459480286e+08
1.059853528500589448e-01 1.372388760255126572e+10 6.397486159724966288e+08
1.076478579072105424e-01 1.305185964543505096e+10 6.439052054283814430e+08
1.093103631195108394e-01 1.238880906548860931e+10 6.481894097810784578e+08
1.109728684799872744e-01 1.173520660312499428e+10 6.524900771177693605e+08
1.126353739820789568e-01 1.109150495953080750e+10 6.567078206099469662e+08
1.142978796196066349e-01 1.045813835010413361e+10 6.607548321602438688e+08
1.159603853867454265e-01 9.835522090490627289e+09 6.645545000491515398e+08
1.176228912779997832e-01 9.224052215720016479e+09 6.680408935995377302e+08
1.192853972881804531e-01 8.624105132905538559e+09 6.711581651051676273e+08
1.209479034123834701e-01 8.036037307885219574e+09 6.738599075714535713e+08
1.226104096459709192e-01 7.460184986141583443e+09 6.761084967513614893e+08
1.242729159845529646e-01 6.896863948256558418e+09 6.778744376960403919e+08
1.259354224239715991e-01 6.346369300112557411e+09 6.791357294937316179e+08
1.275979289602855449e-01 5.808975297971646309e+09 6.798772568553518057e+08
1.292604355897561952e-01 5.284935208513799667e+09 6.800902134635391235e+08
1.309229423088349165e-01 4.774481203843396187e+09 6.797715592911833525e+08
1.325854491141509606e-01 4.277824291418834686e+09 6.789235121899207830e+08
1.342479560025006402e-01 3.795154278783407688e+09 6.775530727491265535e+08
1.359104629708369483e-01 3.326639772932964802e+09 6.756715805838106871e+08
1.375729700162601765e-01 2.872428214072012424e+09 6.732942996911841631e+08
1.392354771360091448e-01 2.432645943467949867e+09 6.704400302326350212e+08
1.408979843274529020e-01 2.007398305036414623e+09 6.671307439722774029e+08
1.425604915880832879e-01 1.596769780245678902e+09 6.633912405881544352e+08
1.442229989155077718e-01 1.200824155855213881e+09 6.592488221271951199e+08
1.458855063074428748e-01 8.196047239567070007e+08 6.547329829757516384e+08
1.475480137617080634e-01 4.531345137246100307e+08 6.498751128478697538e+08
1.492105212762198374e-01 1.014165542276819050e+08 6.447082104469257593e+08
1.508730288489867621e-01 -2.355658323991622329e+08 6.392666056233901978e+08
1.525355364781040279e-01 -5.578487081753382683e+08 6.335856880397465229e+08
1.541980441617490649e-01 -8.654871676928995848e+08 6.277016405616812706e+08
1.558605518981770188e-01 -1.158554958582895756e+09 6.216511758297432661e+08
1.575230596857167542e-01 -1.437144074932059526e+09 6.154712747332445383e+08
1.591855675227668576e-01 -1.701364324592579842e+09 6.091989258181228638e+08
1.608480754077921959e-01 -1.951342871374380827e+09 6.028708650140109062e+08
1.625105833393203636e-01 -2.187223753146587372e+09 5.965233154727013111e+08
1.641730913159387406e-01 -2.409167376917584419e+09 5.901917277659494877e+08
1.658355993362912173e-01 -2.617349991997108459e+09 5.839105211989606619e+08
1.674981073990755853e-01 -2.811963142379213333e+09 5.777128275422308445e+08
1.691606155030408176e-01 -2.993213099514648914e+09 5.716302390583808422e+08
1.708231236469845982e-01 -3.161320276675893307e+09 5.656925632794575691e+08
1.724856318297508795e-01 -3.316518626138708591e+09 5.599275875460811853e+08
1.741481400502279120e-01 -3.459055020434581757e+09 5.543608568160324097e+08
1.758106483073458848e-01 -3.589188618943797588e+09 5.490154686536427736e+08
1.774731566000750660e-01 -3.707190221128321171e+09 5.439118895740547180e+08
1.791356649274240265e-01 -3.813341607708200455e+09 5.390677970083502531e+08
1.807981732884377246e-01 -3.907934871110800266e+09 5.344979510372741222e+08
1.824606816821959798e-01 -3.991271736525308132e+09 5.302140996993051171e+08
1.841231901078118072e-01 -4.063662874911680698e+09 5.262249210981482863e+08
1.857856985644300296e-01 -4.125427209311050415e+09 5.225360047359970808e+08
1.874482070512257237e-01 -4.176891215816569328e+09 5.191498735040962696e+08
1.891107155674030538e-01 -4.218388220559151649e+09 5.160660466273146272e+08
1.907732241121938566e-01 -4.250257694064549446e+09 5.132811426419453621e+08
1.924357326848565586e-01 -4.272844544330747128e+09 5.107890202626764178e+08
1.940982412846749550e-01 -4.286498409972450733e+09 5.085809538410034180e+08
1.957607499109572380e-01 -4.291572954765490532e+09 5.066458391037117839e+08
1.974232585630348313e-01 -4.288425164915981770e+09 5.049704240477409363e+08
1.990857672402615297e-01 -4.277414650362837315e+09 5.035395593006901741e+08
2.007482759420124996e-01 -4.258902951405891895e+09 5.023364619559708238e+08
2.024107846676835298e-01 -4.233252851933795929e+09 5.013429868622360229e+08
2.040732934166899215e-01 -4.200827700502284527e+09 5.005398995682197809e+08
2.057358021884660160e-01 -4.161990740492899418e+09 4.999071455646848083e+08
2.073983109824642512e-01 -4.117104450552892685e+09 4.994241110762073994e+08
2.090608197981545235e-01 -4.066529896489869595e+09 4.990698713880414963e+08
2.107233286350234380e-01 -4.010626095767858028e+09 4.988234234926106930e+08
2.123858374925735870e-01 -3.949749395711905956e+09 4.986639006563619375e+08
2.140483463703231337e-01 -3.884252866501207829e+09 4.985707673000357151e+08
2.157108552678049240e-01 -3.814485709990224361e+09 4.985239933186258674e+08
2.173733641845664311e-01 -3.740792685359515667e+09 4.985042076161841750e+08
2.190358731201685061e-01 -3.663513552559964657e+09 4.984928311828347445e+08
2.206983820741854618e-01 -3.582982534470309734e+09 4.984721904876923561e+08
2.223608910462041566e-01 -3.499527798644415379e+09 4.984256123047622442e+08
2.240234000358239386e-01 -3.413470959483840466e+09 4.983375013323964477e+08
2.256859090426557024e-01 -3.325126601617509842e+09 4.981934021223981380e+08
2.273484180663219723e-01 -3.234801825232930660e+09 4.979800469132568240e+08
2.290109271064561247e-01 -3.142795814041210651e+09 4.976853909740200639e+08
2.306734361627020280e-01 -3.049399426525225639e+09 4.972986370267707705e+08
2.323359452347137921e-01 -2.954894811048694134e+09 4.968102502345521450e+08
2.339984543221555469e-01 -2.859555045373047352e+09 4.962119651318147779e+08
2.356609634247005536e-01 -2.763643801056795597e+09 4.954967857418953776e+08
2.373234725420314828e-01 -2.667415033174718380e+09 4.946589799810001254e+08
2.389859816738397480e-01 -2.571112695724577427e+09 4.936940692950104475e+08
2.406484908198254224e-01 -2.474970483050548077e+09 4.925988143190562725e+08
2.423109999796965175e-01 -2.379211597537850857e+09 4.913711971953077316e+08
2.439735091531692601e-01 -2.284048543799366951e+09 4.900104010325600505e+08
2.456360183399674824e-01 -2.189682949494421005e+09 4.885167868442473412e+08
2.472985275398224547e-01 -2.096305412889584780e+09 4.868918681628152132e+08
2.489610367524725254e-01 -2.004095377189826250e+09 4.851382833952054977e+08
2.506235459776631203e-01 -1.913221031634755135e+09 4.832597658611801267e+08
2.522860552151463542e-01 -1.823839239279572248e+09 4.812611113401944041e+08
2.539485644646808371e-01 -1.736095491340151787e+09 4.791481428477632403e+08
2.556110737260313126e-01 -1.650123887914241314e+09 4.769276722662810087e+08
2.572735829989687417e-01 -1.566047144845868587e+09 4.746074583720689416e+08
2.589360922832700251e-01 -1.483976626434382439e+09 4.721961607286299467e+08
2.605986015787175591e-01 -1.404012403653117657e+09 4.697032888609145284e+08
2.622611108850994577e-01 -1.326243337466162920e+09 4.671391460849447846e+08
2.639236202022091082e-01 -1.250747186806296349e+09 4.645147673489613533e+08
2.655861295298450053e-01 -1.177590740703388453e+09 4.618418504450609088e+08
2.672486388678106950e-01 -1.106829974019356728e+09 4.591326799807630777e+08
2.689111482159146083e-01 -1.038510226186034203e+09 4.564000435602710247e+08
2.705736575739698391e-01 -9.726664023044495583e+08 4.536571397193787098e+08
2.722361669417941443e-01 -9.093231959087280035e+08 4.509174772889752388e+08
2.738986763192096108e-01 -8.484953326645390987e+08 4.481947660335330963e+08
2.755611857060425440e-01 -7.901878342164267302e+08 4.455027986224257350e+08
2.772236951021236906e-01 -7.343963013731120825e+08 4.428553242449953556e+08
2.788862045072874607e-01 -6.811072157628931999e+08 4.402659144705246091e+08
2.805487139213725944e-01 -6.302982590720301867e+08 4.377478222786099911e+08
2.822112233442213292e-01 -5.819386489274444580e+08 4.353138355323055387e+08
2.838737327756796214e-01 -5.359894904667916298e+08 4.329761265290668607e+08
2.855362422155972579e-01 -4.924041425915127397e+08 4.307460996200650930e+08
2.871987516638271343e-01 -4.511285978894582391e+08 4.286342392301372886e+08
2.888612611202258651e-01 -4.121018751630784273e+08 4.266499609056250453e+08
2.905237705846532292e-01 -3.752564235014096498e+08 4.248014682553547621e+08
2.921862800569720031e-01 -3.405185367852796912e+08 4.230956188050864339e+08
2.938487895370484604e-01 -3.078087775202384591e+08 4.215378018383032084e+08
2.955112990247516502e-01 -2.770424088533115387e+08 4.201318312391188741e+08
2.971738085199533974e-01 -2.481298336350904703e+08 4.188798561694054604e+08
2.988363180225286353e-01 -2.209770393563980460e+08 4.177822921084128022e+08
3.004988275323551283e-01 -1.954860478016341925e+08 4.168377743631905913e+08
3.021613370493130279e-01 -1.715553682313925624e+08 4.160431356404295564e+08
3.038238465732852611e-01 -1.490804529268208444e+08 4.153934086731562614e+08
3.054863561041573639e-01 -1.279541539030302167e+08 4.148818542580925822e+08
3.071488656418173702e-01 -1.080671796257849634e+08 4.145000144025951624e+08
3.088113751861554790e-01 -8.930855054380749166e+07 4.142377896489768028e+08
3.104738847370644983e-01 -7.156605228474806249e+07 4.140835390620675683e+08
3.121363942944395120e-01 -5.472668534260024130e+07 4.140242008675130606e+08
3.137989038581776025e-01 -3.867711012932109833e+07 4.140454313291463256e+08
3.154614134281782389e-01 -2.330408624665099755e+07 4.141317591717796922e+08
3.171239230043430002e-01 -8.494904884614681825e+06 4.142667526915408373e+08
3.187864325865753523e-01 5.862186756698394194e+06 4.144331966509125233e+08
3.204489421747808708e-01 1.987757007140218094e+07 4.146132761155740023e+08
3.221114517688670742e-01 3.365984973076346517e+07 4.147887645434436798e+08
3.237739613687434237e-01 4.731545943778413534e+07 4.149412136624462008e+08
3.254364709743211015e-01 6.094827974605079740e+07 4.150521429519771934e+08
3.270989805855132326e-01 7.465926887027288973e+07 4.151032268550294042e+08
3.287614902022346075e-01 8.854610740901646018e+07 4.150764781727250814e+08
3.304239998244018484e-01 1.027028578326975554e+08 4.149544264147376418e+08
3.320865094519330207e-01 1.172196395767110139e+08 4.147202901855412722e+08
3.337490190847480775e-01 1.321823205082971156e+08 4.143581429628731012e+08
3.354115287227684150e-01 1.476722255202441514e+08 4.138530718699681759e+08
3.370740383659170392e-01 1.637658629217822254e+08 4.131913292458249927e+08
3.387365480141183438e-01 1.805346692916446626e+08 4.123604769791805148e+08
3.403990576672984991e-01 1.980447733561071754e+08 4.113495236902278662e+08
3.420615673253846745e-01 2.163567794559787214e+08 4.101490549185171127e+08
3.437240769883058711e-01 2.355255710632758439e+08 4.087513565055867434e+08
3.453865866559921449e-01 2.556001347940542400e+08 4.071505313500081897e+08
3.470490963283750507e-01 2.766234052730869055e+08 4.053426096570734978e+08
3.487116060053874755e-01 2.986321311809850931e+08 4.033256527043291330e+08
3.503741156869634166e-01 3.216567627208242416e+08 4.010998499999582171e+08
3.520366253730383144e-01 3.457213607224453688e+08 3.986676095125109553e+08
3.536991350635486642e-01 3.708435274957763553e+08 3.960336404007160664e+08
3.553616447584322380e-01 3.970343595385775566e+08 3.932050273602710962e+08
3.570241544576279180e-01 4.242984220830378532e+08 3.901912953265268803e+08
3.586866641610758633e-01 4.526337454692000151e+08 3.870044628223067522e+08
3.603491738687170098e-01 4.820318432069013119e+08 3.836590817132766247e+08
3.620116835804937372e-01 5.124777515939432383e+08 3.801722605280099511e+08
3.636741932963493684e-01 5.439500906316646338e+08 3.765636678214088082e+08
3.653367030162280593e-01 5.764211459849766493e+08 3.728555113209603429e+08
3.669992127400752979e-01 6.098569716129910946e+08 3.690724878194199800e+08
3.686617224678372939e-01 6.442175126981742382e+08 3.652416980110877156e+08
3.703242321994613118e-01 6.794567483851659298e+08 3.613925197734153271e+08
3.719867419348956150e-01 7.155228538487113714e+08 3.575564328650409579e+08
3.736492516740893000e-01 7.523583810876460075e+08 3.537667877654845119e+08
3.753117614169925176e-01 7.899004578609063625e+08 3.500585115699784756e+08
3.769742711635561405e-01 8.280810040572147369e+08 3.464677446478032470e+08
3.786367809137318741e-01 8.668269648163923025e+08 3.430314033503149748e+08
3.802992906674724227e-01 9.060605595947648287e+08 3.397866665792119503e+08
3.819618004247312126e-01 9.456995464056223631e+08 3.367703875957434773e+08
3.836243101854625026e-01 9.856575003337159157e+08 3.340184370768352151e+08
3.852868199496213841e-01 1.025844105477563739e+09 3.315649889493650198e+08
3.869493297171635593e-01 1.066165459337286949e+09 3.294417666289680600e+08
3.886118394880457849e-01 1.106524388730157614e+09 3.276772734002057910e+08
3.902743492622252064e-01 1.146820776183845758e+09 3.262960360857425332e+08
3.919368590396599683e-01 1.186951895830813408e+09 3.253178950195873976e+08
3.935993688203087704e-01 1.226812757692069769e+09 3.247573748764624000e+08
3.952618786041311449e-01 1.266296459331849098e+09 3.246231694875313640e+08
3.969243883910870685e-01 1.305294543719557762e+09 3.249177691539696455e+08
3.985868981811374612e-01 1.343697362252174616e+09 3.256372513488559723e+08
4.002494079742436872e-01 1.381394441732478857e+09 3.267712457972676158e+08
4.019119177703678880e-01 1.418274854243673086e+09 3.283030738321784735e+08
4.035744275694727046e-01 1.454227588686627150e+09 3.302100509731250405e+08
4.052369373715214440e-01 1.489141922918398619e+09 3.324639321300304532e+08
4.068994471764781906e-01 1.522907795248908043e+09 3.350314717302410007e+08
4.085619569843071952e-01 1.555416174239631891e+09 3.378750669581509233e+08
4.102244667949735413e-01 1.586559425568394184e+09 3.409534513107472658e+08
4.118869766084432005e-01 1.616231674924911976e+09 3.442224074258956909e+08
4.135494864246819224e-01 1.644329165715440512e+09 3.476354720294331312e+08
4.152119962436567890e-01 1.670750610583787441e+09 3.511446110313026309e+08
4.168745060653349932e-01 1.695397535548253536e+09 3.547008485493180156e+08
4.185370158896842829e-01 1.718174615819911242e+09 3.582548392424639463e+08
4.201995257166728504e-01 1.738990002137302637e+09 3.617573783706128597e+08
4.218620355462696647e-01 1.757755636750239849e+09 3.651598481314055920e+08
4.235245453784438063e-01 1.774387557938679218e+09 3.684146020090423226e+08
4.251870552131651881e-01 1.788806192280548811e+09 3.714752910651827455e+08
4.268495650504041117e-01 1.800936633610467911e+09 3.742971374875650406e+08
4.285120748901312115e-01 1.810708907983078480e+09 3.768371613662186265e+08
4.301745847323175664e-01 1.818058223645074368e+09 3.790543668348843455e+08
4.318370945769347546e-01 1.822925205443867207e+09 3.809098934642767310e+08
4.334996044239549096e-01 1.825256112744266748e+09 3.823671383500944376e+08
4.351621142733504422e-01 1.825003040409478664e+09 3.833918537092157006e+08
4.368246241250944295e-01 1.822124101991152287e+09 3.839522241661641598e+08
4.384871339791597822e-01 1.816583594823641539e+09 3.840189272233403325e+08
4.401496438355204099e-01 1.808352146244172812e+09 3.835651798195746541e+08
4.418121536941504446e-01 1.797406840787381172e+09 3.825667732818451524e+08
4.434746635550242400e-01 1.783731327648243427e+09 3.810020985183987021e+08
4.451371734181167605e-01 1.767315908434840441e+09 3.788521628359609246e+08
4.467996832834031928e-01 1.748157604567743301e+09 3.761005994518699646e+08
4.484621931508591675e-01 1.726260204537615299e+09 3.727336704333900809e+08
4.501247030204606481e-01 1.701634290430490017e+09 3.687402636112599373e+08
4.517872128921838204e-01 1.674297244142450809e+09 3.641118837753563523e+08
4.534497227660054253e-01 1.644273232728547096e+09 3.588426383753261566e+08
4.551122326419027031e-01 1.611593173536427498e+09 3.529292177780174017e+08
4.567747425198525613e-01 1.576294678586076260e+09 3.463708701271060705e+08
4.584372523998329063e-01 1.538421979103170395e+09 3.391693707186714411e+08
4.600997622818217003e-01 1.498025829640906334e+09 3.313289858610311747e+08
4.617622721657972384e-01 1.455163393003485680e+09 3.228564310747553110e+08
4.634247820517383154e-01 1.409898105321139574e+09 3.137608235920244455e+08
4.650872919396236149e-01 1.362299522852341890e+09 3.040536290030314922e+08
4.667498018294323758e-01 1.312443149702643394e+09 2.937486020477183461e+08
4.684123117211442255e-01 1.260410248481119633e+09 2.828617214201247692e+08
4.700748216147389580e-01 1.206287632805120707e+09 2.714111186571906805e+08
4.717373315101965336e-01 1.150167444255344152e+09 2.594170010136635303e+08
4.733998414074974126e-01 1.092146912223322153e+09 2.469015684959450364e+08
4.750623513066224435e-01 1.032328100060961127e+09 2.338889249953926802e+08
4.767248612075521974e-01 9.708176351910810471e+08 2.204049838260678351e+08
4.783873711102680226e-01 9.077264277878438234e+08 2.064773676438790262e+08
4.800498810147514894e-01 8.431693743626706600e+08 1.921353032380153239e+08
4.817123909209840571e-01 7.772650527696871758e+08 1.774095112102176845e+08
4.833749008289477955e-01 7.101354026436576843e+08 1.623320913501738906e+08
4.850374107386249412e-01 6.419054011028721333e+08 1.469364038350709677e+08
4.866999206499977859e-01 5.727027233110015392e+08 1.312569478166820556e+08
4.883624305630492324e-01 5.026574042470799088e+08 1.153292382233987600e+08
4.900249404777619611e-01 4.319014817956767082e+08 9.918968533187249303e+07
4.916874503941192631e-01 3.605686525712875128e+08 8.287548395639938116e+07
4.933499603121045407e-01 2.887938957730928659e+08 6.642454038253394514e+07
4.950124702317013070e-01 2.167131427543749511e+08 4.987552938007493317e+07
4.966749801528934083e-01 1.444628526111345887e+08 3.326857193197559565e+07
4.983374900756649684e-01 7.217991788401688635e+07 1.665064852268720604e+07
