# r [arcsec]	I [Jy/sr]	I_uncer [Jy/sr]
1.272617859314095550e-03 1.385680452506095581e+11 4.042357367475767136e+09
2.921189009106442414e-03 1.382691499912965698e+11 4.024801396616252899e+09
4.579495862547155495e-03 1.377327271356481323e+11 3.993414240411093235e+09
6.240002426697914550e-03 1.369608988208874054e+11 3.948457435548578262e+09
7.901343393063876494e-03 1.359568710502634277e+11 3.890329343864749908e+09
9.563088128690054243e-03 1.347248210381932678e+11 3.819548879947924614e+09
1.122505851373705593e-02 1.332698639566642303e+11 3.736750159431527138e+09
1.288716767388508287e-02 1.315980214509776459e+11 3.642677710603316307e+09
1.454936822595933807e-02 1.297161861687247314e+11 3.538181434051332951e+09
1.621163214106096165e-02 1.276320816356455994e+11 3.424211329183554649e+09
1.787394178310437384e-02 1.253542175588938446e+11 3.301812149221898079e+09
1.953628550253095827e-02 1.228918408160814972e+11 3.172118195907366276e+09
2.119865529577967186e-02 1.202548824559298706e+11 3.036348487230823040e+09
2.286104548286438387e-02 1.174539010747820587e+11 2.895802531222208023e+09
2.452345192144544592e-02 1.145000229610163574e+11 2.751856905187251568e+09
2.618587151961204035e-02 1.114048794214098816e+11 2.605962748086091042e+09
2.784830192283991451e-02 1.081805417213147736e+11 2.459644081214309692e+09
2.951074130657948408e-02 1.048394540843588257e+11 2.314496510542041779e+09
3.117318823511218417e-02 1.013943652076398621e+11 2.172185232725103855e+09
3.283564156322602012e-02 9.785825875484863281e+10 2.034440237822728634e+09
3.449810036628684490e-02 9.424428329264837646e+10 1.903045056061907291e+09
3.616056388957845924e-02 9.056568213483142090e+10 1.779813336298335552e+09
3.782303151098994481e-02 8.683572355440385437e+10 1.666545341454864264e+09
3.948550271312052662e-02 8.306763181589997864e+10 1.564955238761349440e+09
4.114797706214112089e-02 7.927451946891777039e+10 1.476562102570664167e+09
4.281045419157746001e-02 7.546932132936453247e+10 1.402545822073484182e+09
4.447293378972808769e-02 7.166473055724209595e+10 1.343585146444011211e+09
4.613541558980088775e-02 6.787313721922299957e+10 1.299714905072150707e+09
4.779789936210682849e-02 6.410656970104628754e+10 1.270251095397958279e+09
4.946038490782722619e-02 6.037663930895528412e+10 1.253822075475201130e+09
5.112287205399637657e-02 5.669448837147832489e+10 1.248509690533643723e+09
5.278536064943199074e-02 5.307074212285903168e+10 1.252063807021881342e+09
5.444785056141081270e-02 4.951546461786717224e+10 1.262132340481978416e+09
5.611034167293492414e-02 4.603811889464196777e+10 1.276456168351954460e+09
5.777283388046990098e-02 4.264753156814199066e+10 1.293003204249766827e+09
5.943532709206246489e-02 3.935186200180661774e+10 1.310040562314603329e+09
6.109782122576532665e-02 3.615857616963206482e+10 1.326158017843668938e+09
6.276031620831216962e-02 3.307442528523228073e+10 1.340259674128319740e+09
6.442281197399798987e-02 3.010542923892407608e+10 1.351538288907278776e+09
6.608530846372812073e-02 2.725686484874701691e+10 1.359442296164453745e+09
6.774780562420743002e-02 2.453325889686137772e+10 1.363641505479551077e+09
6.941030340724584080e-02 2.193838588923465729e+10 1.363994537990328074e+09
7.107280176916151715e-02 1.947527044420574570e+10 1.360519231986825466e+09
7.273530067026563739e-02 1.714619418460030556e+10 1.353366231338908911e+09
7.439780007441634813e-02 1.495270697884514809e+10 1.342795463180422068e+09
7.606029994863128252e-02 1.289564234911356926e+10 1.329155001209583998e+09
7.772280026274960840e-02 1.097513683919740105e+10 1.312861760767004967e+09
7.938530098913672284e-02 9.190653111617238998e+09 1.294383504414282084e+09
8.104780210242505667e-02 7.541006522651861191e+09 1.274221714114469528e+09
8.271030357928650656e-02 6.024394905561829567e+09 1.252894993740161180e+09
8.437280539823126257e-02 4.638431276389957428e+09 1.230922801228143215e+09
8.603530753943039455e-02 3.380179163443232059e+09 1.208809474804291487e+09
8.769780998455847798e-02 2.246190250862839699e+09 1.187028710768407106e+09
8.936031271665356712e-02 1.232544018669750214e+09 1.166008860543750763e+09
9.102281571999285004e-02 3.348890562479408979e+08 1.146119617814399242e+09
9.268531897998151525e-02 -4.515142765809420943e+08 1.127660824642854929e+09
9.434782248305331742e-02 -1.131750167017664909e+09 1.110854192745342016e+09
9.601032621658157906e-02 -1.711202969209710121e+09 1.095838671870140553e+09
9.767283016879922675e-02 -2.195512446000339508e+09 1.082669982528683901e+09
9.933533432872686253e-02 -2.590528945029660225e+09 1.071324482145511627e+09
1.009978386861079547e-01 -2.902268812739034653e+09 1.061707108295737863e+09
1.026603432313502873e-01 -3.136870338852591991e+09 1.053662723652256370e+09
1.043228479554730720e-01 -3.300550511095975399e+09 1.046989860767069578e+09
1.059853528500589448e-01 -3.399562845397943497e+09 1.041455692610180974e+09
1.076478579072105424e-01 -3.440156540805341244e+09 1.036811056585698128e+09
1.093103631195108394e-01 -3.428537190996333599e+09 1.032804512102460861e+09
1.109728684799872744e-01 -3.370829265762142181e+09 1.029194661906265497e+09
1.126353739820789568e-01 -3.273040556374108791e+09 1.025760253517828941e+09
1.142978796196066349e-01 -3.141028758498378754e+09 1.022307846482468963e+09
1.159603853867454265e-01 -2.980470345499493599e+09 1.018677049855961800e+09
1.176228912779997832e-01 -2.796831863725670815e+09 1.014743488821766138e+09
1.192853972881804531e-01 -2.595343759920577049e+09 1.010419751894172668e+09
1.209479034123834701e-01 -2.380976829383618355e+09 1.005654612504511595e+09
1.226104096459709192e-01 -2.158421352128104687e+09 1.000430826041894674e+09
1.242729159845529646e-01 -1.932068963166038513e+09 9.947617901063902378e+08
1.259354224239715991e-01 -1.705997282385207653e+09 9.886873334530677795e+08
1.275979289602855449e-01 -1.483957309384461641e+09 9.822688759319695234e+08
1.292604355897561952e-01 -1.269363569234963179e+09 9.755841823144304752e+08
1.309229423088349165e-01 -1.065286976580246687e+09 9.687219189852364063e+08
1.325854491141509606e-01 -8.744503678417841196e+08 9.617762135439459085e+08
1.342479560025006402e-01 -6.992266346966272593e+08 9.548414111919460297e+08
1.359104629708369483e-01 -5.416393764909383059e+08 9.480072151372702122e+08
1.375729700162601765e-01 -4.033659749337283373e+08 9.413543874689656496e+08
1.392354771360091448e-01 -2.857429813229016662e+08 9.349511686975892782e+08
1.408979843274529020e-01 -1.897736947464015186e+08 9.288505461085402966e+08
1.425604915880832879e-01 -1.161377991956294030e+08 9.230884625510910749e+08
1.442229989155077718e-01 -6.520291834418059140e+07 9.176830096231559515e+08
1.458855063074428748e-01 -3.703793890958505869e+07 9.126345957080887556e+08
1.475480137617080634e-01 -3.142794698246368766e+07 9.079270247884881496e+08
1.492105212762198374e-01 -4.789061652020374686e+07 9.035293718659188747e+08
1.508730288489867621e-01 -8.569388528037185967e+07 8.993985002474297285e+08
1.525355364781040279e-01 -1.438747508222619891e+08 8.954820386998441219e+08
1.541980441617490649e-01 -2.212590177634071410e+08 8.917216243486392498e+08
1.558605518981770188e-01 -3.164818272222430110e+08 8.880562199395732880e+08
1.575230596857167542e-01 -4.280088002173256874e+08 8.844253295848132372e+08
1.591855675227668576e-01 -5.541576287144552469e+08 8.807719620627433062e+08
1.608480754077921959e-01 -6.931199509062764645e+08 8.770452213320180178e+08
1.625105833393203636e-01 -8.429833511413955688e+08 8.732024365367569923e+08
1.641730913159387406e-01 -1.001753329607604861e+09 8.692107754916430712e+08
1.658355993362912173e-01 -1.167375092341528893e+09 8.650483144116622210e+08
1.674981073990755853e-01 -1.337755018324209213e+09 8.607045614244952202e+08
1.691606155030408176e-01 -1.510781667247663498e+09 8.561804519010791779e+08
1.708231236469845982e-01 -1.684346198926299095e+09 8.514878501885657310e+08
1.724856318297508795e-01 -1.856362083223728418e+09 8.466486055803036690e+08
1.741481400502279120e-01 -2.024783987673797369e+09 8.416932210828970671e+08
1.758106483073458848e-01 -2.187625738659554005e+09 8.366592024095581770e+08
1.774731566000750660e-01 -2.342977260976914406e+09 8.315891621047866344e+08
1.791356649274240265e-01 -2.489020409820517063e+09 8.265287599357041121e+08
1.807981732884377246e-01 -2.624043618595324516e+09 8.215245654886130095e+08
1.824606816821959798e-01 -2.746455295462612152e+09 8.166219318160040379e+08
1.841231901078118072e-01 -2.854795911074936390e+09 8.118629692920153141e+08
1.857856985644300296e-01 -2.947748729536302567e+09 8.072847058189150095e+08
1.874482070512257237e-01 -3.024149144163259029e+09 8.029175125222954750e+08
1.891107155674030538e-01 -3.082992589094826221e+09 7.987838627383515835e+08
1.907732241121938566e-01 -3.123441007156943321e+09 7.948974765188940763e+08
1.924357326848565586e-01 -3.144827863604864120e+09 7.912628836927753687e+08
1.940982412846749550e-01 -3.146661704392129421e+09 7.878754168840689659e+08
1.957607499109572380e-01 -3.128628266442373753e+09 7.847216233722127676e+08
1.974232585630348313e-01 -3.090591155979341984e+09 7.817800630753426552e+08
1.990857672402615297e-01 -3.032591119288252831e+09 7.790224409845224619e+08
2.007482759420124996e-01 -2.954843938310184956e+09 7.764150075034838915e+08
2.024107846676835298e-01 -2.857736991188282967e+09 7.739201503004508018e+08
2.040732934166899215e-01 -2.741824525259851933e+09 7.714980967871294022e+08
2.057358021884660160e-01 -2.607821697026535034e+09 7.691086469561636448e+08
2.073983109824642512e-01 -2.456597440275093555e+09 7.667128612961511612e+08
2.090608197981545235e-01 -2.289166229788974762e+09 7.642746368260535002e+08
2.107233286350234380e-01 -2.106678813933494806e+09 7.617621147701108456e+08
2.123858374925735870e-01 -1.910411994809545279e+09 7.591488749277992249e+08
2.140483463703231337e-01 -1.701757539639268160e+09 7.564148834388914108e+08
2.157108552678049240e-01 -1.482210311537433624e+09 7.535471717208619118e+08
2.173733641845664311e-01 -1.253355711834504604e+09 7.505402344680664539e+08
2.190358731201685061e-01 -1.016856529619603276e+09 7.473961435849715471e+08
2.206983820741854618e-01 -7.744392971494992971e+08 7.441243828468257189e+08
2.223608910462041566e-01 -5.278802522191119194e+08 7.407414151198539734e+08
2.240234000358239386e-01 -2.789910104638482928e+08 7.372700003971875906e+08
2.256859090426557024e-01 -2.960405188733604550e+07 7.337382889675633907e+08
2.273484180663219723e-01 2.184418733678961992e+08 7.301787199340853691e+08
2.290109271064561247e-01 4.633163148582994342e+08 7.266267611152101755e+08
2.306734361627020280e-01 7.032115626125013828e+08 7.231195320294550657e+08
2.323359452347137921e-01 9.363568552662367821e+08 7.196943569478541613e+08
2.339984543221555469e-01 1.161032253697105885e+09 7.163872994982559681e+08
2.356609634247005536e-01 1.375582080644898891e+09 7.132317334970937967e+08
2.373234725420314828e-01 1.578427829771763563e+09 7.102570059808433056e+08
2.389859816738397480e-01 1.768080451201387644e+09 7.074872472445327044e+08
2.406484908198254224e-01 1.943151924781603813e+09 7.049403786528532505e+08
2.423109999796965175e-01 2.102366037121538162e+09 7.026273618752067089e+08
2.439735091531692601e-01 2.244568283831040382e+09 7.005517231455820799e+08
2.456360183399674824e-01 2.368734824350728512e+09 6.987093736507655382e+08
2.472985275398224547e-01 2.473980423241750240e+09 6.970887330112177134e+08
2.489610367524725254e-01 2.559565318795426369e+09 6.956711480943828821e+08
2.506235459776631203e-01 2.624900967292007923e+09 6.944315852379021645e+08
2.522860552151463542e-01 2.669554619121136665e+09 6.933395614562637806e+08
2.539485644646808371e-01 2.693252691260787964e+09 6.923602702425806522e+08
2.556110737260313126e-01 2.695882909219015121e+09 6.914558507284520864e+08
2.572735829989687417e-01 2.677495200434943676e+09 6.905867454312911034e+08
2.589360922832700251e-01 2.638301330251142025e+09 6.897130914510061741e+08
2.605986015787175591e-01 2.578673280844207764e+09 6.887960923429713249e+08
2.622611108850994577e-01 2.499140382872828007e+09 6.877993223729227781e+08
2.639236202022091082e-01 2.400385219002183437e+09 6.866899207680079937e+08
2.655861295298450053e-01 2.283238327820284367e+09 6.854396402546707392e+08
2.672486388678106950e-01 2.148671745912940979e+09 6.840257210717487335e+08
2.689111482159146083e-01 1.997791434916215181e+09 6.824315683641383648e+08
2.705736575739698391e-01 1.831828649177150726e+09 6.806472171722376347e+08
2.722361669417941443e-01 1.652130308113262415e+09 6.786695750581097603e+08
2.738986763192096108e-01 1.460148445441837311e+09 6.765024378197714090e+08
2.755611857060425440e-01 1.257428815034498692e+09 6.741562788877516985e+08
2.772236951021236906e-01 1.045598740215055704e+09 6.716478180864684582e+08
2.788862045072874607e-01 8.263542997651121616e+08 6.689993806902049780e+08
2.805487139213725944e-01 6.014469496877981424e+08 6.662380632817482948e+08
2.822112233442213292e-01 3.726696848353541493e+08 6.633947289247395992e+08
2.838737327756796214e-01 1.418428488015161455e+08 6.605028605602254868e+08
2.855362422155972579e-01 -8.920029606821048260e+07 6.575973081429445744e+08
2.871987516638271343e-01 -3.186281240779302716e+08 6.547129715036027431e+08
2.888612611202258651e-01 -5.446252108285627365e+08 6.518834667347456217e+08
2.905237705846532292e-01 -7.654067901456300020e+08 6.491398284183357954e+08
2.921862800569720031e-01 -9.792329864850053787e+08 6.465093025396362543e+08
2.938487895370484604e-01 -1.184422707111460686e+09 6.440142847963535786e+08
2.955112990247516502e-01 -1.379367080411101818e+09 6.416714557070713043e+08
2.971738085199533974e-01 -1.562542329705920458e+09 6.394911571841232777e+08
2.988363180225286353e-01 -1.732521975890911341e+09 6.374770451670583487e+08
3.004988275323551283e-01 -1.887988267075376034e+09 6.356260399946732521e+08
3.021613370493130279e-01 -2.027742739172805548e+09 6.339285812738704681e+08
3.038238465732852611e-01 -2.150715817973453522e+09 6.323691781905200481e+08
3.054863561041573639e-01 -2.255975380655502319e+09 6.309272307510268688e+08
3.071488656418173702e-01 -2.342734202836936951e+09 6.295780835122133493e+08
3.088113751861554790e-01 -2.410356226131483078e+09 6.282942619413956404e+08
3.104738847370644983e-01 -2.458361590635085106e+09 6.270468332875108719e+08
3.121363942944395120e-01 -2.486430386800441742e+09 6.258068290109318495e+08
3.137989038581776025e-01 -2.494405091647006989e+09 6.245466643277423382e+08
3.154614134281782389e-01 -2.482291665133823872e+09 6.232414918899199963e+08
3.171239230043430002e-01 -2.450259293696113110e+09 6.218704305202748775e+08
3.187864325865753523e-01 -2.398638779330740929e+09 6.204176156474702358e+08
3.204489421747808708e-01 -2.327919584088582993e+09 6.188730251275472641e+08
3.221114517688670742e-01 -2.238745551338336468e+09 6.172330421134665012e+08
3.237739613687434237e-01 -2.131909336552896500e+09 6.155007253443840742e+08
3.254364709743211015e-01 -2.008345591586935759e+09 6.136857666611794233e+08
3.270989805855132326e-01 -1.869122957318996191e+09 6.118041258459020853e+08
3.287614902022346075e-01 -1.715434930061351538e+09 6.098773442259114981e+08
3.304239998244018484e-01 -1.548589677162134647e+09 6.079315510576902628e+08
3.320865094519330207e-01 -1.369998886683498383e+09 6.059961905367953777e+08
3.337490190847480775e-01 -1.181165744802575111e+09 6.041025121498140097e+08
3.354115287227684150e-01 -9.836721426072493792e+08 6.022818824161615372e+08
3.370740383659170392e-01 -7.791652211288806200e+08 6.005639908955328465e+08
3.387365480141183438e-01 -5.693433697253991365e+08 5.989750363156806231e+08
3.403990576672984991e-01 -3.559417982115367055e+08 5.975359882171211243e+08
3.420615673253846745e-01 -1.407178073946807981e+08 5.962610239856306314e+08
3.437240769883058711e-01 7.456411416604354978e+07 5.951562391780445576e+08
3.453865866559921449e-01 2.881472372998713851e+08 5.942187198479602337e+08
3.470490963283750507e-01 4.982974525068778396e+08 5.934360491754953861e+08
3.487116060053874755e-01 7.033179128951640129e+08 5.927862980794298649e+08
3.503741156869634166e-01 9.015633307556965351e+08 5.922385225337475538e+08
3.520366253730383144e-01 1.091453801395168066e+09 5.917537615053524971e+08
3.536991350635486642e-01 1.271488031664766073e+09 5.912865015093721151e+08
3.553616447584322380e-01 1.440255855568340778e+09 5.907865491926912069e+08
3.570241544576279180e-01 1.596449925406189203e+09 5.902012339212120771e+08
3.586866641610758633e-01 1.738876474025779963e+09 5.894778489531821012e+08
3.603491738687170098e-01 1.866465051892020702e+09 5.885662323791075945e+08
3.620116835804937372e-01 1.978277151745187998e+09 5.874213866923123598e+08
3.636741932963493684e-01 2.073513643560873270e+09 5.860060371864722967e+08
3.653367030162280593e-01 2.151520953214334965e+09 5.842930326484724283e+08
3.669992127400752979e-01 2.211795929653911591e+09 5.822674954259185791e+08
3.686617224678372939e-01 2.253989357333641052e+09 5.799286306390236616e+08
3.703242321994613118e-01 2.277908083106875420e+09 5.772911054041895866e+08
3.719867419348956150e-01 2.283515739541859150e+09 5.743859085230947733e+08
3.736492516740893000e-01 2.270932059664597034e+09 5.712606001508635283e+08
3.753117614169925176e-01 2.240430791230347157e+09 5.679788614877878428e+08
3.769742711635561405e-01 2.192436231759641647e+09 5.646192595952473879e+08
3.786367809137318741e-01 2.127518418512196541e+09 5.612731560043479204e+08
3.802992906674724227e-01 2.046387020281317711e+09 5.580417143799031973e+08
3.819618004247312126e-01 1.949883990160982847e+09 5.550320063057564497e+08
3.836243101854625026e-01 1.838975050225337505e+09 5.523522777491098642e+08
3.852868199496213841e-01 1.714740090158391237e+09 5.501065209208598137e+08
3.869493297171635593e-01 1.578362572267871141e+09 5.483885907819240093e+08
3.886118394880457849e-01 1.431118044786629438e+09 5.472761998140264750e+08
3.902743492622252064e-01 1.274361873936730623e+09 5.468252009319436550e+08
3.919368590396599683e-01 1.109516312679366589e+09 5.470646065361387730e+08
3.935993688203087704e-01 9.380570304534490108e+08 5.479927751509705782e+08
3.952618786041311449e-01 7.614992333108557463e+08 5.495751190878866911e+08
3.969243883910870685e-01 5.813835077685499191e+08 5.517435543701251745e+08
3.985868981811374612e-01 3.992615242243495584e+08 5.543977490230236053e+08
4.002494079742436872e-01 2.166817370491103828e+08 5.574080577886404991e+08
4.019119177703678880e-01 3.517521829016254842e+07 5.606198905897667408e+08
4.035744275694727046e-01 -1.437582395342577100e+08 5.638591704692382812e+08
4.052369373715214440e-01 -3.186636189690891504e+08 5.669385027431685925e+08
4.068994471764781906e-01 -4.881436430375382900e+08 5.696636956919397116e+08
4.085619569843071952e-01 -6.508710876133843660e+08 5.718403299178981781e+08
4.102244667949735413e-01 -8.056003244860802889e+08 5.732801505443000793e+08
4.118869766084432005e-01 -9.511779867874364853e+08 5.738071373284164667e+08
4.135494864246819224e-01 -1.086552657374477863e+09 5.732631806459697485e+08
4.152119962436567890e-01 -1.210783490794896364e+09 5.715133496193289757e+08
4.168745060653349932e-01 -1.323047690282408953e+09 5.684507801811552048e+08
4.185370158896842829e-01 -1.422646772964312553e+09 5.640012360376442671e+08
4.201995257166728504e-01 -1.509011568728568316e+09 5.581274055076178312e+08
4.218620355462696647e-01 -1.581705911152902842e+09 5.508329924105656147e+08
4.235245453784438063e-01 -1.640428992101840734e+09 5.421666375349698067e+08
4.251870552131651881e-01 -1.685016365236267567e+09 5.322256631451579928e+08
4.268495650504041117e-01 -1.715439597266516209e+09 5.211595561063550711e+08
4.285120748901312115e-01 -1.731804579535764217e+09 5.091729798212996721e+08
4.301745847323175664e-01 -1.734348525925599098e+09 4.965279112636280060e+08
4.318370945769347546e-01 -1.723435696369043827e+09 4.835442180401253700e+08
4.334996044239549096e-01 -1.699551897914440393e+09 4.705976179935204983e+08
4.351621142733504422e-01 -1.663297827576851368e+09 4.581135407072548866e+08
4.368246241250944295e-01 -1.615381332576573372e+09 4.465550655892452002e+08
4.384871339791597822e-01 -1.556608674359914541e+09 4.364031082238594890e+08
4.401496438355204099e-01 -1.487874892387157917e+09 4.281277552618998289e+08
4.418121536941504446e-01 -1.410153372534438610e+09 4.221514706605626941e+08
4.434746635550242400e-01 -1.324484732366481066e+09 4.188077851153298616e+08
4.451371734181167605e-01 -1.231965142121913433e+09 4.183021955592623353e+08
4.467996832834031928e-01 -1.133734205172735691e+09 4.206836848826498985e+08
4.484621931508591675e-01 -1.030962525778216481e+09 4.258339303627719879e+08
4.501247030204606481e-01 -9.248390941855289936e+08 4.334767889491524100e+08
4.517872128921838204e-01 -8.165586205277683735e+08 4.432049711905156970e+08
4.534497227660054253e-01 -7.073089484215995073e+08 4.545167332984243035e+08
4.551122326419027031e-01 -5.982586778932288885e+08 4.668545442334153056e+08
4.567747425198525613e-01 -4.905451239594424367e+08 4.796395848134351969e+08
4.584372523998329063e-01 -3.852627333484868407e+08 4.922989522908175588e+08
4.600997622818217003e-01 -2.834520759215112925e+08 5.042850711693968773e+08
4.617622721657972384e-01 -1.860895211767288148e+08 5.150883850158159137e+08
4.634247820517383154e-01 -9.407770189235568047e+07 5.242449845509356260e+08
4.650872919396236149e-01 -8.236858791531895287e+06 5.313407762325968146e+08
4.667498018294323758e-01 7.070285030669143796e+07 5.360134663483808637e+08
4.684123117211442255e-01 1.421080031241098344e+08 5.379532541426284313e+08
4.700748216147389580e-01 2.054474657564741969e+08 5.369028012062360048e+08
4.717373315101965336e-01 2.602967948934389949e+08 5.326568026756224632e+08
4.733998414074974126e-01 3.063414520774457455e+08 5.250613241779561639e+08
4.750623513066224435e-01 3.433788038528563976e+08 5.140129675165264010e+08
4.767248612075521974e-01 3.713188960860540271e+08 4.994578710870509744e+08
4.783873711102680226e-01 3.901840016247779727e+08 4.813905211165791154e+08
4.800498810147514894e-01 4.001069555980601311e+08 4.598523387794291973e+08
4.817123909209840571e-01 4.013283023460563421e+08 4.349300061575508714e+08
4.833749008289477955e-01 3.941922937735248208e+08 4.067534998008437753e+08
4.850374107386249412e-01 3.791417862129665017e+08 3.754938073078779578e+08
4.866999206499977859e-01 3.567120998535893559e+08 3.413603135558153987e+08
4.883624305630492324e-01 3.275239077180512547e+08 3.045978512446585894e+08
4.900249404777619611e-01 2.922752411782044172e+08 2.654834238444230556e+08
4.916874503941192631e-01 2.517326932521451712e+08 2.243226159150702357e+08
4.933499603121045407e-01 2.067219303437006176e+08 1.814457256621633172e+08
4.950124702317013070e-01 1.581175951539270282e+08 1.372036758235160708e+08
4.966749801528934083e-01 1.068327514588477165e+08 9.196393263468533754e+07
4.983374900756649684e-01 5.380786729099987447e+07 4.610808269990175962e+07
