# r [arcsec]	I [Jy/sr]	I_uncer [Jy/sr]
1.272617859314095550e-03 5.895849432206454468e+10 2.698950875643050671e+09
2.921189009106442414e-03 5.888294025714987946e+10 2.692522307070056438e+09
4.579495862547155495e-03 5.874719744078454590e+10 2.681038801964754581e+09
6.240002426697914550e-03 5.855155168837452698e+10 2.664533430865538120e+09
7.901343393063876494e-03 5.829645449171401215e+10 2.643078808579038620e+09
9.563088128690054243e-03 5.798249791613815308e+10 2.616773116700453281e+09
1.122505851373705593e-02 5.761041054138829041e+10 2.585737791649116039e+09
1.288716767388508287e-02 5.718105479711808014e+10 2.550116608135586262e+09
1.454936822595933807e-02 5.669542419335020447e+10 2.510074984592038155e+09
1.621163214106096165e-02 5.615464022421823120e+10 2.465799315792919159e+09
1.787394178310437384e-02 5.555994890474492645e+10 2.417496293110017776e+09
1.953628550253095827e-02 5.491271693864133453e+10 2.365392209800728321e+09
2.119865529577967186e-02 5.421442752602662659e+10 2.309732261483819008e+09
2.286104548286438387e-02 5.346667582425026703e+10 2.250779858002251625e+09
2.452345192144544592e-02 5.267116407725345612e+10 2.188815966646611691e+09
2.618587151961204035e-02 5.182969643049392700e+10 2.124138509600817919e+09
2.784830192283991451e-02 5.094417344970867157e+10 2.057061840854401827e+09
2.951074130657948408e-02 5.001658636289686584e+10 1.987916329758924246e+09
3.117318823511218417e-02 4.904901104588231659e+10 1.917048079532271624e+09
3.283564156322602012e-02 4.804360177268601227e+10 1.844818808767320395e+09
3.449810036628684490e-02 4.700258475274104309e+10 1.771605921282014608e+09
3.616056388957845924e-02 4.592825147766348267e+10 1.697802782781326056e+09
3.782303151098994481e-02 4.482295190090787506e+10 1.623819209120294809e+09
3.948550271312052662e-02 4.368908747413790131e+10 1.550082146509899616e+09
4.114797706214112089e-02 4.252910406457148743e+10 1.477036483054494381e+09
4.281045419157746001e-02 4.134548477787012482e+10 1.405145865700255871e+09
4.447293378972808769e-02 4.014074271138610077e+10 1.334893297110398054e+09
4.613541558980088775e-02 3.891741366269131470e+10 1.266781142321240187e+09
4.779789936210682849e-02 3.767804881836960602e+10 1.201329977118013859e+09
4.946038490782722619e-02 3.642520744797468567e+10 1.139075461219732046e+09
5.112287205399637657e-02 3.516144962791566467e+10 1.080562146843060493e+09
5.278536064943199074e-02 3.388932901976554108e+10 1.026332910763327718e+09
5.444785056141081270e-02 3.261138572716713715e+10 9.769126688468499184e+08
5.611034167293492414e-02 3.133013925505009079e+10 9.327854143186419010e+08
5.777283388046990098e-02 3.004808159438222885e+10 8.943646580065081120e+08
5.943532709206246489e-02 2.876767045503854370e+10 8.619591623213032484e+08
6.109782122576532665e-02 2.749132266870532608e+10 8.357382153138548136e+08
6.276031620831216962e-02 2.622140778295500183e+10 8.157028062542641163e+08
6.442281197399798987e-02 2.496024186677701187e+10 8.016697451543960571e+08
6.608530846372812073e-02 2.371008154694096756e+10 7.932740381884487867e+08
6.774780562420743002e-02 2.247311829357357788e+10 7.899907810849863291e+08
6.941030340724584080e-02 2.125147297228247833e+10 7.911729386643793583e+08
7.107280176916151715e-02 2.004719067905403137e+10 7.960977492087016106e+08
7.273530067026563739e-02 1.886223587297908783e+10 8.040135301213597059e+08
7.439780007441634813e-02 1.769848782066899109e+10 8.141802771511279345e+08
7.606029994863128252e-02 1.655773636493919373e+10 8.259004095585674047e+08
7.772280026274960840e-02 1.544167802907917976e+10 8.385389124863557816e+08
7.938530098913672284e-02 1.435191246667074966e+10 8.515341184780219793e+08
8.104780210242505667e-02 1.328993926558829117e+10 8.644012908504236937e+08
8.271030357928650656e-02 1.225715511342940331e+10 8.767312807936199903e+08
8.437280539823126257e-02 1.125485133023679733e+10 8.881861941701793671e+08
8.603530753943039455e-02 1.028421177298557854e+10 8.984935163117591143e+08
8.769780998455847798e-02 9.346311114893203735e+09 9.074396754679418802e+08
8.936031271665356712e-02 8.442113501224733353e+09 9.148636504382218122e+08
9.102281571999285004e-02 7.572471581869039536e+09 9.206509581832494736e+08
9.268531897998151525e-02 6.738125919582374573e+09 9.247281783491555452e+08
9.434782248305331742e-02 5.939704771441873550e+09 9.270580611772813797e+08
9.601032621658157906e-02 5.177724239712440491e+09 9.276352020045081377e+08
9.767283016879922675e-02 4.452588787028638840e+09 9.264822328000299931e+08
9.933533432872686253e-02 3.764592109517038822e+09 9.236464669802020788e+08
1.009978386861079547e-01 3.113918360257147789e+09 9.191969301325393915e+08
1.026603432313502873e-01 2.500643714285254478e+09 9.132217111683764458e+08
1.043228479554730720e-01 1.924738265205570698e+09 9.058255727346526384e+08
1.059853528500589448e-01 1.386068242382133961e+09 8.971277646781816483e+08
1.076478579072105424e-01 8.843985366510807276e+08 8.872599890554872751e+08
1.093103631195108394e-01 4.193955215126006007e+08 8.763644692277684212e+08
1.109728684799872744e-01 -9.369844147910397500e+06 8.645920789704440832e+08
1.126353739820789568e-01 -4.024186466152843833e+08 8.521004904891180992e+08
1.142978796196066349e-01 -7.603603967608448267e+08 8.390523032193911076e+08
1.159603853867454265e-01 -1.083889174623659372e+09 8.256131189067759514e+08
1.176228912779997832e-01 -1.373779556096003532e+09 8.119495334654633999e+08
1.192853972881804531e-01 -1.630882339233063459e+09 7.982270233447846174e+08
1.209479034123834701e-01 -1.856120088191406965e+09 7.846077144032797813e+08
1.226104096459709192e-01 -2.050482513234996080e+09 7.712480352739830017e+08
1.242729159845529646e-01 -2.215021705583718300e+09 7.582962751569859982e+08
1.259354224239715991e-01 -2.350847246157999516e+09 7.458900875344353914e+08
1.275979289602855449e-01 -2.459121207466109276e+09 7.341540051765036583e+08
1.292604355897561952e-01 -2.541053068000240803e+09 7.231970556542034149e+08
1.309229423088349165e-01 -2.597894558558467388e+09 7.131105870429209471e+08
1.325854491141509606e-01 -2.630934459879068851e+09 7.039664265587959290e+08
1.342479560025006402e-01 -2.641493370876049519e+09 6.958154965804842710e+08
1.359104629708369483e-01 -2.630918466596248627e+09 6.886869999172030687e+08
1.375729700162601765e-01 -2.600578264780855179e+09 6.825882584047430754e+08
1.392354771360091448e-01 -2.551857419604571342e+09 6.775052477691375017e+08
1.408979843274529020e-01 -2.486151560803717613e+09 6.734038218312654495e+08
1.425604915880832879e-01 -2.404862195964470863e+09 6.702315672623505592e+08
1.442229989155077718e-01 -2.309391693256516933e+09 6.679201836728541851e+08
1.458855063074428748e-01 -2.201138361347826481e+09 6.663882493239393234e+08
1.475480137617080634e-01 -2.081491642631210327e+09 6.655442143314136267e+08
1.492105212762198374e-01 -1.951827435244597435e+09 6.652894619628111124e+08
1.508730288489867621e-01 -1.813503558663033247e+09 6.655212926111565828e+08
1.525355364781040279e-01 -1.667855376896537304e+09 6.661357102259600163e+08
1.541980441617490649e-01 -1.516191592543623924e+09 6.670299223791477680e+08
1.558605518981770188e-01 -1.359790224124141693e+09 6.681044978768532276e+08
1.575230596857167542e-01 -1.199894778263026476e+09 6.692651560270838737e+08
1.591855675227668576e-01 -1.037710627403810740e+09 6.704241868075518608e+08
1.608480754077921959e-01 -8.744016028251726627e+08 6.715015201068887711e+08
1.625105833393203636e-01 -7.110868117894718647e+08 6.724254748886868954e+08
1.641730913159387406e-01 -5.488376867050865889e+08 6.731332262553595304e+08
1.658355993362912173e-01 -3.886752732094057202e+08 6.735710310593605042e+08
1.674981073990755853e-01 -2.315677630997019708e+08 6.736942521191887856e+08
1.691606155030408176e-01 -7.842827704919877648e+07 6.734672183470510244e+08
1.708231236469845982e-01 6.988709894817607105e+07 6.728629541127072573e+08
1.724856318297508795e-01 2.125810204547857046e+08 6.718628066462494135e+08
1.741481400502279120e-01 3.489163328315728307e+08 6.704559957223123312e+08
1.758106483073458848e-01 4.782172598712868094e+08 6.686391055720226765e+08
1.774731566000750660e-01 5.998703328284630775e+08 6.664155351322071552e+08
1.791356649274240265e-01 7.133250608090395927e+08 6.637949194255310297e+08
1.807981732884377246e-01 8.180943444337468147e+08 6.607925321039447784e+08
1.824606816821959798e-01 9.137546356130819321e+08 6.574286769468454123e+08
1.841231901078118072e-01 9.999458471773184538e+08 6.537280743449937105e+08
1.857856985644300296e-01 1.076371016984966993e+09 6.497192474680724144e+08
1.874482070512257237e-01 1.142795731983415842e+09 6.454339118567037582e+08
1.891107155674030538e-01 1.199047318517425776e+09 6.409063715415943861e+08
1.907732241121938566e-01 1.245013805967648268e+09 6.361729244351564646e+08
1.924357326848565586e-01 1.280642671554948568e+09 6.312712796121079922e+08
1.940982412846749550e-01 1.305939374858987331e+09 6.262399891624749899e+08
1.957607499109572380e-01 1.320965691276894808e+09 6.211178975179108381e+08
1.974232585630348313e-01 1.325837854276827812e+09 6.159436114790953398e+08
1.990857672402615297e-01 1.320724516896448135e+09 6.107549945690015554e+08
2.007482759420124996e-01 1.305844543474070549e+09 6.055886897458771467e+08
2.024107846676835298e-01 1.281464643103393078e+09 6.004796748915325403e+08
2.040732934166899215e-01 1.247896856750683546e+09 5.954608557782211304e+08
2.057358021884660160e-01 1.205495910372789621e+09 5.905627013670026064e+08
2.073983109824642512e-01 1.154656446727719784e+09 5.858129262434263229e+08
2.090608197981545235e-01 1.095810148868124247e+09 5.812362247176085711e+08
2.107233286350234380e-01 1.029422768556147337e+09 5.768540605720803738e+08
2.123858374925735870e-01 9.559910730367025137e+08 5.726845156219692230e+08
2.140483463703231337e-01 8.760397237479705811e+08 5.687421991759325266e+08
2.157108552678049240e-01 7.901181006416056156e+08 5.650382191785637140e+08
2.173733641845664311e-01 6.987970858253798485e+08 5.615802143423252106e+08
2.190358731201685061e-01 6.026658202241157293e+08 5.583724450117418766e+08
2.206983820741854618e-01 5.023284468982499838e+08 5.554159389352610111e+08
2.223608910462041566e-01 3.984008545328227878e+08 5.527086866481384039e+08
2.240234000358239386e-01 2.915074344544956088e+08 5.502458798780913353e+08
2.256859090426557024e-01 1.822778643095290363e+08 5.480201853582564592e+08
2.273484180663219723e-01 7.134393127488611639e+07 5.460220457180371284e+08
2.290109271064561247e-01 -4.066359263767708093e+07 5.442399987594525814e+08
2.306734361627020280e-01 -1.531180109857467711e+08 5.426610064157938957e+08
2.323359452347137921e-01 -2.653996872091263235e+08 5.412707850095546246e+08
2.339984543221555469e-01 -3.768989415024439096e+08 5.400541290369753838e+08
2.356609634247005536e-01 -4.870188493822537065e+08 5.389952215469816923e+08
2.373234725420314828e-01 -5.951779316108404398e+08 5.380779251890008450e+08
2.389859816738397480e-01 -7.008127257044531107e+08 5.372860491056019068e+08
2.406484908198254224e-01 -8.033802298490175009e+08 5.366035879792953134e+08
2.423109999796965175e-01 -9.023602106777882576e+08 5.360149306542408466e+08
2.439735091531692601e-01 -9.972573670292042494e+08 5.355050367939586043e+08
2.456360183399674824e-01 -1.087603342484965086e+09 5.350595809784169793e+08
2.472985275398224547e-01 -1.172958580206593037e+09 5.346650644674429297e+08
2.489610367524725254e-01 -1.252914014318542957e+09 5.343088955506354570e+08
2.506235459776631203e-01 -1.327092592839999914e+09 5.339794399747591615e+08
2.522860552151463542e-01 -1.395150627934092045e+09 5.336660433894005418e+08
2.539485644646808371e-01 -1.456778970026683807e+09 5.333590280977190137e+08
2.556110737260313126e-01 -1.511704003129997969e+09 5.330496666537355185e+08
2.572735829989687417e-01 -1.559688459510268211e+09 5.327301350293902159e+08
2.589360922832700251e-01 -1.600532052627004147e+09 5.323934481956295967e+08
2.605986015787175591e-01 -1.634071928078028917e+09 5.320333810387722254e+08
2.622611108850994577e-01 -1.660182933068176508e+09 5.316443775741485357e+08
2.639236202022091082e-01 -1.678777705712753057e+09 5.312214514337641597e+08
2.655861295298450053e-01 -1.689806586256957531e+09 5.307600805992968678e+08
2.672486388678106950e-01 -1.693257353054944754e+09 5.302560993258838058e+08
2.689111482159146083e-01 -1.689154786892862797e+09 5.297055901596378684e+08
2.705736575739698391e-01 -1.677560067967755318e+09 5.291047788909851909e+08
2.722361669417941443e-01 -1.658570010525703430e+09 5.284499352006277442e+08
2.738986763192096108e-01 -1.632316140841836929e+09 5.277372816472972035e+08
2.755611857060425440e-01 -1.598963624860544682e+09 5.269629135087705255e+08
2.772236951021236906e-01 -1.558710052429624081e+09 5.261227318179402351e+08
2.788862045072874607e-01 -1.511784085629664898e+09 5.252123917336707711e+08
2.805487139213725944e-01 -1.458443979245518446e+09 5.242272681481665373e+08
2.822112233442213292e-01 -1.398975981912233114e+09 5.231624401594717503e+08
2.838737327756796214e-01 -1.333692626933449507e+09 5.220126957339165807e+08
2.855362422155972579e-01 -1.262930922169644594e+09 5.207725575469457507e+08
2.871987516638271343e-01 -1.187050448766153097e+09 5.194363306332074404e+08
2.888612611202258651e-01 -1.106431378801079512e+09 5.179981720954174399e+08
2.905237705846532292e-01 -1.021472422204030514e+09 5.164521827294779420e+08
2.921862800569720031e-01 -9.325887135125393867e+08 5.147925200218671560e+08
2.938487895370484604e-01 -8.402096491999361515e+08 5.130135315696938634e+08
2.955112990247516502e-01 -7.447766864216873646e+08 5.111099075720960498e+08
2.971738085199533974e-01 -6.467411140957767963e+08 5.090768506409463286e+08
2.988363180225286353e-01 -5.465618072337810993e+08 5.069102607831636667e+08
3.004988275323551283e-01 -4.447029754100216627e+08 5.046069330162327290e+08
3.021613370493130279e-01 -3.416319161548020244e+08 5.021647646845775247e+08
3.038238465732852611e-01 -2.378167839205934703e+08 4.995829691461692452e+08
3.054863561041573639e-01 -1.337243850723181814e+08 4.968622920882713199e+08
3.071488656418173702e-01 -2.981800911753622070e+07 4.940052262976704240e+08
3.088113751861554790e-01 7.344469390473517776e+07 4.910162202513128519e+08
3.104738847370644983e-01 1.756137802835148275e+08 4.879018753956604600e+08
3.121363942944395120e-01 2.762490145376456380e+08 4.846711264487947226e+08
3.137989038581776025e-01 3.749217975659419894e+08 4.813353984888283610e+08
3.154614134281782389e-01 4.712170127194477916e+08 4.779087339931625128e+08
3.171239230043430002e-01 5.647347819576609135e+08 4.744078823942831755e+08
3.187864325865753523e-01 6.550921247895181179e+08 4.708523441500647664e+08
3.204489421747808708e-01 7.419245132560195923e+08 4.672643608510621786e+08
3.221114517688670742e-01 8.248873168050390482e+08 4.636688425821384192e+08
3.237739613687434237e-01 9.036571315247623920e+08 4.600932237264169455e+08
3.254364709743211015e-01 9.779329888387758732e+08 4.565672387700772285e+08
3.270989805855132326e-01 1.047437439423280239e+09 4.531226105904604793e+08
3.287614902022346075e-01 1.111917508780203104e+09 4.497926453339980245e+08
3.304239998244018484e-01 1.171145521578119755e+09 4.466117304644325972e+08
3.320865094519330207e-01 1.224919792573685646e+09 4.436147359900675416e+08
3.337490190847480775e-01 1.273065182610496044e+09 4.408363232920962572e+08
3.354115287227684150e-01 1.315433518899144173e+09 4.383101713047396541e+08
3.370740383659170392e-01 1.351903879471457481e+09 4.360681358161410689e+08
3.387365480141183438e-01 1.382382742388609409e+09 4.341393639796893597e+08
3.403990576672984991e-01 1.406804000962482929e+09 4.325493921976833344e+08
3.420615673253846745e-01 1.425128846914774656e+09 4.313192606810704470e+08
3.437240769883058711e-01 1.437345524040742397e+09 4.304646814680457115e+08
3.453865866559921449e-01 1.443468955578114986e+09 4.299952978332878351e+08
3.470490963283750507e-01 1.443540249080680609e+09 4.299140713582388759e+08
3.487116060053874755e-01 1.437626083176269531e+09 4.302168282925511599e+08
3.503741156869634166e-01 1.425817981135812521e+09 4.308919894433236718e+08
3.520366253730383144e-01 1.408231476699159861e+09 4.319204982961580157e+08
3.536991350635486642e-01 1.385005178081346035e+09 4.332759513451017737e+08
3.553616447584322380e-01 1.356299736535340071e+09 4.349249238060083985e+08
3.570241544576279180e-01 1.322296726244147778e+09 4.368274741193513870e+08
3.586866641610758633e-01 1.283197442693761587e+09 4.389378028432991505e+08
3.603491738687170098e-01 1.239221626989840746e+09 4.412050362914022207e+08
3.620116835804937372e-01 1.190606123871859312e+09 4.435741028053371310e+08
3.636741932963493684e-01 1.137603481404356718e+09 4.459866697162205577e+08
3.653367030162280593e-01 1.080480500525675774e+09 4.483821114095909595e+08
3.669992127400752979e-01 1.019516742763705373e+09 4.506984828528729677e+08
3.686617224678372939e-01 9.550030045417211056e+08 4.528734778249232173e+08
3.703242321994613118e-01 8.872397665304474831e+08 4.548453562854019403e+08
3.719867419348956150e-01 8.165356265205248594e+08 4.565538303572366238e+08
3.736492516740893000e-01 7.432057242343527079e+08 4.579409029132067561e+08
3.753117614169925176e-01 6.675701664197506905e+08 4.589516565677195191e+08
3.769742711635561405e-01 5.899524604213948250e+08 4.595349938926553130e+08
3.786367809137318741e-01 5.106779642649033666e+08 4.596443319303172231e+08
3.802992906674724227e-01 4.300723610539144278e+08 4.592382556303985715e+08
3.819618004247312126e-01 3.484601652374941707e+08 4.582811358082435131e+08
3.836243101854625026e-01 2.661632679920559525e+08 4.567437176987605095e+08
3.852868199496213841e-01 1.834995286440283358e+08 4.546036862643198371e+08
3.869493297171635593e-01 1.007814186749501526e+08 4.518462141450609565e+08
3.886118394880457849e-01 1.831472446773452684e+07 4.484644975359541178e+08
3.902743492622252064e-01 -6.360268549530202150e+07 4.444602842768195271e+08
3.919368590396599683e-01 -1.446820237065947950e+08 4.398443969393543005e+08
3.935993688203087704e-01 -2.246446722064132094e+08 4.346372514792086482e+08
3.952618786041311449e-01 -3.032231923582835197e+08 4.288693687980440855e+08
3.969243883910870685e-01 -3.801622520707315207e+08 4.225818719045829177e+08
3.985868981811374612e-01 -4.552194672208049297e+08 4.158269547434374094e+08
4.002494079742436872e-01 -5.281661545978034139e+08 4.086682995125026703e+08
4.019119177703678880e-01 -5.987879942197722197e+08 4.011814067130817771e+08
4.035744275694727046e-01 -6.668855994494432211e+08 3.934537856174519062e+08
4.052369373715214440e-01 -7.322749938752828836e+08 3.855849320086054802e+08
4.068994471764781906e-01 -7.947879945029640198e+08 3.776859954212418199e+08
4.085619569843071952e-01 -8.542725013261268139e+08 3.698790116718429923e+08
4.102244667949735413e-01 -9.105926939209654331e+08 3.622955525741564035e+08
4.118869766084432005e-01 -9.636291362062710524e+08 3.550746310694105625e+08
4.135494864246819224e-01 -1.013278791065851927e+09 3.483597080137883425e+08
4.152119962436567890e-01 -1.059454946992125988e+09 3.422946907936069965e+08
4.168745060653349932e-01 -1.102087059430701733e+09 3.370189073948739767e+08
4.185370158896842829e-01 -1.141120509923042536e+09 3.326611886783397198e+08
4.201995257166728504e-01 -1.176516286620217085e+09 3.293333860480513573e+08
4.218620355462696647e-01 -1.208250590101120472e+09 3.271238569020152688e+08
4.235245453784438063e-01 -1.236314368852242231e+09 3.260916083422113061e+08
4.251870552131651881e-01 -1.260712789061200857e+09 3.262618343208509684e+08
4.268495650504041117e-01 -1.281464643738886118e+09 3.276234666412799358e+08
4.285120748901312115e-01 -1.298601706404778004e+09 3.301290889820733666e+08
4.301745847323175664e-01 -1.312168034872624159e+09 3.336971979758560061e+08
4.318370945769347546e-01 -1.322219230806381941e+09 3.382164378517685533e+08
4.334996044239549096e-01 -1.328821660953738928e+09 3.435511831272363067e+08
4.351621142733504422e-01 -1.332051646013032675e+09 3.495477506568236947e+08
4.368246241250944295e-01 -1.331994623254574060e+09 3.560405823018028736e+08
4.384871339791597822e-01 -1.328744288976709127e+09 3.628579018819503188e+08
4.401496438355204099e-01 -1.322401726977529049e+09 3.698265497869580388e+08
4.418121536941504446e-01 -1.313074529086591721e+09 3.767758817417044044e+08
4.434746635550242400e-01 -1.300875913840884209e+09 3.835407550589579940e+08
4.451371734181167605e-01 -1.285923849159640074e+09 3.899637088671706319e+08
4.467996832834031928e-01 -1.268340184853191137e+09 3.958964820219604969e+08
4.484621931508591675e-01 -1.248249800483303785e+09 4.012010169285123944e+08
4.501247030204606481e-01 -1.225779774019187212e+09 4.057500830667508841e+08
4.517872128921838204e-01 -1.201058576331764698e+09 4.094276307914533019e+08
4.534497227660054253e-01 -1.174215296453757286e+09 4.121289612097326517e+08
4.551122326419027031e-01 -1.145378902041345119e+09 4.137607750634489655e+08
4.567747425198525613e-01 -1.114677539345460415e+09 4.142411446426768303e+08
4.584372523998329063e-01 -1.082237876408540726e+09 4.134994377188585997e+08
4.600997622818217003e-01 -1.048184493081921458e+09 4.114762114838048816e+08
4.617622721657972384e-01 -1.012639320773248315e+09 4.081230863361373544e+08
4.634247820517383154e-01 -9.757211347350308895e+08 4.034026040195806026e+08
4.650872919396236149e-01 -9.375451009223690033e+08 3.972880707961345911e+08
4.667498018294323758e-01 -8.982223794124310017e+08 3.897633842924838066e+08
4.684123117211442255e-01 -8.578597854688717127e+08 3.808228411355787516e+08
4.700748216147389580e-01 -8.165595094190353155e+08 3.704709221734919548e+08
4.717373315101965336e-01 -7.744188954424288273e+08 3.587220516286172271e+08
4.733998414074974126e-01 -7.315302796356461048e+08 3.456003270759925842e+08
4.750623513066224435e-01 -6.879808864393837452e+08 3.311392170965860486e+08
4.767248612075521974e-01 -6.438527830572254658e+08 3.153812244619700909e+08
4.783873711102680226e-01 -5.992228899057831764e+08 2.983775127065969110e+08
4.800498810147514894e-01 -5.541630461218365431e+08 2.801874952785649300e+08
4.817123909209840571e-01 -5.087401270502371788e+08 2.608783862667273581e+08
4.833749008289477955e-01 -4.630162123723216653e+08 2.405247134338891506e+08
4.850374107386249412e-01 -4.170488005114950538e+08 2.192077936826877296e+08
4.866999206499977859e-01 -3.708910680479160547e+08 1.970151735648102760e+08
4.883624305630492324e-01 -3.245921680432193875e+08 1.740400362322513759e+08
4.900249404777619611e-01 -2.781975670266424417e+08 1.503805808215763569e+08
4.916874503941192631e-01 -2.317494114650071561e+08 1.261393795493586957e+08
4.933499603121045407e-01 -1.852869271869866252e+08 1.014227350053190142e+08
4.950124702317013070e-01 -1.388468343683754504e+08 7.634009642970097065e+07
4.966749801528934083e-01 -9.246379742465652525e+07 5.100387490007921308e+07
4.983374900756649684e-01 -4.617083390197151899e+07 2.553241337246047705e+07
