# r [arcsec]	I [Jy/sr]	I_uncer [Jy/sr]
1.272617859314095550e-03 1.699737682414376526e+11 4.430743896157603264e+09
2.921189009106442414e-03 1.696793020119626770e+11 4.414946533167886734e+09
4.579495862547155495e-03 1.691505813074765930e+11 4.386674836683421135e+09
6.240002426697914550e-03 1.683892770617228699e+11 4.346114053137349129e+09
7.901343393063876494e-03 1.673979475266497498e+11 4.293551612185785770e+09
9.563088128690054243e-03 1.661799339100579834e+11 4.229363350978728294e+09
1.122505851373705593e-02 1.647393361385415039e+11 4.154009905522876740e+09
1.288716767388508287e-02 1.630809921996713257e+11 4.068033845079351425e+09
1.454936822595933807e-02 1.612104552913432617e+11 3.972056709798729897e+09
1.621163214106096165e-02 1.591339680019305420e+11 3.866775888877174377e+09
1.787394178310437384e-02 1.568584334646109009e+11 3.752961402871624947e+09
1.953628550253095827e-02 1.543913835896821594e+11 3.631452693860689640e+09
2.119865529577967186e-02 1.517409445321575317e+11 3.503155548353944302e+09
2.286104548286438387e-02 1.489157995782268066e+11 3.369039291221678257e+09
2.452345192144544592e-02 1.459251496519024048e+11 3.230134394787727356e+09
2.618587151961204035e-02 1.427786716570486450e+11 3.087530641141912460e+09
2.784830192283991451e-02 1.394864748815215149e+11 2.942375948662958145e+09
2.951074130657948408e-02 1.360590556999851837e+11 2.795875909846918583e+09
3.117318823511218417e-02 1.325072508200545044e+11 2.649293961387636662e+09
3.283564156322602012e-02 1.288421893229526215e+11 2.503951879877872944e+09
3.449810036628684490e-02 1.250752437548258820e+11 2.361229911582479954e+09
3.616056388957845924e-02 1.212179805281707458e+11 2.222565231272783279e+09
3.782303151098994481e-02 1.172821098946032410e+11 2.089446512329485416e+09
3.948550271312052662e-02 1.132794357503626862e+11 1.963401155203103065e+09
4.114797706214112089e-02 1.092218055345457306e+11 1.845970293353994131e+09
4.281045419157746001e-02 1.051210604771126556e+11 1.738665536134359837e+09
4.447293378972808769e-02 1.009889864493086548e+11 1.642901518021720409e+09
4.613541558980088775e-02 9.683726566317231750e+10 1.559901272906294107e+09
4.779789936210682849e-02 9.267742945957479858e+10 1.490578787703032255e+09
4.946038490782722619e-02 8.852081241551095581e+10 1.435414722219085455e+09
5.112287205399637657e-02 8.437850799151602173e+10 1.394353397086641550e+09
5.278536064943199074e-02 8.026132592889710999e+10 1.366754031382998466e+09
5.444785056141081270e-02 7.617975159433952332e+10 1.351419705284618378e+09
5.611034167293492414e-02 7.214390745613133240e+10 1.346704449962444067e+09
5.777283388046990098e-02 6.816351686218452454e+10 1.350673499003983736e+09
5.943532709206246489e-02 6.424787027501348114e+10 1.361278051818599463e+09
6.109782122576532665e-02 6.040579410319306183e+10 1.376509409715917587e+09
6.276031620831216962e-02 5.664562225255482483e+10 1.394512276711039066e+09
6.442281197399798987e-02 5.297517050358710480e+10 1.413653244139297009e+09
6.608530846372812073e-02 4.940171380440352631e+10 1.432551272754031897e+09
6.774780562420743002e-02 4.593196655121478271e+10 1.450081140606822968e+09
6.941030340724584080e-02 4.257206591068802643e+10 1.465360393090286970e+09
7.107280176916151715e-02 3.932755822096575928e+10 1.477727878282361031e+09
7.273530067026563739e-02 3.620338849057390594e+10 1.486719214991537809e+09
7.439780007441634813e-02 3.320389299709218216e+10 1.492042310625550270e+09
7.606029994863128252e-02 3.033279497032859802e+10 1.493554497834374905e+09
7.772280026274960840e-02 2.759320332805216599e+10 1.491241895800614595e+09
7.938530098913672284e-02 2.498761441604071045e+10 1.485201055899265766e+09
8.104780210242505667e-02 2.251791668852494049e+10 1.475622670958106041e+09
8.271030357928650656e-02 2.018539825003547287e+10 1.462777002489878893e+09
8.437280539823126257e-02 1.799075716530464554e+10 1.447000639998055696e+09
8.603530753943039455e-02 1.593411443036015129e+10 1.428684209109257221e+09
8.769780998455847798e-02 1.401502948519673920e+10 1.408260669089168787e+09
8.936031271665356712e-02 1.223251813669885826e+10 1.386193876546978235e+09
9.102281571999285004e-02 1.058507274962472725e+10 1.362967140373825550e+09
9.268531897998151525e-02 9.070684553699905396e+09 1.339071557850170851e+09
9.434782248305331742e-02 7.686867906113409042e+09 1.314994010353606939e+09
9.601032621658157906e-02 6.430686341047693253e+09 1.291204815578793764e+09
9.767283016879922675e-02 5.298780231320128441e+09 1.268145183733679056e+09
9.933533432872686253e-02 4.287395881780814171e+09 1.246214801590366840e+09
1.009978386861079547e-01 3.392415869797440052e+09 1.225760052382893324e+09
1.026603432313502873e-01 2.609390444998924255e+09 1.207063540247371435e+09
1.043228479554730720e-01 1.933569798388381958e+09 1.190335684628565550e+09
1.059853528500589448e-01 1.359937010021691799e+09 1.175709142344584942e+09
1.076478579072105424e-01 8.832414846011412144e+08 1.163236676395026445e+09
1.093103631195108394e-01 4.980326855890246034e+08 1.152892822695589542e+09
1.109728684799872744e-01 1.986939807203827202e+08 1.144579345087970018e+09
1.126353739820789568e-01 -2.052358489642722532e+07 1.138134080966646671e+09
1.142978796196066349e-01 -1.654677676493667066e+08 1.133342441874230385e+09
1.159603853867454265e-01 -2.420520306184228957e+08 1.129950610546062469e+09
1.176228912779997832e-01 -2.562230433981454372e+08 1.127679401844991446e+09
1.192853972881804531e-01 -2.139289379423830509e+08 1.126237825294475317e+09
1.209479034123834701e-01 -1.210884741905479431e+08 1.125335565652268410e+09
1.226104096459709192e-01 1.643873915083823353e+07 1.124693833709716558e+09
1.242729159845529646e-01 1.928808322845083773e+08 1.124054281962105751e+09
1.259354224239715991e-01 4.025809436773103476e+08 1.123185891468740702e+09
1.275979289602855449e-01 6.400230544021244049e+08 1.121889896807878017e+09
1.292604355897561952e-01 8.998562813365460634e+08 1.120002920753247499e+09
1.309229423088349165e-01 1.176917534006153107e+09 1.117398545090298891e+09
1.325854491141509606e-01 1.466252451103863955e+09 1.113987560181422710e+09
1.342479560025006402e-01 1.763134544188990355e+09 1.109717125982409954e+09
1.359104629708369483e-01 2.063082487712359905e+09 1.104569052343997002e+09
1.375729700162601765e-01 2.361875506266990662e+09 1.098557375250147820e+09
1.392354771360091448e-01 2.655566821736847878e+09 1.091725374189291477e+09
1.408979843274529020e-01 2.940495134765664101e+09 1.084142147957776308e+09
1.425604915880832879e-01 3.213294126615005493e+09 1.075898844018750668e+09
1.442229989155077718e-01 3.470899978968185902e+09 1.067104621092307329e+09
1.458855063074428748e-01 3.710556920493550777e+09 1.057882416172630906e+09
1.475480137617080634e-01 3.929820819973445892e+09 1.048364585330858588e+09
1.492105212762198374e-01 4.126560856437324524e+09 1.038688491655550599e+09
1.508730288489867621e-01 4.298959307002005577e+09 1.028992122247256756e+09
1.525355364781040279e-01 4.445509502926135063e+09 1.019409827492111564e+09
1.541980441617490649e-01 4.565012013727165222e+09 1.010068287601228356e+09
1.558605518981770188e-01 4.656569127989669800e+09 1.001082820847280145e+09
1.575230596857167542e-01 4.719577707739381790e+09 9.925541521711187363e+08
1.591855675227668576e-01 4.753720500873399734e+09 9.845657571516517401e+08
1.608480754077921959e-01 4.758956003130081177e+09 9.771818827887248993e+08
1.625105833393203636e-01 4.735506967407923698e+09 9.704463224183568954e+08
1.641730913159387406e-01 4.683847663888013840e+09 9.643819882656788826e+08
1.658355993362912173e-01 4.604689999341662407e+09 9.589912842504029274e+08
1.674981073990755853e-01 4.498968608234101295e+09 9.542572376931320429e+08
1.691606155030408176e-01 4.367825031704786301e+09 9.501453063519369364e+08
1.708231236469845982e-01 4.212591103267925739e+09 9.466057414386557341e+08
1.724856318297508795e-01 4.034771662073155880e+09 9.435763617351101637e+08
1.741481400502279120e-01 3.836026715845499992e+09 9.409855808476911783e+08
1.758106483073458848e-01 3.618153176157942295e+09 9.387555293734313250e+08
1.774731566000750660e-01 3.383066288510691643e+09 9.368051249522985220e+08
1.791356649274240265e-01 3.132780878795707703e+09 9.350529632273542881e+08
1.807981732884377246e-01 2.869392536147406578e+09 9.334199283832015991e+08
1.824606816821959798e-01 2.595058849923699379e+09 9.318314499061626196e+08
1.841231901078118072e-01 2.311980815666025639e+09 9.302193596869724989e+08
1.857856985644300296e-01 2.022384521369095802e+09 9.285233284971381426e+08
1.874482070512257237e-01 1.728503221287051201e+09 9.266918819555588961e+08
1.891107155674030538e-01 1.432559899842928648e+09 9.246830128456205130e+08
1.907732241121938566e-01 1.136750423033127546e+09 9.224644191242817640e+08
1.924357326848565586e-01 8.432273690576256514e+08 9.200134056288691759e+08
1.940982412846749550e-01 5.540846238144326210e+08 9.173164929846551418e+08
1.957607499109572380e-01 2.713428203970323205e+08 9.143687802485831976e+08
1.974232585630348313e-01 -3.064305107034990564e+06 9.111731090268818140e+08
1.990857672402615297e-01 -2.673025763811984360e+08 9.077390767083798647e+08
2.007482759420124996e-01 -5.196490004805553555e+08 9.040819454362592697e+08
2.024107846676835298e-01 -7.585023021787191629e+08 9.002214917500072718e+08
2.040732934166899215e-01 -9.823923267572680712e+08 8.961808395764291286e+08
2.057358021884660160e-01 -1.189988276858170748e+09 8.919853164680320024e+08
2.073983109824642512e-01 -1.380105756988971472e+09 8.876613696331858635e+08
2.090608197981545235e-01 -1.551712607281711817e+09 8.832355743266271353e+08
2.107233286350234380e-01 -1.703933516078566313e+09 8.787337625106953382e+08
2.123858374925735870e-01 -1.836053408817535400e+09 8.741802943478022814e+08
2.140483463703231337e-01 -1.947519618472555161e+09 8.695974890879168510e+08
2.157108552678049240e-01 -2.037942850421955347e+09 8.650052253864940405e+08
2.173733641845664311e-01 -2.107096962021654844e+09 8.604207142134301662e+08
2.190358731201685061e-01 -2.154917584324566841e+09 8.558584405479037762e+08
2.206983820741854618e-01 -2.181499620248388290e+09 8.513302632769212723e+08
2.223608910462041566e-01 -2.187093660046615601e+09 8.468456564468334913e+08
2.240234000358239386e-01 -2.172101361105897903e+09 8.424120695368533134e+08
2.256859090426557024e-01 -2.137069844888919592e+09 8.380353799918068647e+08
2.273484180663219723e-01 -2.082685169193324566e+09 8.337204080555850267e+08
2.290109271064561247e-01 -2.009764938813018560e+09 8.294714620965473652e+08
2.306734361627020280e-01 -1.919250122114868164e+09 8.252928821526437998e+08
2.323359452347137921e-01 -1.812196144982789993e+09 8.211895503071278334e+08
2.339984543221555469e-01 -1.689763336999924183e+09 8.171673386387045383e+08
2.356609634247005536e-01 -1.553206807629763842e+09 8.132334687440654039e+08
2.373234725420314828e-01 -1.403865832508568287e+09 8.093967610352858305e+08
2.389859816738397480e-01 -1.243152831760192394e+09 8.056677570133866072e+08
2.406484908198254224e-01 -1.072542023497252584e+09 8.020587033383976221e+08
2.423109999796965175e-01 -8.935578363591052294e+08 7.985833925975202322e+08
2.439735091531692601e-01 -7.077631650903162956e+08 7.952568620458939075e+08
2.456360183399674824e-01 -5.167475527522977591e+08 7.920949580943357944e+08
2.472985275398224547e-01 -3.221153822253053188e+08 7.891137807433501482e+08
2.489610367524725254e-01 -1.254741581989489645e+08 7.863290282907279730e+08
2.506235459776631203e-01 7.157704112808939815e+07 7.837552682109167576e+08
2.522860552151463542e-01 2.674588658706878722e+08 7.814051648250821829e+08
2.539485644646808371e-01 4.606226759670191407e+08 7.792886979473053217e+08
2.556110737260313126e-01 6.495611319042340517e+08 7.774124088043754101e+08
2.572735829989687417e-01 8.328183279809926748e+08 7.757787099426897764e+08
2.589360922832700251e-01 1.008999405595467687e+09 7.743852943864166737e+08
2.605986015787175591e-01 1.176779588573867321e+09 7.732246759685934782e+08
2.622611108850994577e-01 1.334912587407169104e+09 7.722838876236952543e+08
2.639236202022091082e-01 1.482238324387912035e+09 7.715443577870483398e+08
2.655861295298450053e-01 1.617689937023993254e+09 7.709819772972130775e+08
2.672486388678106950e-01 1.740300022694249392e+09 7.705673608661502600e+08
2.689111482159146083e-01 1.849206093265213013e+09 7.702662988300319910e+08
2.705736575739698391e-01 1.943655214280433655e+09 7.700403870808786154e+08
2.722361669417941443e-01 2.023007809302321434e+09 7.698478162723006010e+08
2.738986763192096108e-01 2.086740616015282869e+09 7.696442959545040131e+08
2.755611857060425440e-01 2.134448786716748714e+09 7.693840854063277245e+08
2.772236951021236906e-01 2.165847131822784424e+09 7.690211006401911974e+08
2.788862045072874607e-01 2.180770510923389435e+09 7.685100662373689413e+08
2.805487139213725944e-01 2.179173381730076790e+09 7.678076811070551872e+08
2.822112233442213292e-01 2.161128522895277500e+09 7.668737686396428347e+08
2.838737327756796214e-01 2.126824952153985023e+09 7.656723837272745371e+08
2.855362422155972579e-01 2.076565066453175783e+09 7.641728514117966890e+08
2.871987516638271343e-01 2.010761035719825029e+09 7.623507142256127596e+08
2.888612611202258651e-01 1.929930486593694448e+09 7.601885673753319979e+08
2.905237705846532292e-01 1.834691516814523458e+09 7.576767626490470171e+08
2.921862800569720031e-01 1.725757084975538015e+09 7.548139632252829075e+08
2.938487895370484604e-01 1.603928823998640537e+09 7.516075324501832724e+08
2.955112990247516502e-01 1.470090329950093985e+09 7.480737402259651423e+08
2.971738085199533974e-01 1.325199980668441057e+09 7.442377711025719643e+08
2.988363180225286353e-01 1.170283341103062391e+09 7.401335187534786463e+08
3.004988275323551283e-01 1.006425214262517095e+09 7.358031525938743353e+08
3.021613370493130279e-01 8.347613982271392345e+08 7.312964442810013294e+08
3.038238465732852611e-01 6.564702107880307436e+08 7.266698451805037260e+08
3.054863561041573639e-01 4.727638439378433824e+08 7.219853110754951239e+08
3.071488656418173702e-01 2.848796106528838277e+08 7.173088778307909966e+08
3.088113751861554790e-01 9.407114618122304976e+07 7.127090017000850439e+08
3.104738847370644983e-01 -9.840037460899126530e+07 7.082546904705899954e+08
3.121363942944395120e-01 -2.912749433492665291e+08 7.040134663397784233e+08
3.137989038581776025e-01 -4.833022887728558779e+08 7.000492174660933018e+08
3.154614134281782389e-01 -6.732502546998969316e+08 6.964200111840555668e+08
3.171239230043430002e-01 -8.599129305537453890e+08 6.931759560965121984e+08
3.187864325865753523e-01 -1.042118482164678931e+09 6.903572105406262875e+08
3.204489421747808708e-01 -1.218736633539351463e+09 6.879922391585979462e+08
3.221114517688670742e-01 -1.388685753509472847e+09 6.860964158215508461e+08
3.237739613687434237e-01 -1.550939504665791512e+09 6.846710591070359945e+08
3.254364709743211015e-01 -1.704533015731074095e+09 6.837029662497695684e+08
3.270989805855132326e-01 -1.848568542470088243e+09 6.831644845784064531e+08
3.287614902022346075e-01 -1.982220586378227472e+09 6.830141286251525879e+08
3.304239998244018484e-01 -2.104740444651389360e+09 6.831977197394605875e+08
3.320865094519330207e-01 -2.215460169349813461e+09 6.836499966083264351e+08
3.337490190847480775e-01 -2.313795918120637417e+09 6.842966224655177593e+08
3.354115287227684150e-01 -2.399250683373802662e+09 6.850564998282241821e+08
3.370740383659170392e-01 -2.471416391328871250e+09 6.858442969180570841e+08
3.387365480141183438e-01 -2.529975366860132217e+09 6.865730908808169365e+08
3.403990576672984991e-01 -2.574701164524974346e+09 6.871570399905338287e+08
3.420615673253846745e-01 -2.605458770538578510e+09 6.875140081286439896e+08
3.437240769883058711e-01 -2.622204184710751534e+09 6.875680778052352667e+08
3.453865866559921449e-01 -2.624983395491843700e+09 6.872519008660933971e+08
3.470490963283750507e-01 -2.613930765221257687e+09 6.865088472622652054e+08
3.487116060053874755e-01 -2.589266846430331707e+09 6.852949207782270908e+08
3.503741156869634166e-01 -2.551295653603778362e+09 6.835804158352396488e+08
3.520366253730383144e-01 -2.500401418101569653e+09 6.813512912018120289e+08
3.536991350635486642e-01 -2.437044857002181053e+09 6.786102347860702276e+08
3.553616447584322380e-01 -2.361758989404127598e+09 6.753773890383495092e+08
3.570241544576279180e-01 -2.275144536219924927e+09 6.716906995057693720e+08
3.586866641610758633e-01 -2.177864941687279701e+09 6.676058407086703777e+08
3.603491738687170098e-01 -2.070641056719212532e+09 6.631956651027337313e+08
3.620116835804937372e-01 -1.954245525783348083e+09 6.585491143157250881e+08
3.636741932963493684e-01 -1.829496920258596182e+09 6.537695295859892368e+08
3.653367030162280593e-01 -1.697253662162341833e+09 6.489723034544495344e+08
3.669992127400752979e-01 -1.558407782745258570e+09 6.442818307370805740e+08
3.686617224678372939e-01 -1.413878560765417814e+09 6.398277469555176497e+08
3.703242321994613118e-01 -1.264606085230818272e+09 6.357404889751851559e+08
3.719867419348956150e-01 -1.111544787093133450e+09 6.321462754953395128e+08
3.736492516740893000e-01 -9.556569837534962893e+08 6.291616804157297611e+08
3.753117614169925176e-01 -7.979064793545773029e+08 6.268880514125099182e+08
3.769742711635561405e-01 -6.392522626550245285e+08 6.254060961371241808e+08
3.786367809137318741e-01 -4.806423428632578254e+08 6.247710034120693207e+08
3.802992906674724227e-01 -3.230077621303114891e+08 6.250084716864670515e+08
3.819618004247312126e-01 -1.672568215153742731e+08 6.261119726309905052e+08
3.836243101854625026e-01 -1.426955512628523633e+07 6.280414847882182598e+08
3.852868199496213841e-01 1.351075151437415183e+08 6.307238028944551945e+08
3.869493297171635593e-01 2.800663143326876163e+08 6.340543844220124483e+08
3.886118394880457849e-01 4.198418112216347456e+08 6.379005613770459890e+08
3.902743492622252064e-01 5.537162526382466555e+08 6.421058444752167463e+08
3.919368590396599683e-01 6.810230134703365564e+08 6.464949916632741690e+08
3.935993688203087704e-01 8.011500435527635813e+08 6.508795055176262856e+08
3.952618786041311449e-01 9.135428955685726404e+08 6.550632565486685038e+08
3.969243883910870685e-01 1.017707321152408361e+09 6.588479882790340185e+08
3.985868981811374612e-01 1.113211425430984259e+09 6.620385303278064728e+08
4.002494079742436872e-01 1.199687373305452585e+09 6.644476150959342718e+08
4.019119177703678880e-01 1.276832643817203045e+09 6.659002536697118282e+08
4.035744275694727046e-01 1.344410831947969198e+09 6.662376731812183857e+08
4.052369373715214440e-01 1.402252000159037828e+09 6.653208505589476824e+08
4.068994471764781906e-01 1.450252584853269100e+09 6.630336979520758390e+08
4.085619569843071952e-01 1.488374865735925436e+09 6.592859657262300253e+08
4.102244667949735413e-01 1.516646008744770288e+09 6.540159323572602272e+08
4.118869766084432005e-01 1.535156695779150724e+09 6.471929487480925322e+08
4.135494864246819224e-01 1.544059356912815094e+09 6.388198983279429674e+08
4.152119962436567890e-01 1.543566023053953886e+09 6.289356232382409573e+08
4.168745060653349932e-01 1.533945819172626734e+09 6.176173486670244932e+08
4.185370158896842829e-01 1.515522120177782297e+09 6.049831074041279554e+08
4.201995257166728504e-01 1.488669393343749285e+09 5.911941175062270164e+08
4.218620355462696647e-01 1.453809752791975737e+09 5.764569867355433702e+08
4.235245453784438063e-01 1.411409252992463112e+09 5.610254939571242332e+08
4.251870552131651881e-01 1.361973949465115309e+09 5.452015143973169327e+08
4.268495650504041117e-01 1.306045755945128441e+09 5.293344018981679082e+08
4.285120748901312115e-01 1.244198128090676308e+09 5.138178252356458306e+08
4.301745847323175664e-01 1.177031604502597570e+09 4.990827292561054230e+08
4.318370945769347546e-01 1.105169236239754438e+09 4.855848846698781848e+08
4.334996044239549096e-01 1.029251936307884812e+09 4.737856346831495166e+08
4.351621142733504422e-01 9.499337806182483435e+08 4.641252457147740126e+08
4.368246241250944295e-01 8.678772918176779747e+08 4.569899485067796707e+08
4.384871339791597822e-01 7.837487370238194466e+08 4.526761751428469419e+08
4.401496438355204099e-01 6.982134700371512175e+08 4.513578815180904269e+08
4.418121536941504446e-01 6.119313478599081039e+08 4.530638836933885217e+08
4.434746635550242400e-01 5.255522505508508682e+08 4.576707191410557628e+08
4.451371734181167605e-01 4.397117323548772335e+08 4.649127587637691498e+08
4.467996832834031928e-01 3.550268309360917211e+08 4.744067284055703282e+08
4.484621931508591675e-01 2.720920601351655722e+08 4.856845702743728757e+08
4.501247030204606481e-01 1.914756102941073477e+08 4.982278868663977385e+08
4.517872128921838204e-01 1.137157784962956458e+08 5.114987310784682631e+08
4.534497227660054253e-01 3.931764947081242502e+07 5.249639729642784595e+08
4.551122326419027031e-01 -3.124995403027475625e+07 5.381126929661222696e+08
4.567747425198525613e-01 -9.755723435259701312e+07 5.504674495339521170e+08
4.584372523998329063e-01 -1.592158806633479893e+08 5.615908427572283745e+08
4.600997622818217003e-01 -2.158812162952844501e+08 5.710888127987596989e+08
4.617622721657972384e-01 -2.672540210174118280e+08 5.786118591480704546e+08
4.634247820517383154e-01 -3.130820195131537914e+08 5.838550433919147253e+08
4.650872919396236149e-01 -3.531610297645645738e+08 5.865573459093524218e+08
4.667498018294323758e-01 -3.873357670053379536e+08 5.865007221542223692e+08
4.684123117211442255e-01 -4.155003014154477715e+08 5.835090470358330011e+08
4.700748216147389580e-01 -4.375981696180045009e+08 5.774470346000937223e+08
4.717373315101965336e-01 -4.536221426120433807e+08 5.682191584985471964e+08
4.733998414074974126e-01 -4.636136545016707778e+08 5.557685648156311512e+08
4.750623513066224435e-01 -4.676618990107172132e+08 5.400759515170956850e+08
4.767248612075521974e-01 -4.659026022371143699e+08 5.211583830031864643e+08
4.783873711102680226e-01 -4.585164828041132092e+08 4.990680076537497044e+08
4.800498810147514894e-01 -4.457274116287708879e+08 4.738906503410107493e+08
4.817123909209840571e-01 -4.278002863910355568e+08 4.457442562495159507e+08
4.833749008289477955e-01 -4.050386362250333428e+08 4.147771692846821547e+08
4.850374107386249412e-01 -3.777819753888472915e+08 3.811662332495238185e+08
4.866999206499977859e-01 -3.464029240833083987e+08 3.451147116330872774e+08
4.883624305630492324e-01 -3.113041187024595141e+08 3.068500256538528204e+08
4.900249404777619611e-01 -2.729149313224889040e+08 2.666213188395033479e+08
4.916874503941192631e-01 -2.316880245882658362e+08 2.246968588003410101e+08
4.933499603121045407e-01 -1.880957613286438584e+08 1.813613023046680391e+08
4.950124702317013070e-01 -1.426265015469340980e+08 1.369128684952102304e+08
4.966749801528934083e-01 -9.578079765593878925e+07 9.166063500411458313e+07
4.983374900756649684e-01 -4.806755678780399263e+07 4.592355801502785087e+07
