# r [arcsec]	I [Jy/sr]	I_uncer [Jy/sr]
1.272617859314095550e-03 4.587734526853680420e+10 1.857801424499378204e+09
2.921189009106442414e-03 4.588980651462159729e+10 1.853773237282813311e+09
4.579495862547155495e-03 4.591215698793485260e+10 1.846616204887801886e+09
6.240002426697914550e-03 4.594428490399354553e+10 1.836330062963266134e+09
7.901343393063876494e-03 4.598602268651945496e+10 1.822948065342587948e+09
9.563088128690054243e-03 4.603715140587657928e+10 1.806518747964717150e+09
1.122505851373705593e-02 4.609740183262170410e+10 1.787103074822692871e+09
1.288716767388508287e-02 4.616645534891636658e+10 1.764773610400526524e+09
1.454936822595933807e-02 4.624394496411972046e+10 1.739614075139939070e+09
1.621163214106096165e-02 4.632945646955572510e+10 1.711718992801503420e+09
1.787394178310437384e-02 4.642252973735208893e+10 1.681193359772608995e+09
1.953628550253095827e-02 4.652266016163124847e+10 1.648152317659491062e+09
2.119865529577967186e-02 4.662930023835564423e+10 1.612720826620411396e+09
2.286104548286438387e-02 4.674186127915798950e+10 1.575033343538663626e+09
2.452345192144544592e-02 4.685971525393140411e+10 1.535233512729952097e+09
2.618587151961204035e-02 4.698219675646936798e+10 1.493473879453713417e+09
2.784830192283991451e-02 4.710860508704010010e+10 1.449915638838176966e+09
2.951074130657948408e-02 4.723820644540314484e+10 1.404728435292814255e+09
3.117318823511218417e-02 4.737023622743669128e+10 1.358090230263691187e+09
3.283564156322602012e-02 4.750390141821231842e+10 1.310187259413745880e+09
3.449810036628684490e-02 4.763838307408181000e+10 1.261214104047029734e+09
3.616056388957845924e-02 4.777283888603111267e+10 1.211373905837483406e+09
3.782303151098994481e-02 4.790640581636397552e+10 1.160878758544441223e+09
3.948550271312052662e-02 4.803820280050283813e+10 1.109950315024098873e+09
4.114797706214112089e-02 4.816733350555786896e+10 1.058820651697863460e+09
4.281045419157746001e-02 4.829288913709988403e+10 1.007733434166439056e+09
4.447293378972808769e-02 4.841395128548300934e+10 9.569454240681824684e+08
4.613541558980088775e-02 4.852959480291294861e+10 9.067283536642677784e+08
4.779789936210682849e-02 4.863889070240919495e+10 8.573711628043447733e+08
4.946038490782722619e-02 4.874090906973316956e+10 8.091825297745372057e+08
5.112287205399637657e-02 4.883472197935610199e+10 7.624935133585861921e+08
5.278536064943199074e-02 4.891940640551279449e+10 7.176599312625167370e+08
5.444785056141081270e-02 4.899404711946752167e+10 6.750637988007518053e+08
5.611034167293492414e-02 4.905773956412417603e+10 6.351127193721060753e+08
5.777283388046990098e-02 4.910959269726709747e+10 5.982355744392995834e+08
5.943532709206246489e-02 4.914873179477565002e+10 5.648723290208767653e+08
6.109782122576532665e-02 4.917430120535070038e+10 5.354555611061174273e+08
6.276031620831216962e-02 4.918546704843544769e+10 5.103819862609392405e+08
6.442281197399798987e-02 4.918141984722093964e+10 4.899744169950258732e+08
6.608530846372812073e-02 4.916137708884896088e+10 4.744384726302554607e+08
6.774780562420743002e-02 4.912458570417707825e+10 4.638229042797496915e+08
6.941030340724584080e-02 4.907032445973511505e+10 4.579950351538659334e+08
7.107280176916151715e-02 4.899790625480857086e+10 4.566407059836069345e+08
7.273530067026563739e-02 4.890668031687695312e+10 4.592908710195975900e+08
7.439780007441634813e-02 4.879603428901743317e+10 4.653680715285555124e+08
7.606029994863128252e-02 4.866539620317608643e+10 4.742404461233064532e+08
7.772280026274960840e-02 4.851423633364685059e+10 4.852712168126800656e+08
7.938530098913672284e-02 4.834206892544234467e+10 4.978561695856802464e+08
8.104780210242505667e-02 4.814845379267072296e+10 5.114470947519552112e+08
8.271030357928650656e-02 4.793299778245138550e+10 5.255629739171279073e+08
8.437280539823126257e-02 4.769535610031075287e+10 5.397923046660336256e+08
8.603530753943039455e-02 4.743523349349847412e+10 5.537899564163048267e+08
8.769780998455847798e-02 4.715238528903407288e+10 5.672712114800209999e+08
8.936031271665356712e-02 4.684661828384445190e+10 5.800047691400219202e+08
9.102281571999285004e-02 4.651779148475901031e+10 5.918057613289538622e+08
9.268531897998151525e-02 4.616581669661733246e+10 6.025293175800462961e+08
9.434782248305331742e-02 4.579065895724076843e+10 6.120648980262514353e+08
9.601032621658157906e-02 4.539233681846481323e+10 6.203314329321013689e+08
9.767283016879922675e-02 4.497092247293436432e+10 6.272732161304355860e+08
9.933533432872686253e-02 4.452654172682324219e+10 6.328564613590884209e+08
1.009978386861079547e-01 4.405937381912178802e+10 6.370664209745253325e+08
1.026603432313502873e-01 4.356965108860417175e+10 6.399049713720843792e+08
1.043228479554730720e-01 4.305765849004372406e+10 6.413885804200654030e+08
1.059853528500589448e-01 4.252373296171833038e+10 6.415465848872431517e+08
1.076478579072105424e-01 4.196826264666206360e+10 6.404197180211755037e+08
1.093103631195108394e-01 4.139168597060498047e+10 6.380588381638995409e+08
1.109728684799872744e-01 4.079449057990587616e+10 6.345238182572141886e+08
1.126353739820789568e-01 4.017721214326306915e+10 6.298825633160970211e+08
1.142978796196066349e-01 3.954043302131706238e+10 6.242101285752887726e+08
1.159603853867454265e-01 3.888478080871138763e+10 6.175879152458907366e+08
1.176228912779997832e-01 3.821092675346929169e+10 6.101029238461225033e+08
1.192853972881804531e-01 3.751958405896404266e+10 6.018470470868173838e+08
1.209479034123834701e-01 3.681150607403291321e+10 5.929163854622869492e+08
1.226104096459709192e-01 3.608748437713547516e+10 5.834105691975802183e+08
1.242729159845529646e-01 3.534834676070233917e+10 5.734320702084646225e+08
1.259354224239715991e-01 3.459495512215053558e+10 5.630854874626259804e+08
1.275979289602855449e-01 3.382820326820866013e+10 5.524767888465188742e+08
1.292604355897561952e-01 3.304901463949411774e+10 5.417124926859976053e+08
1.309229423088349165e-01 3.225833996242819214e+10 5.308987728606955409e+08
1.325854491141509606e-01 3.145715483578316879e+10 5.201404734926100373e+08
1.342479560025006402e-01 3.064645725928347397e+10 5.095400230388965011e+08
1.359104629708369483e-01 2.982726511183732986e+10 4.991962438234664202e+08
1.375729700162601765e-01 2.900061358705252457e+10 4.892030620172830820e+08
1.392354771360091448e-01 2.816755259377752686e+10 4.796481349635000825e+08
1.408979843274529020e-01 2.732914412946586990e+10 4.706114271923120022e+08
1.425604915880832879e-01 2.648645963418219376e+10 4.621637824717158675e+08
1.442229989155077718e-01 2.564057733307610321e+10 4.543655550211650133e+08
1.458855063074428748e-01 2.479257957512063217e+10 4.472653760906852484e+08
1.475480137617080634e-01 2.394355017588177109e+10 4.408991395942149162e+08
1.492105212762198374e-01 2.309457177199514771e+10 4.352892896552991867e+08
1.508730288489867621e-01 2.224672319494887543e+10 4.304444819327766299e+08
1.525355364781040279e-01 2.140107687163964081e+10 4.263596692072409391e+08
1.541980441617490649e-01 2.055869625905503464e+10 4.230166317156599164e+08
1.558605518981770188e-01 1.972063332024166870e+10 4.203849378547323346e+08
1.575230596857167542e-01 1.888792604855249405e+10 4.184232861513426304e+08
1.591855675227668576e-01 1.806159604698299026e+10 4.170811500019320250e+08
1.608480754077921959e-01 1.724264616913946152e+10 4.163006267732733488e+08
1.625105833393203636e-01 1.643205822818447685e+10 4.160183846608793139e+08
1.641730913159387406e-01 1.563079077982341576e+10 4.161676041814439893e+08
1.658355993362912173e-01 1.483977698512344933e+10 4.166798243178645372e+08
1.674981073990755853e-01 1.405992255867502213e+10 4.174866228819112182e+08
1.691606155030408176e-01 1.329210380728623199e+10 4.185210829924046397e+08
1.708231236469845982e-01 1.253716576409277534e+10 4.197190194748595357e+08
1.724856318297508795e-01 1.179592042263223839e+10 4.210199581308446527e+08
1.741481400502279120e-01 1.106914507508568001e+10 4.223678758926770091e+08
1.758106483073458848e-01 1.035758075853648186e+10 4.237117204780219197e+08
1.774731566000750660e-01 9.661930812746133804e+09 4.250057345837289095e+08
1.791356649274240265e-01 8.982859552563816071e+09 4.262096125991174579e+08
1.807981732884377246e-01 8.320991057716669083e+09 4.272885181300364733e+08
1.824606816821959798e-01 7.676908082358662605e+09 4.282129891440567374e+08
1.841231901078118072e-01 7.051151086351701736e+09 4.289587549962732196e+08
1.857856985644300296e-01 6.444217389886557579e+09 4.295064865383089781e+08
1.874482070512257237e-01 5.856560452653961182e+09 4.298414973500774503e+08
1.891107155674030538e-01 5.288589278388807297e+09 4.299534111278021336e+08
1.907732241121938566e-01 4.740667945231269836e+09 4.298358075572531819e+08
1.924357326848565586e-01 4.213115261956930161e+09 4.294858566679233313e+08
1.940982412846749550e-01 3.706204549758849144e+09 4.289039497101801634e+08
1.957607499109572380e-01 3.220163548877258301e+09 4.280933330019373894e+08
1.974232585630348313e-01 2.755174449018046856e+09 4.270597499095379114e+08
1.990857672402615297e-01 2.311374042126560211e+09 4.258110951130942106e+08
2.007482759420124996e-01 1.888853995741826057e+09 4.243570845007670522e+08
2.024107846676835298e-01 1.487661244800351620e+09 4.227089433995221257e+08
2.040732934166899215e-01 1.107798499440694571e+09 4.208791153281789422e+08
2.057358021884660160e-01 7.492248660146917105e+08 4.188809930222851038e+08
2.073983109824642512e-01 4.118565782294536829e+08 4.167286730924946070e+08
2.090608197981545235e-01 9.556783501692403853e+07 4.144367353165728450e+08
2.107233286350234380e-01 -1.998082585290116668e+08 4.120200472092288733e+08
2.123858374925735870e-01 -4.744786511026129723e+08 4.094935941515313387e+08
2.140483463703231337e-01 -7.286892102055764198e+08 4.068723349830867052e+08
2.157108552678049240e-01 -9.627234966861096621e+08 4.041710825650222898e+08
2.173733641845664311e-01 -1.176901453437603235e+09 4.014044084075772762e+08
2.190358731201685061e-01 -1.371578013136627674e+09 3.985865700332248807e+08
2.206983820741854618e-01 -1.547141630051599979e+09 3.957314593181604743e+08
2.223608910462041566e-01 -1.704012741158666611e+09 3.928525696390016079e+08
2.240234000358239386e-01 -1.842642161923525572e+09 3.899629792556493878e+08
2.256859090426557024e-01 -1.963509422263303757e+09 3.870753480065972805e+08
2.273484180663219723e-01 -2.067121048302812099e+09 3.842019240907423496e+08
2.290109271064561247e-01 -2.154008795646052837e+09 3.813545574785996675e+08
2.306734361627020280e-01 -2.224727839954164505e+09 3.785447163505693078e+08
2.323359452347137921e-01 -2.279854930685417652e+09 3.757835029134006500e+08
2.339984543221555469e-01 -2.319986513886219025e+09 3.730816650114431381e+08
2.356609634247005536e-01 -2.345736829950451851e+09 3.704496001346951723e+08
2.373234725420314828e-01 -2.357735992261247635e+09 3.678973487378332019e+08
2.389859816738397480e-01 -2.356628052617071629e+09 3.654345742246952653e+08
2.406484908198254224e-01 -2.343069059305627346e+09 3.630705275180525184e+08
2.423109999796965175e-01 -2.317725113645165443e+09 3.608139948181353211e+08
2.439735091531692601e-01 -2.281270430734247208e+09 3.586732279384776950e+08
2.456360183399674824e-01 -2.234385410069917679e+09 3.566558574743915200e+08
2.472985275398224547e-01 -2.177754721594341755e+09 3.547687899797933698e+08
2.489610367524725254e-01 -2.112065412602142096e+09 3.530180912626227140e+08
2.506235459776631203e-01 -2.038005040816269398e+09 3.514088588219122291e+08
2.522860552151463542e-01 -1.956259838783035755e+09 3.499450872860753536e+08
2.539485644646808371e-01 -1.867512914580907106e+09 3.486295314308680296e+08
2.556110737260313126e-01 -1.772442493651078463e+09 3.474635719018728733e+08
2.572735829989687417e-01 -1.671720206379614592e+09 3.464470891046398282e+08
2.589360922832700251e-01 -1.566009425847090244e+09 3.455783508166759014e+08
2.605986015787175591e-01 -1.455963659958538294e+09 3.448539189076972008e+08
2.622611108850994577e-01 -1.342225001934102058e+09 3.442685801194406748e+08
2.639236202022091082e-01 -1.225422642912754536e+09 3.438153051781750321e+08
2.655861295298450053e-01 -1.106171450176358461e+09 3.434852396224226356e+08
2.672486388678106950e-01 -9.850706142517908812e+08 3.432677286808053851e+08
2.689111482159146083e-01 -8.627023678873941898e+08 3.431503773925125599e+08
2.705736575739698391e-01 -7.396307796440311670e+08 3.431191459975327253e+08
2.722361669417941443e-01 -6.164006245599434376e+08 3.431584795015705228e+08
2.738986763192096108e-01 -4.935363340865857601e+08 3.432514693081897497e+08
2.755611857060425440e-01 -3.715410272067480683e+08 3.433800439544490576e+08
2.772236951021236906e-01 -2.508956243678980768e+08 3.435251853236962557e+08
2.788862045072874607e-01 -1.320580455856806338e+08 3.436671662544221282e+08
2.805487139213725944e-01 -1.546249378462125361e+07 3.437858052207331061e+08
2.822112233442213292e-01 9.848117583725988865e+07 3.438607337072888613e+08
2.838737327756796214e-01 2.093879999131514430e+08 3.438716720206182599e+08
2.855362422155972579e-01 3.168983642587375641e+08 3.437987095251734853e+08
2.871987516638271343e-01 4.206783745206000209e+08 3.436225856385837793e+08
2.888612611202258651e-01 5.204201404479815960e+08 3.433249683168425560e+08
2.905237705846532292e-01 6.158419743804782629e+08 3.428887271787815690e+08
2.921862800569720031e-01 7.066885048152567148e+08 3.422981988221000433e+08
2.938487895370484604e-01 7.927307061636106968e+08 3.415394422435598969e+08
2.955112990247516502e-01 8.737658460717563629e+08 3.406004825736585855e+08
2.971738085199533974e-01 9.496173519104117155e+08 3.394715415499731302e+08
2.988363180225286353e-01 1.020134598288225293e+09 3.381452532683654428e+08
3.004988275323551283e-01 1.085192617654305935e+09 3.366168637602759600e+08
3.021613370493130279e-01 1.144691736289757967e+09 3.348844128310046196e+08
3.038238465732852611e-01 1.198557138178719521e+09 3.329488963528577685e+08
3.054863561041573639e-01 1.246738359461313009e+09 3.308144068310518265e+08
3.071488656418173702e-01 1.289208716342329741e+09 3.284882495408079028e+08
3.088113751861554790e-01 1.325964669514870167e+09 3.259810308700250387e+08
3.104738847370644983e-01 1.357025128312438726e+09 3.233067146974880099e+08
3.121363942944395120e-01 1.382430697955469131e+09 3.204826417036900520e+08
3.137989038581776025e-01 1.402242873392579317e+09 3.175295054836301208e+08
3.154614134281782389e-01 1.416543183365098715e+09 3.144712782601715326e+08
3.171239230043430002e-01 1.425432288424556255e+09 3.113350779724008441e+08
3.187864325865753523e-01 1.429029036736278057e+09 3.081509676653062105e+08
3.204489421747808708e-01 1.427469481586252451e+09 3.049516776124060154e+08
3.221114517688670742e-01 1.420905864563291550e+09 3.017722406958107948e+08
3.237739613687434237e-01 1.409505568464514256e+09 2.986495325231649280e+08
3.254364709743211015e-01 1.393450043988892317e+09 2.956217098794458508e+08
3.270989805855132326e-01 1.372933714331394434e+09 2.927275446785806417e+08
3.287614902022346075e-01 1.348162861784924507e+09 2.900056557975108624e+08
3.304239998244018484e-01 1.319354500467323303e+09 2.874936480780260563e+08
3.320865094519330207e-01 1.286735239270037174e+09 2.852271761511054635e+08
3.337490190847480775e-01 1.250540139096298695e+09 2.832389599998762012e+08
3.354115287227684150e-01 1.211011568413426876e+09 2.815577884014223814e+08
3.370740383659170392e-01 1.168398061094504118e+09 2.802075542977017760e+08
3.387365480141183438e-01 1.122953180445177794e+09 2.792063713152134418e+08
3.403990576672984991e-01 1.074934393240142584e+09 2.785658217367823720e+08
3.420615673253846745e-01 1.024601957497808814e+09 2.782903823163070083e+08
3.437240769883058711e-01 9.722178276166186333e+08 2.783770652136589885e+08
3.453865866559921449e-01 9.180445803779749870e+08 2.788152977265699506e+08
3.470490963283750507e-01 8.623443652056238651e+08 2.795870479569022655e+08
3.487116060053874755e-01 8.053778819156987667e+08 2.806671862359444499e+08
3.503741156869634166e-01 7.474033890695807934e+08 2.820240563423693180e+08
3.520366253730383144e-01 6.886757458628447056e+08 2.836202182635105252e+08
3.536991350635486642e-01 6.294454903394292593e+08 2.854133167279265523e+08
3.553616447584322380e-01 5.699579565385659933e+08 2.873570273576070070e+08
3.570241544576279180e-01 5.104524330057360530e+08 2.894020345640100241e+08
3.586866641610758633e-01 4.511613649169408083e+08 2.914970011791717410e+08
3.603491738687170098e-01 3.923096018754739165e+08 2.935894978791404963e+08
3.620116835804937372e-01 3.341136932393900156e+08 2.956268693798050880e+08
3.636741932963493684e-01 2.767812326493513584e+08 2.975570230193008184e+08
3.653367030162280593e-01 2.205102532108368576e+08 2.993291329268186688e+08
3.669992127400752979e-01 1.654886745924597979e+08 3.008942590703898668e+08
3.686617224678372939e-01 1.118938030822097957e+08 3.022058849862125516e+08
3.703242321994613118e-01 5.989188544572102278e+07 3.032203809959921241e+08
3.719867419348956150e-01 9.637717211380794644e+06 3.038974014728462696e+08
3.736492516740893000e-01 -3.872569419314347953e+07 3.042002254827632308e+08
3.753117614169925176e-01 -8.506741124184659123e+07 3.040960502149074674e+08
3.769742711635561405e-01 -1.292687930440551639e+08 3.035562462500090003e+08
3.786367809137318741e-01 -1.712236672047156692e+08 3.025565831307172179e+08
3.802992906674724227e-01 -2.108384472133739293e+08 3.010774330233218670e+08
3.819618004247312126e-01 -2.480321959538755119e+08 2.991039596280160546e+08
3.836243101854625026e-01 -2.827366361233633757e+08 2.966262989531415701e+08
3.852868199496213841e-01 -3.148961085368471146e+08 2.936397381743000150e+08
3.869493297171635593e-01 -3.444674794680275321e+08 2.901448985396806002e+08
3.886118394880457849e-01 -3.714199983639646769e+08 2.861479281588458419e+08
3.902743492622252064e-01 -3.957351074270033240e+08 2.816607104542413354e+08
3.919368590396599683e-01 -4.174062047249740958e+08 2.767010939904570580e+08
3.935993688203087704e-01 -4.364383626425268650e+08 2.712931491613484621e+08
3.952618786041311449e-01 -4.528480036250696182e+08 2.654674565890364647e+08
3.969243883910870685e-01 -4.666625353100147843e+08 2.592614306964732409e+08
3.985868981811374612e-01 -4.779199472584410906e+08 2.527196792177575529e+08
4.002494079742436872e-01 -4.866683716166512966e+08 2.458943945905529559e+08
4.019119177703678880e-01 -4.929656101479540467e+08 2.388457650890996158e+08
4.035744275694727046e-01 -4.968786301651921868e+08 2.316423806509128511e+08
4.052369373715214440e-01 -4.984830319764958024e+08 2.243615886990340650e+08
4.068994471764781906e-01 -4.978624905408846736e+08 2.170897268110334277e+08
4.085619569843071952e-01 -4.951081740798916221e+08 2.099221203038398325e+08
4.102244667949735413e-01 -4.903181424508775473e+08 2.029626841888107359e+08
4.118869766084432005e-01 -4.835967281258761883e+08 1.963229154646070600e+08
4.135494864246819224e-01 -4.750539026478751302e+08 1.901200165533562303e+08
4.152119962436567890e-01 -4.648046314517861009e+08 1.844738787139476240e+08
4.168745060653349932e-01 -4.529682199491881728e+08 1.795027127397765815e+08
4.185370158896842829e-01 -4.396676537627958655e+08 1.753172840769257545e+08
4.201995257166728504e-01 -4.250289359868902564e+08 1.720140125459541380e+08
4.218620355462696647e-01 -4.091804243205354214e+08 1.696675997508358359e+08
4.235245453784438063e-01 -3.922521708794529438e+08 1.683242337072390616e+08
4.251870552131651881e-01 -3.743752674490831494e+08 1.679966071114313304e+08
4.268495650504041117e-01 -3.556811988781119585e+08 1.686618104193108380e+08
4.285120748901312115e-01 -3.363012072468262315e+08 1.702626023972910643e+08
4.301745847323175664e-01 -3.163656693624744415e+08 1.727117993656512797e+08
4.318370945769347546e-01 -2.960034900527098179e+08 1.758988602389295101e+08
4.334996044239549096e-01 -2.753415136192164421e+08 1.796974226599117517e+08
4.351621142733504422e-01 -2.545039557332495153e+08 1.839726218553599715e+08
4.368246241250944295e-01 -2.336118579085591137e+08 1.885873738343080580e+08
4.384871339791597822e-01 -2.127825666040946543e+08 1.934072337962680757e+08
4.401496438355204099e-01 -1.921292388515014946e+08 1.983037982400729358e+08
4.418121536941504446e-01 -1.717603761925973296e+08 2.031568406734331846e+08
4.434746635550242400e-01 -1.517793885560771525e+08 2.078554636115666926e+08
4.451371734181167605e-01 -1.322841895774971098e+08 2.122985530420896411e+08
4.467996832834031928e-01 -1.133668246935303956e+08 2.163947789948325753e+08
4.484621931508591675e-01 -9.511313322610746324e+07 2.200623277507004738e+08
4.501247030204606481e-01 -7.760244546739111841e+07 2.232284960700616539e+08
4.517872128921838204e-01 -6.090731567895876616e+07 2.258292323317617476e+08
4.534497227660054253e-01 -4.509329169169319421e+07 2.278086760810680389e+08
4.551122326419027031e-01 -3.021872170239695162e+07 2.291187238842872381e+08
4.567747425198525613e-01 -1.633459862629954144e+07 2.297186343883197606e+08
4.584372523998329063e-01 -3.484442282972753979e+06 2.295746756948571205e+08
4.600997622818217003e-01 8.295780555941433646e+06 2.286598130091474950e+08
4.617622721657972384e-01 1.897769829476075992e+07 2.269534312482860684e+08
4.634247820517383154e-01 2.854053911688112840e+07 2.244410864521578252e+08
4.650872919396236149e-01 3.697109840641414374e+07 2.211142790939230919e+08
4.667498018294323758e-01 4.426366960802628845e+07 2.169702431857266426e+08
4.684123117211442255e-01 5.041993915935896337e+07 2.120117450589415729e+08
4.700748216147389580e-01 5.544884643174308538e+07 2.062468870612797141e+08
4.717373315101965336e-01 5.936640957261886448e+07 1.996889113919865191e+08
4.733998414074974126e-01 6.219551849915579706e+07 1.923560008821422756e+08
4.750623513066224435e-01 6.396569616149491072e+07 1.842710731994076967e+08
4.767248612075521974e-01 6.471282963118676096e+07 1.754615667521449625e+08
4.783873711102680226e-01 6.447887231513671577e+07 1.659592157575716972e+08
4.800498810147514894e-01 6.331151915584188700e+07 1.557998141160513461e+08
4.817123909209840571e-01 6.126385623718229681e+07 1.450229662323257327e+08
4.833749008289477955e-01 5.839398698594435304e+07 1.336718258695437610e+08
4.850374107386249412e-01 5.476463639532491565e+07 1.217928215790348649e+08
4.866999206499977859e-01 5.044273587459284812e+07 1.094353718469238132e+08
4.883624305630492324e-01 4.549898995435037464e+07 9.665158902259136736e+07
4.900249404777619611e-01 4.000742809307076782e+07 8.349598025332251191e+07
4.916874503941192631e-01 3.404494212764345855e+07 7.002514975609266758e+07
4.933499603121045407e-01 2.769081404684067145e+07 5.629754103228586167e+07
4.950124702317013070e-01 2.102623222017364204e+07 4.237331799119170755e+07
4.966749801528934083e-01 1.413380597339370474e+07 2.831498953565411270e+07
4.983374900756649684e-01 7.097058080263370648e+06 1.419362001869019493e+07
