# r [arcsec]	I [Jy/sr]	I_uncer [Jy/sr]
1.272617859314095550e-03 2.698244388112062454e+10 1.009551366674747348e+09
2.921189009106442414e-03 2.697623036256874847e+10 1.008893603378371358e+09
4.579495862547155495e-03 2.696505421974855804e+10 1.007848731892174125e+09
6.240002426697914550e-03 2.694891717417090225e+10 1.006371031356777906e+09
7.901343393063876494e-03 2.692782499305722809e+10 1.004452395692648172e+09
9.563088128690054243e-03 2.690178553961354065e+10 1.002092018360241055e+09
1.122505851373705593e-02 2.687080858701566315e+10 9.992914799580669403e+08
1.288716767388508287e-02 2.683490578066845322e+10 9.960535688036276102e+08
1.454936822595933807e-02 2.679409062483977890e+10 9.923819006438202858e+08
1.621163214106096165e-02 2.674837847464703369e+10 9.882807671697601080e+08
1.787394178310437384e-02 2.669778652920840454e+10 9.837550646872508526e+08
1.953628550253095827e-02 2.664233382475464249e+10 9.788102552439427376e+08
2.119865529577967186e-02 2.658204122733088684e+10 9.734523423323448896e+08
2.286104548286438387e-02 2.651693142491980362e+10 9.676878536158277988e+08
2.452345192144544592e-02 2.644702891893840408e+10 9.615238271877698898e+08
2.618587151961204035e-02 2.637236001507141876e+10 9.549677996344916821e+08
2.784830192283991451e-02 2.629295281343756485e+10 9.480277950027052164e+08
2.951074130657948408e-02 2.620883719806859207e+10 9.407123141892849207e+08
3.117318823511218417e-02 2.612004482571072388e+10 9.330303244901951551e+08
3.283564156322602012e-02 2.602660911393681335e+10 9.249912491666524410e+08
3.449810036628684490e-02 2.592856522857464981e+10 9.166049569576063156e+08
3.616056388957845924e-02 2.582595007044383621e+10 9.078817515083637238e+08
3.782303151098994481e-02 2.571880226141129303e+10 8.988323607103543282e+08
3.948550271312052662e-02 2.560716212975067520e+10 8.894679259634479284e+08
4.114797706214112089e-02 2.549107169482279587e+10 8.797999913828692436e+08
4.281045419157746001e-02 2.537057465106166840e+10 8.698404929771068096e+08
4.447293378972808769e-02 2.524571635127784348e+10 8.596017478313822746e+08
4.613541558980088775e-02 2.511654378927275467e+10 8.490964433289246559e+08
4.779789936210682849e-02 2.498310558176913452e+10 8.383376264479060173e+08
4.946038490782722619e-02 2.484545194965323257e+10 8.273386931691406965e+08
5.112287205399637657e-02 2.470363469853723526e+10 8.161133780300931931e+08
5.278536064943199074e-02 2.455770719863272858e+10 8.046757438590832949e+08
5.444785056141081270e-02 2.440772436394937134e+10 7.930401717207202911e+08
5.611034167293492414e-02 2.425374263080517578e+10 7.812213510998845100e+08
5.777283388046990098e-02 2.409581993566575241e+10 7.692342703466082811e+08
5.943532709206246489e-02 2.393401569230154800e+10 7.570942073984316587e+08
6.109782122576532665e-02 2.376839076827091599e+10 7.448167207878016233e+08
6.276031620831216962e-02 2.359900746073513031e+10 7.324176409334963560e+08
6.442281197399798987e-02 2.342592947159678650e+10 7.199130617018446922e+08
6.608530846372812073e-02 2.324922188197796631e+10 7.073193322091757059e+08
6.774780562420743002e-02 2.306895112603056717e+10 6.946530488196581602e+08
6.941030340724584080e-02 2.288518496408725739e+10 6.819310472696959972e+08
7.107280176916151715e-02 2.269799245515979385e+10 6.691703948270008564e+08
7.273530067026563739e-02 2.250744392877656937e+10 6.563883823593547344e+08
7.439780007441634813e-02 2.231361095618325043e+10 6.436025161553981304e+08
7.606029994863128252e-02 2.211656632089029694e+10 6.308305092961255312e+08
7.772280026274960840e-02 2.191638398859046936e+10 6.180902723296643496e+08
7.938530098913672284e-02 2.171313907643776703e+10 6.053999029448620081e+08
8.104780210242505667e-02 2.150690782170380783e+10 5.927776742796039581e+08
8.271030357928650656e-02 2.129776754981304550e+10 5.802420214262683392e+08
8.437280539823126257e-02 2.108579664176091003e+10 5.678115256227155924e+08
8.603530753943039455e-02 2.087107450093307877e+10 5.555048955305299759e+08
8.769780998455847798e-02 2.065368151931671906e+10 5.433409449138553143e+08
8.936031271665356712e-02 2.043369904312678146e+10 5.313385659390279055e+08
9.102281571999285004e-02 2.021120933784807205e+10 5.195166972233847380e+08
9.268531897998151525e-02 1.998629555270262527e+10 5.078942856732814908e+08
9.434782248305331742e-02 1.975904168455376053e+10 4.964902410773119330e+08
9.601032621658157906e-02 1.952953254125549316e+10 4.853233823643494248e+08
9.767283016879922675e-02 1.929785370445723343e+10 4.744123744118599296e+08
9.933533432872686253e-02 1.906409149187633896e+10 4.637756543106214404e+08
1.009978386861079547e-01 1.882833291904800797e+10 4.534313460681858659e+08
1.026603432313502873e-01 1.859066566056600189e+10 4.433971628877393007e+08
1.043228479554730720e-01 1.835117801082482910e+10 4.336902964022590518e+08
1.059853528500589448e-01 1.810995884428118515e+10 4.243272925938170552e+08
1.076478579072105424e-01 1.786709757523860550e+10 4.153239145976389647e+08
1.093103631195108394e-01 1.762268411718476868e+10 4.066949931818349957e+08
1.109728684799872744e-01 1.737680884167689514e+10 3.984542664075463414e+08
1.126353739820789568e-01 1.712956253681122971e+10 3.906142107908677459e+08
1.142978796196066349e-01 1.688103636527436638e+10 3.831858671763503551e+08
1.159603853867454265e-01 1.663132182200799751e+10 3.761786654438130260e+08
1.176228912779997832e-01 1.638051069149096680e+10 3.696002530370382667e+08
1.192853972881804531e-01 1.612869500466900063e+10 3.634563330459201336e+08
1.209479034123834701e-01 1.587596699553893661e+10 3.577505181008117795e+08
1.226104096459709192e-01 1.562241905741972733e+10 3.524842065637111068e+08
1.242729159845529646e-01 1.536814369891181183e+10 3.476564873466514349e+08
1.259354224239715991e-01 1.511323349958763504e+10 3.432640791071165800e+08
1.275979289602855449e-01 1.485778106541137886e+10 3.393013085477063656e+08
1.292604355897561952e-01 1.460187898392806053e+10 3.357601311195338964e+08
1.309229423088349165e-01 1.434561977923246193e+10 3.326301956753828526e+08
1.325854491141509606e-01 1.408909586674674034e+10 3.298989526649672985e+08
1.342479560025006402e-01 1.383239950782463646e+10 3.275518034636008143e+08
1.359104629708369483e-01 1.357562276421288109e+10 3.255722865438507795e+08
1.375729700162601765e-01 1.331885745238955307e+10 3.239422945904815793e+08
1.392354771360091448e-01 1.306219509780396843e+10 3.226423154499956965e+08
1.408979843274529020e-01 1.280572688904788399e+10 3.216516890759981871e+08
1.425604915880832879e-01 1.254954363197995186e+10 3.209488724094772935e+08
1.442229989155077718e-01 1.229373570383238983e+10 3.205117043940410614e+08
1.458855063074428748e-01 1.203839300732614517e+10 3.203176640031930804e+08
1.475480137617080634e-01 1.178360492482238579e+10 3.203441151503502727e+08
1.492105212762198374e-01 1.152946027253992271e+10 3.205685335497919917e+08
1.508730288489867621e-01 1.127604725486461067e+10 3.209687118836126328e+08
1.525355364781040279e-01 1.102345341877937508e+10 3.215229409057135582e+08
1.541980441617490649e-01 1.077176560845055962e+10 3.222101652966713905e+08
1.558605518981770188e-01 1.052106991999314880e+10 3.230101141152744293e+08
1.575230596857167542e-01 1.027145165644593048e+10 3.239034065429065824e+08
1.591855675227668576e-01 1.002299528299471474e+10 3.248716342711838484e+08
1.608480754077921959e-01 9.775784382464761734e+09 3.258974223482106924e+08
1.625105833393203636e-01 9.529901611119998932e+09 3.269644705924668908e+08
1.641730913159387406e-01 9.285428654798610687e+09 3.280575778288048506e+08
1.658355993362912173e-01 9.042446185416481018e+09 3.291626512281742096e+08
1.674981073990755853e-01 8.801033817872638702e+09 3.302667029676072001e+08
1.691606155030408176e-01 8.561270067386135101e+09 3.313578362977861166e+08
1.708231236469845982e-01 8.323232307298069000e+09 3.324252229330301285e+08
1.724856318297508795e-01 8.086996727373428345e+09 3.334590734825032353e+08
1.741481400502279120e-01 7.852638292632321358e+09 3.344506024362719059e+08
1.758106483073458848e-01 7.620230702743979454e+09 3.353919890162867904e+08
1.774731566000750660e-01 7.389846352019054413e+09 3.362763350086963773e+08
1.791356649274240265e-01 7.161556290031522751e+09 3.370976205146147609e+08
1.807981732884377246e-01 6.935430182900076866e+09 3.378506583939549923e+08
1.824606816821959798e-01 6.711536275269027710e+09 3.385310480349561572e+08
1.841231901078118072e-01 6.489941353013784409e+09 3.391351289561294913e+08
1.857856985644300296e-01 6.270710706709243774e+09 3.396599346421654224e+08
1.874482070512257237e-01 6.053908095890721321e+09 3.401031469246284962e+08
1.891107155674030538e-01 5.839595714141166687e+09 3.404630511447736621e+08
1.907732241121938566e-01 5.627834155035911560e+09 3.407384922740383744e+08
1.924357326848565586e-01 5.418682378977121353e+09 3.409288321193922162e+08
1.940982412846749550e-01 5.212197680950363159e+09 3.410339077017406225e+08
1.957607499109572380e-01 5.008435659232753754e+09 3.410539908655157685e+08
1.974232585630348313e-01 4.807450185085053444e+09 3.409897491551885009e+08
1.990857672402615297e-01 4.609293373457595825e+09 3.408422079779868722e+08
2.007482759420124996e-01 4.414015554739528656e+09 3.406127140605670214e+08
2.024107846676835298e-01 4.221665247581045628e+09 3.403029002006628513e+08
2.040732934166899215e-01 4.032289132818274975e+09 3.399146513103018999e+08
2.057358021884660160e-01 3.845932028527021885e+09 3.394500717469415069e+08
2.073983109824642512e-01 3.662636866235355854e+09 3.389114539282885790e+08
2.090608197981545235e-01 3.482444668318780899e+09 3.383012482307384014e+08
2.107233286350234380e-01 3.305394526609334946e+09 3.376220341732808352e+08
2.123858374925735870e-01 3.131523582236180782e+09 3.368764928937123418e+08
2.140483463703231337e-01 2.960867006731504440e+09 3.360673809283953905e+08
2.157108552678049240e-01 2.793457984416222572e+09 3.351975053111828566e+08
2.173733641845664311e-01 2.629327696096592426e+09 3.342697000118734241e+08
2.190358731201685061e-01 2.468505304086145401e+09 3.332868037385509610e+08
2.206983820741854618e-01 2.311017938580953598e+09 3.322516391314920783e+08
2.223608910462041566e-01 2.156890685401635647e+09 3.311669933796877265e+08
2.240234000358239386e-01 2.006146575126518726e+09 3.300356002923151255e+08
2.256859090426557024e-01 1.858806573628901720e+09 3.288601238592147827e+08
2.273484180663219723e-01 1.714889574040191889e+09 3.276431433340685368e+08
2.290109271064561247e-01 1.574412390149278164e+09 3.263871398730207682e+08
2.306734361627020280e-01 1.437389751257337809e+09 3.250944847595658898e+08
2.323359452347137921e-01 1.303834298497297525e+09 3.237674292428996563e+08
2.339984543221555469e-01 1.173756582633652687e+09 3.224080960129476786e+08
2.356609634247005536e-01 1.047165063350076199e+09 3.210184723297792077e+08
2.373234725420314828e-01 9.240661100367190838e+08 3.196004048186529279e+08
2.389859816738397480e-01 8.044640040839929581e+08 3.181555959349394441e+08
2.406484908198254224e-01 6.883609426910486221e+08 3.166856020948994160e+08
2.423109999796965175e-01 5.757570441921879053e+08 3.151918334599813819e+08
2.439735091531692601e-01 4.666503549082444310e+08 3.136755553528366685e+08
2.456360183399674824e-01 3.610368575232569575e+08 3.121378912737869620e+08
2.472985275398224547e-01 2.589104809889399409e+08 3.105798274773919582e+08
2.489610367524725254e-01 1.602631119564180970e+08 3.090022190581696630e+08
2.506235459776631203e-01 6.508460773399043828e+07 3.074057974858022928e+08
2.522860552151463542e-01 -2.663718923313328251e+07 3.057911795206729770e+08
2.539485644646808371e-01 -1.149164353641089201e+08 3.041588774316748381e+08
2.556110737260313126e-01 -1.997692684322319031e+08 3.025093104303778410e+08
2.572735829989687417e-01 -2.812137885505741239e+08 3.008428172279773355e+08
2.589360922832700251e-01 -3.592700376612308621e+08 2.991596696144791842e+08
2.605986015787175591e-01 -4.339599775413607955e+08 2.974600869543195367e+08
2.622611108850994577e-01 -5.053074663355022669e+08 2.957442514867551327e+08
2.639236202022091082e-01 -5.733382336293820143e+08 2.940123243155561090e+08
2.655861295298450053e-01 -6.380798540806534290e+08 2.922644619692501426e+08
2.672486388678106950e-01 -6.995617196224206686e+08 2.905008334097767472e+08
2.689111482159146083e-01 -7.578150102577292919e+08 2.887216373663753271e+08
2.705736575739698391e-01 -8.128726634665147066e+08 2.869271198689586520e+08
2.722361669417941443e-01 -8.647693422441927195e+08 2.851175918552420735e+08
2.738986763192096108e-01 -9.135414017951290607e+08 2.832934467240303755e+08
2.755611857060425440e-01 -9.592268549077984095e+08 2.814551777074283361e+08
2.772236951021236906e-01 -1.001865336032635212e+09 2.796033949332265258e+08
2.788862045072874607e-01 -1.041498064094376087e+09 2.777388420482103825e+08
2.805487139213725944e-01 -1.078167804064795256e+09 2.758624122718437314e+08
2.822112233442213292e-01 -1.111918827325943708e+09 2.739751637476689816e+08
2.838737327756796214e-01 -1.142796870857692719e+09 2.720783340581276417e+08
2.855362422155972579e-01 -1.170849095278089523e+09 2.701733537638961077e+08
2.871987516638271343e-01 -1.196124041775010109e+09 2.682618588267923295e+08
2.888612611202258651e-01 -1.218671587960958242e+09 2.663457017687686980e+08
2.905237705846532292e-01 -1.238542902689869881e+09 2.644269614148743451e+08
2.921862800569720031e-01 -1.255790399872862339e+09 2.625079510620804429e+08
2.938487895370484604e-01 -1.270467691331236124e+09 2.605912249078808725e+08
2.955112990247516502e-01 -1.282629538728230238e+09 2.586795825673011541e+08
2.971738085199533974e-01 -1.292331804620772123e+09 2.567760714989603758e+08
2.988363180225286353e-01 -1.299631402672000647e+09 2.548839871552129984e+08
3.004988275323551283e-01 -1.304586247069018364e+09 2.530068706664184034e+08
3.021613370493130279e-01 -1.307255201191719294e+09 2.511485038671882749e+08
3.038238465732852611e-01 -1.307698025575120449e+09 2.493129014715149403e+08
3.054863561041573639e-01 -1.305975325213594437e+09 2.475043002089841366e+08
3.071488656418173702e-01 -1.302148496253126621e+09 2.457271447423876524e+08
3.088113751861554790e-01 -1.296279672120874643e+09 2.439860702032195330e+08
3.104738847370644983e-01 -1.288431669138430119e+09 2.422858812035427690e+08
3.121363942944395120e-01 -1.278667931670207977e+09 2.406315272145477831e+08
3.137989038581776025e-01 -1.267052476856802464e+09 2.390280742431370020e+08
3.154614134281782389e-01 -1.253649838982411146e+09 2.374806727889695466e+08
3.171239230043430002e-01 -1.238525013529027939e+09 2.359945221272171438e+08
3.187864325865753523e-01 -1.221743400969888210e+09 2.345748310356616676e+08
3.204489421747808708e-01 -1.203370750350698948e+09 2.332267751685103178e+08
3.221114517688670742e-01 -1.183473102716021538e+09 2.319554513720770776e+08
3.237739613687434237e-01 -1.162116734429527998e+09 2.307658293382411599e+08
3.254364709743211015e-01 -1.139368100444058895e+09 2.296627010941146314e+08
3.270989805855132326e-01 -1.115293777572212934e+09 2.286506289320871532e+08
3.287614902022346075e-01 -1.089960407814303637e+09 2.277338924824839234e+08
3.304239998244018484e-01 -1.063434641792624950e+09 2.269164357222021222e+08
3.320865094519330207e-01 -1.035783082350554109e+09 2.262018147862807810e+08
3.337490190847480775e-01 -1.007072228365643740e+09 2.255931475041138232e+08
3.354115287227684150e-01 -9.773684188330513239e+08 2.250930656086882353e+08
3.370740383659170392e-01 -9.467377772705280781e+08 2.247036705664277375e+08
3.387365480141183438e-01 -9.152461564995801449e+08 2.244264939384824634e+08
3.403990576672984991e-01 -8.829590838540208340e+08 2.242624631161162555e+08
3.420615673253846745e-01 -8.499417068692641258e+08 2.242118731694298685e+08
3.437240769883058711e-01 -8.162587395039038658e+08 2.242743654166065156e+08
3.453865866559921449e-01 -7.819744089447309971e+08 2.244489131612621248e+08
3.470490963283750507e-01 -7.471524030468765497e+08 2.247338148710355759e+08
3.487116060053874755e-01 -7.118558184586589336e+08 2.251266948804481626e+08
3.503741156869634166e-01 -6.761471094810603857e+08 2.256245115154674947e+08
3.520366253730383144e-01 -6.400880377111790180e+08 2.262235723524392843e+08
3.536991350635486642e-01 -6.037396225173333883e+08 2.269195561606204212e+08
3.553616447584322380e-01 -5.671620923931818008e+08 2.277075409315931499e+08
3.570241544576279180e-01 -5.304148372383128405e+08 2.285820372853418887e+08
3.586866641610758633e-01 -4.935563616096702814e+08 2.295370264561603367e+08
3.603491738687170098e-01 -4.566442389890412092e+08 2.305660020128798485e+08
3.620116835804937372e-01 -4.197350671105235219e+08 2.316620144458892047e+08
3.636741932963493684e-01 -3.828844243893713951e+08 2.328177177668645680e+08
3.653367030162280593e-01 -3.461468274952741861e+08 2.340254173018790781e+08
3.669992127400752979e-01 -3.095756901083514690e+08 2.352771179197169244e+08
3.686617224678372939e-01 -2.732232828986314535e+08 2.365645720093237162e+08
3.703242321994613118e-01 -2.371406947649906278e+08 2.378793266101410389e+08
3.719867419348956150e-01 -2.013777953718108535e+08 2.392127691878557801e+08
3.736492516740893000e-01 -1.659831990166125894e+08 2.405561716456801593e+08
3.753117614169925176e-01 -1.310042298633861393e+08 2.419007322490585446e+08
3.769742711635561405e-01 -9.648688857408148050e+07 2.432376152327470481e+08
3.786367809137318741e-01 -6.247582036746010184e+07 2.445579879325869381e+08
3.802992906674724227e-01 -2.901428453687337041e+07 2.458530553599122167e+08
3.819618004247312126e-01 3.855874547517162282e+06 2.471140921907086074e+08
3.836243101854625026e-01 3.609425492458001524e+07 2.483324721970150471e+08
3.852868199496213841e-01 6.766192299119421840e+07 2.494996951830351055e+08
3.869493297171635593e-01 9.852143789381663501e+07 2.506074115247502923e+08
3.886118394880457849e-01 1.286368743373639286e+08 2.516474444287333190e+08
3.902743492622252064e-01 1.579738437957150042e+08 2.526118100477992594e+08
3.919368590396599683e-01 1.864995141032203138e+08 2.534927355931436121e+08
3.935993688203087704e-01 2.141826274117653370e+08 2.542826755939975381e+08
3.952618786041311449e-01 2.409935164996526539e+08 2.549743264478293359e+08
3.969243883910870685e-01 2.669041194177769721e+08 2.555606394082454741e+08
3.985868981811374612e-01 2.918879924634613991e+08 2.560348321438643932e+08
4.002494079742436872e-01 3.159203214720517993e+08 2.563903990008883774e+08
4.019119177703678880e-01 3.389779314194629192e+08 2.566211200858801007e+08
4.035744275694727046e-01 3.610392943275963068e+08 2.567210692824527621e+08
4.052369373715214440e-01 3.820845354730266333e+08 2.566846212976611853e+08
4.068994471764781906e-01 4.020954378917051554e+08 2.565064578328080475e+08
4.085619569843071952e-01 4.210554451831321716e+08 2.561815729529241621e+08
4.102244667949735413e-01 4.389496626138634086e+08 2.557052777315543294e+08
4.118869766084432005e-01 4.557648565235328078e+08 2.550732042259380817e+08
4.135494864246819224e-01 4.714894520383400321e+08 2.542813088425247669e+08
4.152119962436567890e-01 4.861135291000550985e+08 2.533258751318223774e+08
4.168745060653349932e-01 4.996288168160424829e+08 2.522035160582537651e+08
4.185370158896842829e-01 5.120286861449528933e+08 2.509111757707373202e+08
4.201995257166728504e-01 5.233081409256607294e+08 2.494461309084906578e+08
4.218620355462696647e-01 5.334638072662799358e+08 2.478059914564324915e+08
4.235245453784438063e-01 5.424939213068392277e+08 2.459887011768681705e+08
4.251870552131651881e-01 5.503983153743151426e+08 2.439925376226859689e+08
4.268495650504041117e-01 5.571784025472537279e+08 2.418161117530191541e+08
4.285120748901312115e-01 5.628371596513751745e+08 2.394583671495059431e+08
4.301745847323175664e-01 5.673791087079057693e+08 2.369185788507830501e+08
4.318370945769347546e-01 5.708102968576329947e+08 2.341963517976051569e+08
4.334996044239549096e-01 5.731382747881056070e+08 2.312916189043367505e+08
4.351621142733504422e-01 5.743720736862685680e+08 2.282046387452584207e+08
4.368246241250944295e-01 5.745221807503230572e+08 2.249359928709387183e+08
4.384871339791597822e-01 5.736005132851731777e+08 2.214865827395680845e+08
4.401496438355204099e-01 5.716203914164586067e+08 2.178576262799114287e+08
4.418121536941504446e-01 5.685965094530557394e+08 2.140506540675442815e+08
4.434746635550242400e-01 5.645449059334524870e+08 2.100675051334228218e+08
4.451371734181167605e-01 5.594829323896092176e+08 2.059103223840147555e+08
4.467996832834031928e-01 5.534292208672575951e+08 2.015815476551167667e+08
4.484621931508591675e-01 5.464036502355512381e+08 1.970839163761329949e+08
4.501247030204606481e-01 5.384273113317853212e+08 1.924204518715236485e+08
4.517872128921838204e-01 5.295224709730334878e+08 1.875944592731804252e+08
4.534497227660054253e-01 5.197125348838636279e+08 1.826095190765886307e+08
4.551122326419027031e-01 5.090220095744460225e+08 1.774694803101907074e+08
4.567747425198525613e-01 4.974764632201723456e+08 1.721784533595345914e+08
4.584372523998329063e-01 4.851024855784059167e+08 1.667408024097172618e+08
4.600997622818217003e-01 4.719276469958874583e+08 1.611611375583708584e+08
4.617622721657972384e-01 4.579804565445555449e+08 1.554443065557177067e+08
4.634247820517383154e-01 4.432903193405907750e+08 1.495953862376142144e+08
4.650872919396236149e-01 4.278874930852761269e+08 1.436196735983645618e+08
4.667498018294323758e-01 4.118030438859728575e+08 1.375226765888685286e+08
4.684123117211442255e-01 3.950688013939838409e+08 1.313101045729435086e+08
4.700748216147389580e-01 3.777173133237842917e+08 1.249878585562602580e+08
4.717373315101965336e-01 3.597817993848683238e+08 1.185620211026192605e+08
4.733998414074974126e-01 3.412961046992467642e+08 1.120388460968143642e+08
4.750623513066224435e-01 3.222946527288521528e+08 1.054247482478634268e+08
4.767248612075521974e-01 3.028123977959841490e+08 9.872629256930284202e+07
4.783873711102680226e-01 2.828847772100173235e+08 9.195018371613977849e+07
4.800498810147514894e-01 2.625476630988155007e+08 8.510325557168796659e+07
4.817123909209840571e-01 2.418373139397440553e+08 7.819246100235632062e+07
4.833749008289477955e-01 2.207903259146599770e+08 7.122486256636817753e+07
4.850374107386249412e-01 1.994435840482080579e+08 6.420762442203710973e+07
4.866999206499977859e-01 1.778342133030401766e+08 5.714800753609925508e+07
4.883624305630492324e-01 1.559995295237091184e+08 5.005337048711091280e+07
4.900249404777619611e-01 1.339769905004386306e+08 4.293118445048283786e+07
4.916874503941192631e-01 1.118041468903331757e+08 3.578908027022261918e+07
4.933499603121045407e-01 8.951859352617877722e+07 2.863498967735952139e+07
4.950124702317013070e-01 6.715792036227661371e+07 2.147759510748253390e+07
4.966749801528934083e-01 4.475966457922273874e+07 1.432817118647612445e+07
4.983374900756649684e-01 2.236125945999316499e+07 7.213095168477644213e+06
