# r [arcsec]	I [Jy/sr]	I_uncer [Jy/sr]
1.272617859314095550e-03 1.210534396029448853e+11 4.197568807023829460e+09
2.921189009106442414e-03 1.207763251865079041e+11 4.179870883820324898e+09
4.579495862547155495e-03 1.202789925549526062e+11 4.148217716009637833e+09
6.240002426697914550e-03 1.195634103740272980e+11 4.102855118725201607e+09
7.901343393063876494e-03 1.186325535151604156e+11 4.044158749094254494e+09
9.563088128690054243e-03 1.174902994651119385e+11 3.972618483138048649e+09
1.122505851373705593e-02 1.161413985846664734e+11 3.888833624320703983e+09
1.288716767388508287e-02 1.145914462186795959e+11 3.793508757967098236e+09
1.454936822595933807e-02 1.128468512932866364e+11 3.687449433183718204e+09
1.621163214106096165e-02 1.109148007507311554e+11 3.571557681070894718e+09
1.787394178310437384e-02 1.088032198609771423e+11 3.446827523241093636e+09
1.953628550253095827e-02 1.065207286109738159e+11 3.314340681179308414e+09
2.119865529577967186e-02 1.040765944324878693e+11 3.175262732347725391e+09
2.286104548286438387e-02 1.014806815630921326e+11 3.030839981450824738e+09
2.452345192144544592e-02 9.874339735950842285e+10 2.882397318645479202e+09
2.618587151961204035e-02 9.587563590243788147e+10 2.731337303000887394e+09
2.784830192283991451e-02 9.288871924874600220e+10 2.579140605313048363e+09
2.951074130657948408e-02 8.979433670075866699e+10 2.427367710307610035e+09
3.117318823511218417e-02 8.660448247361972046e+10 2.277661317484670162e+09
3.283564156322602012e-02 8.333139215010610962e+10 2.131748046100893497e+09
3.449810036628684490e-02 7.998747831809452820e+10 1.991436651097020388e+09
3.616056388957845924e-02 7.658526578887117004e+10 1.858607810428474665e+09
3.782303151098994481e-02 7.313732679478572083e+10 1.735187656849261284e+09
3.948550271312052662e-02 6.965621656234747314e+10 1.623094198590123653e+09
4.114797706214112089e-02 6.615440965174177551e+10 1.524144440791854143e+09
4.281045419157746001e-02 6.264423744602940369e+10 1.439913938880255938e+09
4.447293378972808769e-02 5.913782716300215912e+10 1.371554002863638401e+09
4.613541558980088775e-02 5.564704274988200378e+10 1.319595765399132490e+09
4.779789936210682849e-02 5.218342800594870758e+10 1.283795947500236034e+09
4.946038490782722619e-02 4.875815226076081085e+10 1.263086714927712440e+09
5.112287205399637657e-02 4.538195891619048309e+10 1.255665087787193060e+09
5.278536064943199074e-02 4.206511713898986816e+10 1.259204235114861965e+09
5.444785056141081270e-02 3.881737696742925262e+10 1.271123116833082438e+09
5.611034167293492414e-02 3.564792807063735199e+10 1.288841093657709122e+09
5.777283388046990098e-02 3.256536237304199982e+10 1.309968650549004555e+09
5.943532709206246489e-02 2.957764072877395248e+10 1.332420494349521875e+09
6.109782122576532665e-02 2.669206380238015747e+10 1.354462371989656925e+09
6.276031620831216962e-02 2.391524728285741043e+10 1.374712528988839865e+09
6.442281197399798987e-02 2.125310152805798721e+10 1.392117544625487089e+09
6.608530846372812073e-02 1.871081570623056412e+10 1.405916831755470037e+09
6.774780562420743002e-02 1.629284647095228577e+10 1.415604489996981621e+09
6.941030340724584080e-02 1.400291117531544113e+10 1.420893017739677429e+09
7.107280176916151715e-02 1.184398560106478882e+10 1.421680752418728352e+09
7.273530067026563739e-02 9.818306148733598709e+09 1.418023441248011351e+09
7.439780007441634813e-02 7.927376405859547615e+09 1.410109620164667130e+09
7.606029994863128252e-02 6.171977982279003143e+09 1.398239175046480179e+09
7.772280026274960840e-02 4.552185474517620087e+09 1.382804371122093916e+09
7.938530098913672284e-02 3.067385395559827805e+09 1.364272647022073507e+09
8.104780210242505667e-02 1.716298881997774363e+09 1.343170519883845806e+09
8.271030357928650656e-02 4.970079678637679815e+08 1.320068013374574661e+09
8.437280539823126257e-02 -5.930148065137948990e+08 1.295563098893056870e+09
8.603530753943039455e-02 -1.556873701356091261e+09 1.270265741999315977e+09
8.769780998455847798e-02 -2.398214267829560280e+09 1.244781288714560986e+09
8.936031271665356712e-02 -3.121185304821948051e+09 1.219693127780356646e+09
9.102281571999285004e-02 -3.730398577793561459e+09 1.195544835531040907e+09
9.268531897998151525e-02 -4.230886605977077961e+09 1.172822341553178072e+09
9.434782248305331742e-02 -4.628058832523285866e+09 1.151937008899661064e+09
9.601032621658157906e-02 -4.927656498171782494e+09 1.133210832415853500e+09
9.767283016879922675e-02 -5.135706542679318428e+09 1.116865128839081287e+09
9.933533432872686253e-02 -5.258474859550144196e+09 1.103014031306498766e+09
1.009978386861079547e-01 -5.302419228616400719e+09 1.091663758844922781e+09
1.026603432313502873e-01 -5.274142247725667000e+09 1.082718035034059525e+09
1.043228479554730720e-01 -5.180344579287381172e+09 1.075989292128169775e+09
1.059853528500589448e-01 -5.027778819752827644e+09 1.071214587054312229e+09
1.076478579072105424e-01 -4.823204290349839211e+09 1.068074641208683610e+09
1.093103631195108394e-01 -4.573343035668469429e+09 1.066214201516033053e+09
1.109728684799872744e-01 -4.284837303085175991e+09 1.065262016505013943e+09
1.126353739820789568e-01 -3.964208760671319962e+09 1.064849055130964875e+09
1.142978796196066349e-01 -3.617819694272983551e+09 1.064624050995398760e+09
1.159603853867454265e-01 -3.251836406030973911e+09 1.064265915873154521e+09
1.176228912779997832e-01 -2.872195016876960754e+09 1.063492952763492346e+09
1.192853972881804531e-01 -2.484569854666076183e+09 1.062069071831300855e+09
1.209479034123834701e-01 -2.094344587756826162e+09 1.059807370538360476e+09
1.226104096459709192e-01 -1.706586241189752102e+09 1.056571501904901981e+09
1.242729159845529646e-01 -1.326022209344119549e+09 1.052275250406312704e+09
1.259354224239715991e-01 -9.570203552336095572e+08 1.046880690687379718e+09
1.275979289602855449e-01 -6.035722626255066395e+08 1.040395241638771772e+09
1.292604355897561952e-01 -2.692796831180195212e+08 1.032867862383140683e+09
1.309229423088349165e-01 4.265580363224913925e+07 1.024384576561360478e+09
1.325854491141509606e-01 3.294399220088053346e+08 1.015063462052028060e+09
1.342479560025006402e-01 5.886896535346251726e+08 1.005049207320708394e+09
1.359104629708369483e-01 8.184340622329987288e+08 9.945073139252424240e+08
1.375729700162601765e-01 1.017112065304558396e+09 9.836180173849374056e+08
1.392354771360091448e-01 1.183567243032964945e+09 9.725700051286160946e+08
1.408979843274529020e-01 1.317039801611869097e+09 9.615540292089295387e+08
1.425604915880832879e-01 1.417155821143303156e+09 9.507565403908324242e+08
1.442229989155077718e-01 1.483913938291216135e+09 9.403535049456716776e+08
1.458855063074428748e-01 1.517669628847460032e+09 9.305046000628101826e+08
1.475480137617080634e-01 1.519117269712619066e+09 9.213480107241111994e+08
1.492105212762198374e-01 1.489270172400717020e+09 9.129960620137366056e+08
1.508730288489867621e-01 1.429438791097308636e+09 9.055319089461666346e+08
1.525355364781040279e-01 1.341207317458047152e+09 8.990074666574156284e+08
1.541980441617490649e-01 1.226408881722342730e+09 8.934426975557465553e+08
1.558605518981770188e-01 1.087099585254019022e+09 8.888262846576950550e+08
1.575230596857167542e-01 9.255315933699986935e+08 8.851176226878436804e+08
1.591855675227668576e-01 7.441255192021670341e+08 8.822499643794356585e+08
1.608480754077921959e-01 5.454423294524227381e+08 8.801344823294122219e+08
1.625105833393203636e-01 3.321550012107398510e+08 8.786649570417768955e+08
1.641730913159387406e-01 1.070201556123514622e+08 8.777227842736510038e+08
1.658355993362912173e-01 -1.271501109722112119e+08 8.771820083569407463e+08
1.674981073990755853e-01 -3.675159841818988323e+08 8.769141267315813303e+08
1.691606155030408176e-01 -6.112370715097393990e+08 8.767924655325485468e+08
1.708231236469845982e-01 -8.554987285058120489e+08 8.766959872167297602e+08
1.724856318297508795e-01 -1.097537386037231207e+09 8.765124506595073938e+08
1.741481400502279120e-01 -1.334664705418602467e+09 8.761408960862779617e+08
1.758106483073458848e-01 -1.564290401455802202e+09 8.754934684282771349e+08
1.774731566000750660e-01 -1.783943587613254547e+09 8.744966223538645506e+08
1.791356649274240265e-01 -1.991292512525421143e+09 8.730917710973147154e+08
1.807981732884377246e-01 -2.184162572761401653e+09 8.712354510507267714e+08
1.824606816821959798e-01 -2.360552503012473583e+09 8.688990770148309469e+08
1.841231901078118072e-01 -2.518648661523851395e+09 8.660683610757820606e+08
1.857856985644300296e-01 -2.656837345535223484e+09 8.627424630842837095e+08
1.874482070512257237e-01 -2.773715088558213234e+09 8.589329340388915539e+08
1.891107155674030538e-01 -2.868096908379614353e+09 8.546625063349972963e+08
1.907732241121938566e-01 -2.939022491596582413e+09 8.499637775069452524e+08
1.924357326848565586e-01 -2.985760317137685776e+09 8.448778271733362675e+08
1.940982412846749550e-01 -3.007809737463535786e+09 8.394528006095215082e+08
1.957607499109572380e-01 -3.004901051867352009e+09 8.337424868129452467e+08
1.974232585630348313e-01 -2.976993621383703709e+09 8.278049140973958969e+08
1.990857672402615297e-01 -2.924272089162591457e+09 8.217009821242522001e+08
2.007482759420124996e-01 -2.847140783674130440e+09 8.154931457977752686e+08
2.024107846676835298e-01 -2.746216394696524620e+09 8.092441635531743765e+08
2.040732934166899215e-01 -2.622319023608345509e+09 8.030159202012274265e+08
2.057358021884660160e-01 -2.476461720017573833e+09 7.968683326032050848e+08
2.073983109824642512e-01 -2.309838626113481522e+09 7.908583449745603800e+08
2.090608197981545235e-01 -2.123811858318001270e+09 7.850390195141167641e+08
2.107233286350234380e-01 -1.919897262769771814e+09 7.794587272475259304e+08
2.123858374925735870e-01 -1.699749186884720087e+09 7.741604434006296396e+08
2.140483463703231337e-01 -1.465144413685368299e+09 7.691811511891517639e+08
2.157108552678049240e-01 -1.217965408763489962e+09 7.645513575448626280e+08
2.173733641845664311e-01 -9.601830316517907381e+08 7.602947238912065029e+08
2.190358731201685061e-01 -6.938388640321135521e+08 7.564278145570448637e+08
2.206983820741854618e-01 -4.210273066398161054e+08 7.529599646908932924e+08
2.223608910462041566e-01 -1.438775949546951950e+08 7.498932685660525560e+08
2.240234000358239386e-01 1.354641191497754455e+08 7.472226879191961288e+08
2.256859090426557024e-01 4.148524766430428028e+08 7.449362784624476433e+08
2.273484180663219723e-01 6.921602733735132217e+08 7.430155309876980782e+08
2.290109271064561247e-01 9.652953428508312702e+08 7.414358216224849224e+08
2.306734361627020280e-01 1.232216834673819542e+09 7.401669638891609907e+08
2.323359452347137921e-01 1.490950771276784897e+09 7.391738533613938093e+08
2.339984543221555469e-01 1.739604774190299749e+09 7.384171940049204826e+08
2.356609634247005536e-01 1.976381860196389437e+09 7.378542938034391403e+08
2.373234725420314828e-01 2.199593217517563820e+09 7.374399160689942837e+08
2.389859816738397480e-01 2.407669882412366390e+09 7.371271719367401600e+08
2.406484908198254224e-01 2.599173247173892021e+09 7.368684389528404474e+08
2.423109999796965175e-01 2.772804341452018738e+09 7.366162903511512280e+08
2.439735091531692601e-01 2.927411839924537659e+09 7.363244195364242792e+08
2.456360183399674824e-01 3.061998760572909355e+09 7.359485444006127119e+08
2.472985275398224547e-01 3.175727829050295830e+09 7.354472763350782394e+08
2.489610367524725254e-01 3.267925495781383991e+09 7.347829391197785139e+08
2.506235459776631203e-01 3.338084603437522888e+09 7.339223232313907146e+08
2.522860552151463542e-01 3.385865713162156105e+09 7.328373614951884747e+08
2.539485644646808371e-01 3.411097108353576183e+09 7.315057124084774256e+08
2.556110737260313126e-01 3.413773504812757015e+09 7.299112379041237831e+08
2.572735829989687417e-01 3.394053505615553379e+09 7.280443628450131416e+08
2.589360922832700251e-01 3.352255848065484047e+09 7.259023042078734636e+08
2.605986015787175591e-01 3.288854498492305756e+09 7.234891588223981857e+08
2.622611108850994577e-01 3.204472658418113708e+09 7.208158397857680321e+08
2.639236202022091082e-01 3.099875752675939083e+09 7.178998534089899063e+08
2.655861295298450053e-01 2.975963476387187004e+09 7.147649109138481617e+08
2.672486388678106950e-01 2.833760983275457382e+09 7.114403722280665636e+08
2.689111482159146083e-01 2.674409302543924332e+09 7.079605232510694265e+08
2.705736575739698391e-01 2.499155075519529343e+09 7.043636929663888216e+08
2.722361669417941443e-01 2.309339706378616333e+09 7.006912227706512213e+08
2.738986763192096108e-01 2.106388023594711065e+09 6.969863072796460390e+08
2.755611857060425440e-01 1.891796550209855080e+09 6.932927334289798737e+08
2.772236951021236906e-01 1.667121481710292816e+09 6.896535525102016926e+08
2.788862045072874607e-01 1.433966470138393641e+09 6.861097273188452721e+08
2.805487139213725944e-01 1.193970312164566994e+09 6.826988031206530333e+08
2.822112233442213292e-01 9.487946371613153219e+08 6.794536558744040728e+08
2.838737327756796214e-01 7.001116889463882446e+08 6.764013732808607817e+08
2.855362422155972579e-01 4.495922917714246511e+08 6.735623230773605108e+08
2.871987516638271343e-01 1.988940874357169569e+08 6.709494581399046183e+08
2.888612611202258651e-01 -5.034987391591762006e+07 6.685678993082661629e+08
2.905237705846532292e-01 -2.965421115942368507e+08 6.664148247819844484e+08
2.921862800569720031e-01 -5.381311883977422714e+08 6.644796802214063406e+08
2.938487895370484604e-01 -7.736216142780085802e+08 6.627447074628010988e+08
2.955112990247516502e-01 -1.001583119202579737e+09 6.611857733573079109e+08
2.971738085199533974e-01 -1.220659241239701986e+09 6.597734650042303801e+08
2.988363180225286353e-01 -1.429575182629397869e+09 6.584744047381436825e+08
3.004988275323551283e-01 -1.627144893511158228e+09 6.572527284717853069e+08
3.021613370493130279e-01 -1.812277350054272175e+09 6.560716647986536026e+08
3.038238465732852611e-01 -1.983982000843075752e+09 6.548951495939992666e+08
3.054863561041573639e-01 -2.141373362532220602e+09 6.536894113575224876e+08
3.071488656418173702e-01 -2.283674752864002705e+09 6.524244655804092884e+08
3.088113751861554790e-01 -2.410221156149534702e+09 6.510754612957341671e+08
3.104738847370644983e-01 -2.520461223139343739e+09 6.496238289895528555e+08
3.121363942944395120e-01 -2.613958413847825050e+09 6.480581856872184277e+08
3.137989038581776025e-01 -2.690391298263075829e+09 6.463749599527263641e+08
3.154614134281782389e-01 -2.749553035949215889e+09 6.445787066677148342e+08
3.171239230043430002e-01 -2.791350061270433426e+09 6.426820889425193071e+08
3.187864325865753523e-01 -2.815800006326396465e+09 6.407055126868458986e+08
3.204489421747808708e-01 -2.823028898608209133e+09 6.386764086820807457e+08
3.221114517688670742e-01 -2.813267674893592834e+09 6.366281679146059752e+08
3.237739613687434237e-01 -2.786848056915200233e+09 6.345987487947671413e+08
3.254364709743211015e-01 -2.744197837885090351e+09 6.326289897949639559e+08
3.270989805855132326e-01 -2.685835631991893291e+09 6.307606776975071430e+08
3.287614902022346075e-01 -2.612365141527094364e+09 6.290344392467888594e+08
3.304239998244018484e-01 -2.524468998291954517e+09 6.274875412066588402e+08
3.320865094519330207e-01 -2.422902237453731060e+09 6.261516987989277840e+08
3.337490190847480775e-01 -2.308485462973225117e+09 6.250510031062538624e+08
3.354115287227684150e-01 -2.182097764219151020e+09 6.242000821650724411e+08
3.370740383659170392e-01 -2.044669443349042654e+09 6.236026064849932194e+08
3.387365480141183438e-01 -1.897174612535586357e+09 6.232502368162931204e+08
3.403990576672984991e-01 -1.740623719151927948e+09 6.231220905373975039e+08
3.420615673253846745e-01 -1.576056055633658886e+09 6.231847747080781460e+08
3.437240769883058711e-01 -1.404532308906628132e+09 6.233930013972750902e+08
3.453865866559921449e-01 -1.227127202090248823e+09 6.236907677565447092e+08
3.470490963283750507e-01 -1.044922278619409084e+09 6.240130529329965115e+08
3.487116060053874755e-01 -8.589988760697323084e+08 6.242879591847652197e+08
3.503741156869634166e-01 -6.704313338117796183e+08 6.244392073366905451e+08
3.520366253730383144e-01 -4.802804752237951159e+08 6.243888875806841850e+08
3.536991350635486642e-01 -2.895874015737642646e+08 6.240603649834884405e+08
3.553616447584322380e-01 -9.936763091073253751e+07 6.233812433617439270e+08
3.570241544576279180e-01 8.939438862713101506e+07 6.222862993283966780e+08
3.586866641610758633e-01 2.757503656749165654e+08 6.207203080381813049e+08
3.603491738687170098e-01 4.587928313466030359e+08 6.186406913554120064e+08
3.620116835804937372e-01 6.376593665295751095e+08 6.160199260728729963e+08
3.636741932963493684e-01 8.115363776022418737e+08 6.128476531281210184e+08
3.653367030162280593e-01 9.796624114116203785e+08 6.091324276852011681e+08
3.669992127400752979e-01 1.141331004306110382e+09 6.049030441885753870e+08
3.686617224678372939e-01 1.295893063812649965e+09 6.002093603696249723e+08
3.703242321994613118e-01 1.442758785252347708e+09 5.951225307620456219e+08
3.719867419348956150e-01 1.581399109059512854e+09 5.897345456656213999e+08
3.736492516740893000e-01 1.711346727907817841e+09 5.841569591670000553e+08
3.753117614169925176e-01 1.832196655801413059e+09 5.785186849635024071e+08
3.769742711635561405e-01 1.943606374172912836e+09 5.729627482964489460e+08
3.786367809137318741e-01 2.045295572593078852e+09 5.676419145277248621e+08
3.802992906674724227e-01 2.137045504059467316e+09 5.627131778300024271e+08
3.819618004247312126e-01 2.218697976852046013e+09 5.583311922122257948e+08
3.836243101854625026e-01 2.290154006746327400e+09 5.546408599613131285e+08
3.852868199496213841e-01 2.351372154819860935e+09 5.517694470670150518e+08
3.869493297171635593e-01 2.402366577317910194e+09 5.498187459536212683e+08
3.886118394880457849e-01 2.443204814905127048e+09 5.488579170069823265e+08
3.902743492622252064e-01 2.474005349298179626e+09 5.489176739544861317e+08
3.919368590396599683e-01 2.494934955566751003e+09 5.499864072511725426e+08
3.935993688203087704e-01 2.506205878519699097e+09 5.520086616761227846e+08
3.952618786041311449e-01 2.508072861363613129e+09 5.548861273258759975e+08
3.969243883910870685e-01 2.500830054452067375e+09 5.584810198006767035e+08
3.985868981811374612e-01 2.484807831250233173e+09 5.626214763620821238e+08
4.002494079742436872e-01 2.460369537832301140e+09 5.671084286249941587e+08
4.019119177703678880e-01 2.427908201147408485e+09 5.717233507819899321e+08
4.035744275694727046e-01 2.387843220117181301e+09 5.762363180026946068e+08
4.052369373715214440e-01 2.340617062229610920e+09 5.804139141625816822e+08
4.068994471764781906e-01 2.286691986860410213e+09 5.840266653164306879e+08
4.085619569843071952e-01 2.226546814905016899e+09 5.868558133883950710e+08
4.102244667949735413e-01 2.160673762709275723e+09 5.886993620130144358e+08
4.118869766084432005e-01 2.089575356480367661e+09 5.893774136623035669e+08
4.135494864246819224e-01 2.013761441683328629e+09 5.887368735240725279e+08
4.152119962436567890e-01 1.933746300063226223e+09 5.866556257482833862e+08
4.168745060653349932e-01 1.850045885251097441e+09 5.830462980710147619e+08
4.185370158896842829e-01 1.763175186077028275e+09 5.778597272018619776e+08
4.201995257166728504e-01 1.673645725104940176e+09 5.710882231974422932e+08
4.218620355462696647e-01 1.581963198164844751e+09 5.627687067688717842e+08
4.235245453784438063e-01 1.488625259202673674e+09 5.529857557219446898e+08
4.251870552131651881e-01 1.394119453177494049e+09 5.418745377317824364e+08
4.268495650504041117e-01 1.298921298491374731e+09 5.296235134601410627e+08
4.285120748901312115e-01 1.203492519042955399e+09 5.164766484289905429e+08
4.301745847323175664e-01 1.108279425001088381e+09 5.027346525948324203e+08
4.318370945769347546e-01 1.013711440229681969e+09 4.887544559053678513e+08
4.334996044239549096e-01 9.201997735704857111e+08 4.749457311017526984e+08
4.351621142733504422e-01 8.281362302714878321e+08 4.617628526723794937e+08
4.368246241250944295e-01 7.378921594036862850e+08 4.496903992395302057e+08
4.384871339791597822e-01 6.498175324263260365e+08 4.392204755855318904e+08
4.401496438355204099e-01 5.642401478991967440e+08 4.308211645950834155e+08
4.418121536941504446e-01 4.814649568637859225e+08 4.248976206381924748e+08
4.434746635550242400e-01 4.017735035256210566e+08 4.217504536634687185e+08
4.451371734181167605e-01 3.254234755638197064e+08 4.215389890282679796e+08
4.467996832834031928e-01 2.526483587413187921e+08 4.242579047471449971e+08
4.484621931508591675e-01 1.836571903150635958e+08 4.297333122549688220e+08
4.501247030204606481e-01 1.186344062900238782e+08 4.376390883145142794e+08
4.517872128921838204e-01 5.773977745861340314e+07 4.475286568947172761e+08
4.534497227660054253e-01 1.108429879485979676e+06 4.588741769507825971e+08
4.551122326419027031e-01 -5.114905465215838701e+07 4.711052415574069619e+08
4.567747425198525613e-01 -9.894646174256269634e+07 4.836417396569344997e+08
4.584372523998329063e-01 -1.422216949152798355e+08 4.959186652006201744e+08
4.600997622818217003e-01 -1.809364563178034425e+08 5.074030596854948997e+08
4.617622721657972384e-01 -2.150758607462740839e+08 5.176045335724034309e+08
4.634247820517383154e-01 -2.446479850525122285e+08 5.260811445777853727e+08
4.650872919396236149e-01 -2.696833555481728911e+08 5.324422180986052752e+08
4.667498018294323758e-01 -2.902343748263976574e+08 5.363493090337120295e+08
4.684123117211442255e-01 -3.063746903032267094e+08 5.375161151101238728e+08
4.700748216147389580e-01 -3.181985054058159590e+08 5.357078393327998519e+08
4.717373315101965336e-01 -3.258198356591931581e+08 5.307402766346754432e+08
4.733998414074974126e-01 -3.293717102551676631e+08 5.224787555809189081e+08
4.750623513066224435e-01 -3.290053216231902838e+08 5.108369782593566179e+08
4.767248612075521974e-01 -3.248891233540309668e+08 4.957757537135474086e+08
4.783873711102680226e-01 -3.172078796369485259e+08 4.773015961945565939e+08
4.800498810147514894e-01 -3.061616663318325877e+08 4.554651519907355905e+08
4.817123909209840571e-01 -2.919648279486252666e+08 4.303594182054759264e+08
4.833749008289477955e-01 -2.748448902065900564e+08 4.021177233885520697e+08
4.850374107386249412e-01 -2.550414342537724674e+08 3.709114463887892365e+08
4.866999206499977859e-01 -2.328049310797622800e+08 3.369474605941721201e+08
4.883624305630492324e-01 -2.083955453428719938e+08 3.004652977146218419e+08
4.900249404777619611e-01 -1.820819041353976130e+08 2.617340379169300199e+08
4.916874503941192631e-01 -1.541398464514347017e+08 2.210489385486583412e+08
4.933499603121045407e-01 -1.248511400270741880e+08 1.787278331144030988e+08
4.950124702317013070e-01 -9.450219993955974281e+07 1.351073521489006877e+08
4.966749801528934083e-01 -6.338275870229946077e+07 9.053919427497859299e+07
4.983374900756649684e-01 -3.178465463678682968e+07 4.538810445418687910e+07
