# r [arcsec]	I [Jy/sr]	I_uncer [Jy/sr]
1.272617859314095550e-03 9.219002200943029785e+10 1.003906907386788368e+09
2.921189009106442414e-03 9.216295981790724182e+10 1.002607844341840148e+09
4.579495862547155495e-03 9.211428847054676819e+10 1.000411868183038354e+09
6.240002426697914550e-03 9.204402389756399536e+10 9.972760665584896803e+08
7.901343393063876494e-03 9.195220338441384888e+10 9.931973891844744682e+08
9.563088128690054243e-03 9.183887706436607361e+10 9.881816091836017370e+08
1.122505851373705593e-02 9.170410708848924255e+10 9.822383778315302134e+08
1.288716767388508287e-02 9.154796743683953857e+10 9.753800425675508976e+08
1.454936822595933807e-02 9.137054383118765259e+10 9.676212516473984718e+08
1.621163214106096165e-02 9.117193366647723389e+10 9.589787804251211882e+08
1.787394178310437384e-02 9.095224594275738525e+10 9.494714343435251713e+08
1.953628550253095827e-02 9.071160119242263794e+10 9.391199823777233362e+08
2.119865529577967186e-02 9.045013140111454773e+10 9.279471036507099867e+08
2.286104548286438387e-02 9.016797992163487244e+10 9.159773400793713331e+08
2.452345192144544592e-02 8.986530138066900635e+10 9.032370519793875217e+08
2.618587151961204035e-02 8.954226157820124817e+10 8.897543753848180771e+08
2.784830192283991451e-02 8.919903737965092468e+10 8.755591807363244295e+08
2.951074130657948408e-02 8.883581660069226074e+10 8.606830330806176662e+08
3.117318823511218417e-02 8.845279788483435059e+10 8.451591542142844200e+08
3.283564156322602012e-02 8.805019057377731323e+10 8.290223874083372355e+08
3.449810036628684490e-02 8.762821457061581421e+10 8.123091655016540289e+08
3.616056388957845924e-02 8.718710019592120361e+10 7.950574832889347076e+08
3.782303151098994481e-02 8.672708803679881287e+10 7.773068752551227808e+08
3.948550271312052662e-02 8.624842878894641113e+10 7.590983998366500139e+08
4.114797706214112089e-02 8.575138309182568359e+10 7.404746315178191662e+08
4.281045419157746001e-02 8.523622135698304749e+10 7.214796622001820803e+08
4.447293378972808769e-02 8.470322358963371277e+10 7.021591134090049267e+08
4.613541558980088775e-02 8.415267920356530762e+10 6.825601610139710903e+08
4.779789936210682849e-02 8.358488682946893311e+10 6.627315742297220230e+08
4.946038490782722619e-02 8.300015411677249146e+10 6.427237706997441053e+08
5.112287205399637657e-02 8.239879752909835815e+10 6.225888894236367941e+08
5.278536064943199074e-02 8.178114213340704346e+10 6.023808831130018234e+08
5.444785056141081270e-02 8.114752138298983765e+10 5.821556311794639826e+08
5.611034167293492414e-02 8.049827689435189819e+10 5.619710738720810413e+08
5.777283388046990098e-02 7.983375821817543030e+10 5.418873669448715448e+08
5.943532709206246489e-02 7.915432260441589355e+10 5.219670544553795457e+08
6.109782122576532665e-02 7.846033476170706177e+10 5.022752546157559156e+08
6.276031620831216962e-02 7.775216661118005371e+10 4.828798497152814865e+08
6.442281197399798987e-02 7.703019703483348083e+10 4.638516656131228209e+08
6.608530846372812073e-02 7.629481161860681152e+10 4.452646187383084893e+08
6.774780562420743002e-02 7.554640239029321289e+10 4.271957985318225026e+08
6.941030340724584080e-02 7.478536755243984985e+10 4.097254406108469963e+08
7.107280176916151715e-02 7.401211121041461182e+10 3.929367308511039019e+08
7.273530067026563739e-02 7.322704309575473022e+10 3.769153641361787915e+08
7.439780007441634813e-02 7.243057828503028870e+10 3.617487661806236506e+08
7.606029994863128252e-02 7.162313691432511902e+10 3.475248770826608539e+08
7.772280026274960840e-02 7.080514388956980896e+10 3.343303980392900705e+08
7.938530098913672284e-02 6.997702859287274170e+10 3.222484270722389817e+08
8.104780210242505667e-02 6.913922458505615234e+10 3.113554652272193432e+08
8.271030357928650656e-02 6.829216930459181976e+10 3.017178676429071426e+08
8.437280539823126257e-02 6.743630376311437988e+10 2.933879408505243659e+08
8.603530753943039455e-02 6.657207223775871277e+10 2.864000297544720769e+08
8.769780998455847798e-02 6.569992196047843933e+10 2.807670581800118685e+08
8.936031271665356712e-02 6.482030280460721588e+10 2.764780378335707784e+08
9.102281571999285004e-02 6.393366696886071014e+10 2.734970010609230995e+08
9.268531897998151525e-02 6.304046865900370026e+10 2.717636320811756253e+08
9.434782248305331742e-02 6.214116376742385101e+10 2.711956036054641604e+08
9.601032621658157906e-02 6.123620955084270477e+10 2.716923434232230186e+08
9.767283016879922675e-02 6.032606430640203857e+10 2.731397404592694640e+08
9.933533432872686253e-02 5.941118704637733459e+10 2.754152073589271903e+08
1.009978386861079547e-01 5.849203717176216125e+10 2.783925548550869226e+08
1.026603432313502873e-01 5.756907414498788452e+10 2.819462669979613423e+08
1.043228479554730720e-01 5.664275716202126312e+10 2.859549405821695328e+08
1.059853528500589448e-01 5.571354482413029480e+10 2.903038164544388652e+08
1.076478579072105424e-01 5.478189480954833221e+10 2.948864541352620125e+08
1.093103631195108394e-01 5.384826354535607910e+10 2.996056751319016814e+08
1.109728684799872744e-01 5.291310587980042267e+10 3.043739303936025500e+08
1.126353739820789568e-01 5.197687475538842773e+10 3.091132463285098672e+08
1.142978796196066349e-01 5.104002088298235321e+10 3.137548849157561064e+08
1.159603853867454265e-01 5.010299241723069763e+10 3.182388271636857986e+08
1.176228912779997832e-01 4.916623463357826996e+10 3.225131622969189286e+08
1.192853972881804531e-01 4.823018960718267059e+10 3.265334412569386363e+08
1.209479034123834701e-01 4.729529589400423431e+10 3.302620338035650253e+08
1.226104096459709192e-01 4.636198821438582611e+10 3.336675138189558387e+08
1.242729159845529646e-01 4.543069713938600159e+10 3.367240867919916511e+08
1.259354224239715991e-01 4.450184878021099091e+10 3.394110661165870428e+08
1.275979289602855449e-01 4.357586448099106598e+10 3.417123999875022173e+08
1.292604355897561952e-01 4.265316051524506378e+10 3.436162476409800053e+08
1.309229423088349165e-01 4.173414778630413818e+10 3.451146019199795723e+08
1.325854491141509606e-01 4.081923153201155853e+10 3.462029542336003780e+08
1.342479560025006402e-01 3.990881103398173523e+10 3.468799976269927621e+08
1.359104629708369483e-01 3.900327933173294830e+10 3.471473636699743271e+08
1.375729700162601765e-01 3.810302294198622131e+10 3.470093890655399561e+08
1.392354771360091448e-01 3.720842158341427612e+10 3.464729081749777198e+08
1.408979843274529020e-01 3.631984790715361023e+10 3.455470679922204018e+08
1.425604915880832879e-01 3.543766723335855103e+10 3.442431624346854091e+08
1.442229989155077718e-01 3.456223729408882141e+10 3.425744831283410192e+08
1.458855063074428748e-01 3.369390798281571960e+10 3.405561841344646215e+08
1.475480137617080634e-01 3.283302111083315277e+10 3.382051582877561450e+08
1.492105212762198374e-01 3.197991017084740829e+10 3.355399229863893390e+08
1.508730288489867621e-01 3.113490010801788712e+10 3.325805133908624053e+08
1.525355364781040279e-01 3.029830709871495438e+10 3.293483810531471372e+08
1.541980441617490649e-01 2.947043833727266312e+10 3.258662960096917748e+08
1.558605518981770188e-01 2.865159183097595215e+10 3.221582503344209194e+08
1.575230596857167542e-01 2.784205620353216171e+10 3.182493610667647719e+08
1.591855675227668576e-01 2.704211050729587555e+10 3.141657703096969128e+08
1.608480754077921959e-01 2.625202404445092010e+10 3.099345401433923244e+08
1.625105833393203636e-01 2.547205619740081787e+10 3.055835398368800282e+08
1.641730913159387406e-01 2.470245626858163834e+10 3.011413226808530688e+08
1.658355993362912173e-01 2.394346332990739441e+10 2.966369896358948350e+08
1.674981073990755853e-01 2.319530608205688858e+10 2.921000369270173311e+08
1.691606155030408176e-01 2.245820272379243469e+10 2.875601847588947415e+08
1.708231236469845982e-01 2.173236083149072266e+10 2.830471845281153917e+08
1.724856318297508795e-01 2.101797724907196045e+10 2.785906023247959018e+08
1.741481400502279120e-01 2.031523798847708130e+10 2.742195772042488456e+08
1.758106483073458848e-01 1.962431814084907532e+10 2.699625537218382359e+08
1.774731566000750660e-01 1.894538179856472778e+10 2.658469895963018537e+08
1.791356649274240265e-01 1.827858198824137497e+10 2.618990411046834290e+08
1.807981732884377246e-01 1.762406061482694626e+10 2.581432308775926232e+08
1.824606816821959798e-01 1.698194841689587021e+10 2.546021050615354776e+08
1.841231901078118072e-01 1.635236493322184944e+10 2.512958891829054058e+08
1.857856985644300296e-01 1.573541848071844673e+10 2.482421542593398094e+08
1.874482070512257237e-01 1.513120614380593109e+10 2.454555064806838334e+08
1.891107155674030538e-01 1.453981377525502968e+10 2.429473148259254396e+08
1.907732241121938566e-01 1.396131600854650497e+10 2.407254910224194229e+08
1.924357326848565586e-01 1.339577628176190376e+10 2.387943350987457037e+08
1.940982412846749550e-01 1.284324687302191734e+10 2.371544573718274534e+08
1.957607499109572380e-01 1.230376894745460320e+10 2.358027841510250866e+08
1.974232585630348313e-01 1.177737261567804909e+10 2.347326500181869268e+08
1.990857672402615297e-01 1.126407700375668716e+10 2.339339746791869402e+08
2.007482759420124996e-01 1.076389033457757568e+10 2.333935175881239772e+08
2.024107846676835298e-01 1.027681002057735443e+10 2.330951993298793435e+08
2.040732934166899215e-01 9.802822767741472244e+09 2.330204755322969258e+08
2.057358021884660160e-01 9.341904690765071869e+09 2.331487471418098509e+08
2.073983109824642512e-01 8.894021439271888733e+09 2.334577903222318292e+08
2.090608197981545235e-01 8.459128334948980331e+09 2.339241899391613007e+08
2.107233286350234380e-01 8.037170519463435173e+09 2.345237623364231884e+08
2.123858374925735870e-01 7.628083112982018471e+09 2.352319555792894661e+08
2.140483463703231337e-01 7.231791383135454178e+09 2.360242181878505945e+08
2.157108552678049240e-01 6.848210924213716507e+09 2.368763302951215804e+08
2.173733641845664311e-01 6.477247846404330254e+09 2.377646938855151236e+08
2.190358731201685061e-01 6.118798974828475952e+09 2.386665811242168844e+08
2.206983820741854618e-01 5.772752058158830643e+09 2.395603416835003197e+08
2.223608910462041566e-01 5.438985986544219971e+09 2.404255713804399073e+08
2.240234000358239386e-01 5.117371018591511726e+09 2.412432453887235820e+08
2.256859090426557024e-01 4.807769017107067108e+09 2.419958198314656317e+08
2.273484180663219723e-01 4.510033693316260338e+09 2.426673057791890502e+08
2.290109271064561247e-01 4.224010859237671375e+09 2.432433196419826150e+08
2.306734361627020280e-01 3.949538687901212215e+09 2.437111137342957556e+08
2.323359452347137921e-01 3.686447981064016342e+09 2.440595904632465839e+08
2.339984543221555469e-01 3.434562444085766315e+09 2.442793032008650899e+08
2.356609634247005536e-01 3.193698967594416142e+09 2.443624464825053513e+08
2.373234725420314828e-01 2.963667915577566147e+09 2.443028377566235662e+08
2.389859816738397480e-01 2.744273419512021542e+09 2.440958925112581253e+08
2.406484908198254224e-01 2.535313678142932892e+09 2.437385942311584949e+08
2.423109999796965175e-01 2.336581262504024029e+09 2.432294603000310659e+08
2.439735091531692601e-01 2.147863425772049427e+09 2.425685046565829813e+08
2.456360183399674824e-01 1.968942417530680656e+09 2.417571977373042107e+08
2.472985275398224547e-01 1.799595802015220642e+09 2.407984239921542704e+08
2.489610367524725254e-01 1.639596779901993275e+09 2.396964370346041024e+08
2.506235459776631203e-01 1.488714513198753834e+09 2.384568122830072343e+08
2.522860552151463542e-01 1.346714452784898996e+09 2.370863967610080540e+08
2.539485644646808371e-01 1.213358668146772623e+09 2.355932555482845008e+08
2.556110737260313126e-01 1.088406178850569010e+09 2.339866142077744305e+08
2.572735829989687417e-01 9.716132872829692364e+08 2.322767963622498810e+08
2.589360922832700251e-01 8.627339121986894608e+08 2.304751554529042840e+08
2.605986015787175591e-01 7.615199225998278856e+08 2.285939995916921794e+08
2.622611108850994577e-01 6.677214714780889750e+08 2.266465083226828277e+08
2.639236202022091082e-01 5.810873289483011961e+08 2.246466400476618409e+08
2.655861295298450053e-01 5.013652142963738441e+08 2.226090288600482345e+08
2.672486388678106950e-01 4.283021264732316732e+08 2.205488695836357772e+08
2.689111482159146083e-01 3.616446725652348995e+08 2.184817899488364458e+08
2.705736575739698391e-01 3.011393937659342289e+08 2.164237090750774741e+08
2.722361669417941443e-01 2.465330883933789730e+08 2.143906817834802568e+08
2.738986763192096108e-01 1.975731314844542146e+08 2.123987287509264648e+08
2.755611857060425440e-01 1.540077905098753572e+08 2.104636531434991062e+08
2.772236951021236906e-01 1.155865367651842982e+08 2.086008451276189387e+08
2.788862045072874607e-01 8.206035198440544307e+07 2.068250765337621570e+08
2.805487139213725944e-01 5.318202974383354187e+07 2.051502889011231959e+08
2.822112233442213292e-01 2.870647122593833134e+07 2.035893791055718362e+08
2.838737327756796214e-01 8.390974918911503628e+06 2.021539876915763915e+08
2.855362422155972579e-01 -8.004480155594164506e+06 2.008542957995367646e+08
2.871987516638271343e-01 -2.071695809028669819e+07 1.996988371082016230e+08
2.888612611202258651e-01 -2.998029700506989658e+07 1.986943314041479230e+08
2.905237705846532292e-01 -3.602484760602112859e+07 1.978455461757243276e+08
2.921862800569720031e-01 -3.907721975078129768e+07 1.971551919707608819e+08
2.938487895370484604e-01 -3.936003738143384457e+07 1.966238561577099860e+08
2.955112990247516502e-01 -3.709170215554242581e+07 1.962499782525586784e+08
2.971738085199533974e-01 -3.248616610956953093e+07 1.960298682141747177e+08
2.988363180225286353e-01 -2.575271365357209742e+07 1.959577672192000449e+08
3.004988275323551283e-01 -1.709575320104218274e+07 1.960259485556174517e+08
3.021613370493130279e-01 -6.714618704554836266e+06 1.962248545897308886e+08
3.038238465732852611e-01 5.196618636912917718e+06 1.965432643886880875e+08
3.054863561041573639e-01 1.844932826147402078e+07 1.969684856268223524e+08
3.071488656418173702e-01 3.286048748624128476e+07 1.974865639022247493e+08
3.088113751861554790e-01 4.825283790527866036e+07 1.980825025459471047e+08
3.104738847370644983e-01 6.445503075397278368e+07 1.987404863594178855e+08
3.121363942944395120e-01 8.130176106964759529e+07 1.994441033954410851e+08
3.137989038581776025e-01 9.863389049717675149e+07 2.001765597952315807e+08
3.154614134281782389e-01 1.162985586151165068e+08 2.009208837169641852e+08
3.171239230043430002e-01 1.341492826654002815e+08 2.016601154378541410e+08
3.187864325865753523e-01 1.520460455987791121e+08 2.023774817168830335e+08
3.204489421747808708e-01 1.698553723745836616e+08 2.030565534029940069e+08
3.221114517688670742e-01 1.874503944507865012e+08 2.036813860413397849e+08
3.237739613687434237e-01 2.047109024549565613e+08 2.042366438435607851e+08
3.254364709743211015e-01 2.215233870127234757e+08 2.047077078553551435e+08
3.270989805855132326e-01 2.377810677623881400e+08 2.050807694804692566e+08
3.287614902022346075e-01 2.533839105789174139e+08 2.053429107291736305e+08
3.304239998244018484e-01 2.682386330727387965e+08 2.054821726644684970e+08
3.320865094519330207e-01 2.822586984350500703e+08 2.054876135525426865e+08
3.337490190847480775e-01 2.953642977296624780e+08 2.053493581933517754e+08
3.354115287227684150e-01 3.074823207469512820e+08 2.050586398435953259e+08
3.370740383659170392e-01 3.185463155654878616e+08 2.046078360504413843e+08
3.387365480141183438e-01 3.284964369704903960e+08 2.039904996117537320e+08
3.403990576672984991e-01 3.372793839153788686e+08 2.032013857678682208e+08
3.420615673253846745e-01 3.448483262219446301e+08 2.022364766247988939e+08
3.437240769883058711e-01 3.511628207359173298e+08 2.010930037044147849e+08
3.453865866559921449e-01 3.561887171740466952e+08 1.997694694238474667e+08
3.470490963283750507e-01 3.598980539195823073e+08 1.982656682161128521e+08
3.487116060053874755e-01 3.622689440327113271e+08 1.965827079204323292e+08
3.503741156869634166e-01 3.632854517726170421e+08 1.947230319869934916e+08
3.520366253730383144e-01 3.629374599299083948e+08 1.926904429536440372e+08
3.536991350635486642e-01 3.612205282968381047e+08 1.904901275523172021e+08
3.553616447584322380e-01 3.581357436119312048e+08 1.881286836836806536e+08
3.570241544576279180e-01 3.536895613282902241e+08 1.856141493443227112e+08
3.586866641610758633e-01 3.478936395763026476e+08 1.829560333896629810e+08
3.603491738687170098e-01 3.407646656998704076e+08 1.801653477457091808e+08
3.620116835804937372e-01 3.323241757559341788e+08 1.772546403216443658e+08
3.636741932963493684e-01 3.225983673863782287e+08 1.742380273950351477e+08
3.653367030162280593e-01 3.116179064739187360e+08 1.711312236099252999e+08
3.669992127400752979e-01 2.994177280105748773e+08 1.679515669118469954e+08
3.686617224678372939e-01 2.860368316121862531e+08 1.647180347096040547e+08
3.703242321994613118e-01 2.715180721252136230e+08 1.614512462797211707e+08
3.719867419348956150e-01 2.559079457731543779e+08 1.581734449068378806e+08
3.736492516740893000e-01 2.392563723046968877e+08 1.549084515202555954e+08
3.753117614169925176e-01 2.216164736071491539e+08 1.516815797250882089e+08
3.769742711635561405e-01 2.030443492484051287e+08 1.485195003269271553e+08
3.786367809137318741e-01 1.835988494304889143e+08 1.454500419957543910e+08
3.802992906674724227e-01 1.633413458181387186e+08 1.425019140695654154e+08
3.819618004247312126e-01 1.423355007306962609e+08 1.397043382289811075e+08
3.836243101854625026e-01 1.206470351690741032e+08 1.370865786024084389e+08
3.852868199496213841e-01 9.834349615781770647e+07 1.346773654424391687e+08
3.869493297171635593e-01 7.549402388406397402e+07 1.325042163538679630e+08
3.886118394880457849e-01 5.216911910235754400e+07 1.305926710814296305e+08
3.902743492622252064e-01 2.844041128302276507e+07 1.289654702802877575e+08
3.919368590396599683e-01 4.380427973245157860e+06 1.276417235710014552e+08
3.935993688203087704e-01 -1.993763416996832192e+07 1.266361247391538173e+08
3.952618786041311449e-01 -4.444013620736167580e+07 1.259582787733574212e+08
3.969243883910870685e-01 -6.905322116466756165e+07 1.256122036712687314e+08
3.985868981811374612e-01 -9.370303524675366282e+07 1.255960580438483059e+08
4.002494079742436872e-01 -1.183159455865201950e+08 1.259021244861078262e+08
4.019119177703678880e-01 -1.428187541011973619e+08 1.265170517417781651e+08
4.035744275694727046e-01 -1.671389070442766845e+08 1.274223310744665861e+08
4.052369373715214440e-01 -1.912046998375084996e+08 1.285949592002990246e+08
4.068994471764781906e-01 -2.149454768051393330e+08 1.300082257594408840e+08
4.085619569843071952e-01 -2.382918254158934653e+08 1.316325590901241899e+08
4.102244667949735413e-01 -2.611757646756315529e+08 1.334363692782342136e+08
4.118869766084432005e-01 -2.835309273118708134e+08 1.353868392328336835e+08
4.135494864246819224e-01 -3.052927354200999737e+08 1.374506296423824430e+08
4.152119962436567890e-01 -3.263985692382293344e+08 1.395944787942419946e+08
4.168745060653349932e-01 -3.467879287598257065e+08 1.417856913754534125e+08
4.185370158896842829e-01 -3.664025878785568476e+08 1.439925201797751188e+08
4.201995257166728504e-01 -3.851867408108125925e+08 1.461844511317289770e+08
4.218620355462696647e-01 -4.030871405278581977e+08 1.483324053728669584e+08
4.235245453784438063e-01 -4.200532289759396911e+08 1.504088732739464045e+08
4.251870552131651881e-01 -4.360372588549085855e+08 1.523879946260275543e+08
4.268495650504041117e-01 -4.509944067732558250e+08 1.542455978521329761e+08
4.285120748901312115e-01 -4.648828775881641507e+08 1.559592090816737115e+08
4.301745847323175664e-01 -4.776639997884040475e+08 1.575080399961507618e+08
4.318370945769347546e-01 -4.893023117705413699e+08 1.588729613713814318e+08
4.334996044239549096e-01 -4.997656389002050161e+08 1.600364676658264101e+08
4.351621142733504422e-01 -5.090251612626707554e+08 1.609826365098824203e+08
4.368246241250944295e-01 -5.170554720266710520e+08 1.616970859260486960e+08
4.384871339791597822e-01 -5.238346263656475544e+08 1.621669311153929234e+08
4.401496438355204099e-01 -5.293441809151417613e+08 1.623807420891775787e+08
4.418121536941504446e-01 -5.335692237368977070e+08 1.623285027957943082e+08
4.434746635550242400e-01 -5.364983948221198916e+08 1.620015721641746759e+08
4.451371734181167605e-01 -5.381238971425043344e+08 1.613926470821443498e+08
4.467996832834031928e-01 -5.384414983192044497e+08 1.604957273086437583e+08
4.484621931508591675e-01 -5.374505229699504375e+08 1.593060820363143682e+08
4.501247030204606481e-01 -5.351538358332549334e+08 1.578202179329773784e+08
4.517872128921838204e-01 -5.315578157793402672e+08 1.560358482573453486e+08
4.534497227660054253e-01 -5.266723208465399146e+08 1.539518628439680934e+08
4.551122326419027031e-01 -5.205106444437910318e+08 1.515682985216705799e+08
4.567747425198525613e-01 -5.130894629078306556e+08 1.488863097983255982e+08
4.584372523998329063e-01 -5.044287745847606063e+08 1.459081393838714957e+08
4.600997622818217003e-01 -4.945518306675989628e+08 1.426370884578333497e+08
4.617622721657972384e-01 -4.834850579893667698e+08 1.390774862715629637e+08
4.634247820517383154e-01 -4.712579740449298620e+08 1.352346590846165717e+08
4.650872919396236149e-01 -4.579030944659641385e+08 1.311148980370561033e+08
4.667498018294323758e-01 -4.434558332680072188e+08 1.267254260668857396e+08
4.684123117211442255e-01 -4.279543961083657742e+08 1.220743634677481055e+08
4.700748216147389580e-01 -4.114396669188448787e+08 1.171706923268039972e+08
4.717373315101965336e-01 -3.939550881687000394e+08 1.120242194041723311e+08
4.733998414074974126e-01 -3.755465351602860093e+08 1.066455378593574911e+08
4.750623513066224435e-01 -3.562621846230781078e+08 1.010459873143601716e+08
4.767248612075521974e-01 -3.361523780516704917e+08 9.523761289142343402e+07
4.783873711102680226e-01 -3.152694800498722196e+08 8.923312259346328676e+07
4.800498810147514894e-01 -2.936677321840796471e+08 8.304584404086938500e+07
4.817123909209840571e-01 -2.714031025727507472e+08 7.668967976427514851e+07
4.833749008289477955e-01 -2.485331318041212857e+08 7.017906280023010075e+07
4.850374107386249412e-01 -2.251167753310118318e+08 6.352891170820999891e+07
4.866999206499977859e-01 -2.012142430736187398e+08 5.675458864575394988e+07
4.883624305630492324e-01 -1.768868362059618235e+08 4.987186076090510935e+07
4.900249404777619611e-01 -1.521967821451331079e+08 4.289687607746069133e+07
4.916874503941192631e-01 -1.272070672903677523e+08 3.584616742666290700e+07
4.933499603121045407e-01 -1.019812692494766861e+08 2.873675199911109358e+07
4.950124702317013070e-01 -7.658338678580829501e+07 2.158653250132847950e+07
4.966749801528934083e-01 -5.107767191663169861e+07 1.441611481731519662e+07
4.983374900756649684e-01 -2.552845251730738580e+07 7.261261853713433258e+06
