# r [arcsec]	I [Jy/sr]	I_uncer [Jy/sr]
3.817853577942286001e-03 8.301120079939727783e+10 6.083454554928776026e+08
8.763567027319327241e-03 8.292154172027259827e+10 6.062248941797291040e+08
1.373848758764146562e-02 8.276043958929920959e+10 6.024273517122809887e+08
1.872000728009374365e-02 8.252820317730986023e+10 5.969762216299288273e+08
2.370403017919163122e-02 8.222532457201647949e+10 5.899074244270280600e+08
2.868926438607016446e-02 8.185244963523522949e+10 5.812679128230936527e+08
3.367517554121116780e-02 8.141037350312399292e+10 5.711152825047955513e+08
3.866150302165524688e-02 8.090003781122996521e+10 5.595174606453915834e+08
4.364810467787801074e-02 8.032252786193650818e+10 5.465523836134592295e+08
4.863489642318288148e-02 7.967906946793406677e+10 5.323076587214525938e+08
5.362182534931311806e-02 7.897102542018164062e+10 5.168802189195700288e+08
5.860885650759287135e-02 7.819989157375473022e+10 5.003759843403766155e+08
6.359596588733901212e-02 7.736729255760090637e+10 4.829095479222441912e+08
6.858313644859315161e-02 7.647497711893501282e+10 4.646039052654725909e+08
7.357035576433633428e-02 7.552481311545733643e+10 4.455902515426648259e+08
7.855761455883611410e-02 7.451878217018902588e+10 4.260078703993082047e+08
8.354490576851973660e-02 7.345897400506939697e+10 4.060041405242398977e+08
8.853222391973845917e-02 7.234758047062393188e+10 3.857346833975489736e+08
9.351956470533653865e-02 7.118688929012294006e+10 3.653636678183736205e+08
9.850692468967806037e-02 6.997927753766535950e+10 3.450642683801225424e+08
1.034943010988605139e-01 6.872720487061253357e+10 3.250192382359521389e+08
1.084816916687353777e-01 6.743320653770323944e+10 3.054214892820337415e+08
1.134690945329698275e-01 6.609988618504700470e+10 2.864744586826847196e+08
1.184565081393615799e-01 6.472990848298877716e+10 2.683918607062084079e+08
1.234439311864233557e-01 6.332599159757460022e+10 2.513961659417697787e+08
1.284313625747323662e-01 6.189089953100407410e+10 2.357148371211352050e+08
1.334188013691842700e-01 6.042743435605713654e+10 2.215730811748657525e+08
1.384062467694026355e-01 5.893842836997014618e+10 2.091818859711369574e+08
1.433936980863204647e-01 5.742673619368990326e+10 1.987207787204892039e+08
1.483811547234816508e-01 5.589522684273934937e+10 1.903164303883208632e+08
1.533686161619891020e-01 5.434677579621066284e+10 1.840208172560859621e+08
1.583560819482959792e-01 5.278425709051092529e+10 1.797950171514995694e+08
1.633435516842324520e-01 5.121053546457447815e+10 1.775049315784590244e+08
1.683310250188047585e-01 4.962845858316920471e+10 1.769320446970070004e+08
1.733185016414096891e-01 4.804084936479629517e+10 1.777969426495319307e+08
1.783059812761873808e-01 4.645049844039161682e+10 1.797889440565397739e+08
1.832934636772959591e-01 4.486015676868181610e+10 1.825943355537820458e+08
1.882809486249364950e-01 4.327252843356171417e+10 1.859180988860375285e+08
1.932684359219939418e-01 4.169026364825116730e+10 1.894974711030109525e+08
1.982559253911843622e-01 4.011595199030940247e+10 1.931082671298598051e+08
2.032434168726222901e-01 3.855211589075077057e+10 1.965660135190044940e+08
2.082309102217375085e-01 3.700120439959774780e+10 1.997239616061060429e+08
2.132184053074845376e-01 3.546558724917955780e+10 2.024695668502876759e+08
2.182059020107968983e-01 3.394754923534704590e+10 2.047204609883402288e+08
2.231934002232490444e-01 3.244928493557125092e+10 2.064204928971850872e+08
2.281808998458938198e-01 3.097289378154058838e+10 2.075361111872815192e+08
2.331684007882487975e-01 2.952037550249507141e+10 2.080531815731866658e+08
2.381559029674101546e-01 2.809362595401675415e+10 2.079742361322844923e+08
2.431434063072751561e-01 2.669443334544395447e+10 2.073161066664611101e+08
2.481309107378594780e-01 2.532447487743113327e+10 2.061078776918059587e+08
2.531184161946937738e-01 2.398531379946588135e+10 2.043890920080895126e+08
2.581059226182911837e-01 2.267839689542558670e+10 2.022081453297644854e+08
2.630934299536754062e-01 2.140505240341370773e+10 1.996208119294745624e+08
2.680809381499607014e-01 2.016648837431948090e+10 1.966888487857665122e+08
2.730684471599785779e-01 1.896379147165336609e+10 1.934786308564016223e+08
2.780559569399445041e-01 1.779792621332960510e+10 1.900597751987897158e+08
2.830434674491599245e-01 1.666973465419117928e+10 1.865037176983703375e+08
2.880309786497447511e-01 1.557993650616319275e+10 1.828822145035105944e+08
2.930184905063976664e-01 1.452912969106122589e+10 1.792657524314562976e+08
2.980060029861805737e-01 1.351779131921613693e+10 1.757218699335678816e+08
3.029935160583238640e-01 1.254627908525864601e+10 1.723134132777808011e+08
3.079810296940508341e-01 1.161483307063079071e+10 1.690967805628084838e+08
3.129685438664192021e-01 1.072357794065697479e+10 1.661202360659142435e+08
3.179560585501768344e-01 9.872525522350776672e+09 1.634224039378272593e+08
3.229435737216315716e-01 9.061577747532682419e+09 1.610310663403218985e+08
3.279310893585324904e-01 8.290529944324228287e+09 1.589623896609362066e+08
3.329186054399617678e-01 7.559074458653409004e+09 1.572206788373929858e+08
3.379061219462368704e-01 6.866804586081588745e+09 1.557987145332412720e+08
3.428936388588199047e-01 6.213218793029684067e+09 1.546786675950705707e+08
3.478811561602362934e-01 5.597725205368154526e+09 1.538335216234266162e+08
3.528686738339993356e-01 5.019646341330595016e+09 1.532288809573416114e+08
3.578561918645413176e-01 4.478224064835135460e+09 1.528250085700235367e+08
3.628437102371503964e-01 3.972624734537922859e+09 1.525789310172879994e+08
3.678312289379127020e-01 3.501944523322604179e+09 1.524464636410844624e+08
3.728187479536588800e-01 3.065214882430967331e+09 1.523840416151722968e+08
3.778062672719147974e-01 2.661408124090372562e+09 1.523502820076994002e+08
3.827937868808565791e-01 2.289443096258238792e+09 1.523072405839901865e+08
3.877813067692685856e-01 1.948190923031758785e+09 1.522213589829529226e+08
3.927688269265047216e-01 1.636480784307178259e+09 1.520641206318478584e+08
3.977563473424529095e-01 1.353105708467445612e+09 1.518124472801527977e+08
4.027438680075018929e-01 1.096828352187684774e+09 1.514488738333737850e+08
4.077313889125108171e-01 8.663867418995615244e+08 1.509615393743866384e+08
4.127189100487804740e-01 6.604999520260778666e+08 1.503440289677822888e+08
4.177064314080274343e-01 4.778736957985388637e+08 1.495950957829238772e+08
4.226939529823587338e-01 3.172058052772516012e+08 1.487182875053867102e+08
4.276814747642498915e-01 1.771915781277360916e+08 1.477214957621961534e+08
4.326689967465233155e-01 5.652896973321427405e+07 1.466164428614163101e+08
4.376565189223286523e-01 -4.607638964610926807e+07 1.454181168063685000e+08
4.426440412851241901e-01 -1.319063717289133221e+08 1.441441634119142592e+08
4.476315638286594845e-01 -2.022257388464522064e+08 1.428142434592518508e+08
4.526190865469603142e-01 -2.582777607291152179e+08 1.414493631402348578e+08
4.576066094343120838e-01 -3.012800743747066259e+08 1.400711874641862512e+08
4.625941324852472225e-01 -3.324208004188970923e+08 1.387013486357414722e+08
4.675816556945310287e-01 -3.528549278712564707e+08 1.373607643567050695e+08
4.725691790571502904e-01 -3.637009774858984351e+08 1.360689841224076748e+08
4.775567025683005173e-01 -3.660379524054786563e+08 1.348435843122991025e+08
4.825442262233765600e-01 -3.609025830742149949e+08 1.336996345791939050e+08
4.875317500179611185e-01 -3.492868717516067624e+08 1.326492581030181199e+08
4.925192739478161941e-01 -3.321359403016101122e+08 1.317013062096931189e+08
4.975067980088735964e-01 -3.103461832781914473e+08 1.308611634623498172e+08
5.024943221972267837e-01 -2.847637266892659068e+08 1.301306927796780765e+08
5.074818465091224251e-01 -2.561831912137140036e+08 1.295083220033765882e+08
5.124693709409537945e-01 -2.253467570689709783e+08 1.289892645356784612e+08
5.174568954892526662e-01 -1.929435261934909523e+08 1.285658582848493755e+08
5.224444201506837082e-01 -1.596091759277527630e+08 1.282280002362466902e+08
5.274319449220377098e-01 -1.259258969547909200e+08 1.279636493005134761e+08
5.324194698002251425e-01 -9.242260690453283489e+07 1.277593680771133602e+08
5.374069947822720517e-01 -5.957542974331109226e+07 1.276008747737916410e+08
5.423945198653131738e-01 -2.780842986585306749e+07 1.274735793296804428e+08
5.473820450465878285e-01 2.505411312519943342e+06 1.273630821496028453e+08
5.523695703234354770e-01 3.104298949270671606e+07 1.272556190360531658e+08
5.573570956932899501e-01 5.752965652364975959e+07 1.271384412235376686e+08
5.623446211536771155e-01 8.173759932849580050e+07 1.270001243491496891e+08
5.673321467022091058e-01 1.034840344577522278e+08 1.268308043921608627e+08
5.723196723365815419e-01 1.226292346324245781e+08 1.266223419276914746e+08
5.773071980545696480e-01 1.390744041602797508e+08 1.263684184557334930e+08
5.822947238540248094e-01 1.527594205235207081e+08 1.260645701804163009e+08
5.872822497328716862e-01 1.636604597408251762e+08 1.257081655742584914e+08
5.922697756891045495e-01 1.717875233035118282e+08 1.252983335348147899e+08
5.972573017207846169e-01 1.771818845743918717e+08 1.248358490857615322e+08
6.022448278260374988e-01 1.799134725180754662e+08 1.243229835261149257e+08
6.072323540030505340e-01 1.800782105093263090e+08 1.237633257935285270e+08
6.122198802500696813e-01 1.777953277407167852e+08 1.231615816515314877e+08
6.172074065653979646e-01 1.732046604224694967e+08 1.225233571759581417e+08
6.221949329473926982e-01 1.664639595497623384e+08 1.218549329128021896e+08
6.271824593944635984e-01 1.577462214989195168e+08 1.211630349992903024e+08
6.321699859050702308e-01 1.472370571117439866e+08 1.204546094482116103e+08
6.371575124777206778e-01 1.351321142502778471e+08 1.197366056526589841e+08
6.421450391109693179e-01 1.216345680429720134e+08 1.190157749225554466e+08
6.471325658034148276e-01 1.069526922157166749e+08 1.182984894686844051e+08
6.521200925536991821e-01 9.129752401237760484e+07 1.175905866633434147e+08
6.571076193605055460e-01 7.488063425384783745e+07 1.168972426048717648e+08
6.620951462225563855e-01 5.791201309389737248e+07 1.162228779945420772e+08
6.670826731386124697e-01 4.059808097611336410e+07 1.155710981199959815e+08
6.720702001074717602e-01 2.313983322814555466e+07 1.149446673807999343e+08
6.770577271279670795e-01 5.731125611748227850e+06 1.143455173580318093e+08
6.820452541989658890e-01 -1.144289297439323924e+07 1.137747860112573057e+08
6.870327813193682909e-01 -2.820719558986758068e+07 1.132328842735333592e+08
6.920203084881060285e-01 -4.439813624356090277e+07 1.127195851989630312e+08
6.970078357041413764e-01 -5.986455002536787093e+07 1.122341299689479023e+08
7.019953629664664740e-01 -7.446869276594354212e+07 1.117753445346375555e+08
7.069828902741016607e-01 -8.808701973191446066e+07 1.113417604851878583e+08
7.119704176260943651e-01 -1.006108039677744806e+08 1.109317338816031516e+08
7.169579450215193273e-01 -1.119465959664009213e+08 1.105435562532323450e+08
7.219454724594762673e-01 -1.220165273886424452e+08 1.101755526735222340e+08
7.269329999390895525e-01 -1.307584625414764881e+08 1.098261627546392828e+08
7.319205274595077526e-01 -1.381260022798185647e+08 1.094940014647970796e+08
7.369080550199024193e-01 -1.440883458829905391e+08 1.091778978188877553e+08
7.418955826194673087e-01 -1.486300172986051738e+08 1.088769106658209115e+08
7.468831102574174929e-01 -1.517504629198762476e+08 1.085903219485960305e+08
7.518706379329892497e-01 -1.534635287688016891e+08 1.083176089031323195e+08
7.568581656454390627e-01 -1.537968255986125469e+08 1.080583976556852758e+08
7.618456933940425113e-01 -1.527909909928967953e+08 1.078124015442557186e+08
7.668332211780939378e-01 -1.504988580301471353e+08 1.075793481994700730e+08
7.718207489969062252e-01 -1.469845404960102439e+08 1.073588999489568472e+08
7.768082768498100199e-01 -1.423224449592760503e+08 1.071505724347359538e+08
7.817958047361527329e-01 -1.365962202868498266e+08 1.069536564372799098e+08
7.867833326552983175e-01 -1.298976553422858715e+08 1.067671477734348327e+08
7.917708606066273802e-01 -1.223255357160266042e+08 1.065896897787504941e+08
7.967583885895350715e-01 -1.139844703486318737e+08 1.064195323098514974e+08
8.017459166034320850e-01 -1.049836988488134295e+08 1.062545104372532666e+08
8.067334446477437693e-01 -9.543589017384366691e+07 1.060920450812755972e+08
8.117209727219093507e-01 -8.545594312965771556e+07 1.059291668256637156e+08
8.167085008253823775e-01 -7.515979886783428490e+07 1.057625630802412182e+08
8.216960289576287213e-01 -6.466327520886348933e+07 1.055886477158818245e+08
8.266835571181275766e-01 -5.408093220989131927e+07 1.054036513144037277e+08
8.316710853063710163e-01 -4.352497792173830420e+07 1.052037293091662228e+08
8.366586135218624376e-01 -3.310422275251610950e+07 1.049850845706481785e+08
8.416461417641176723e-01 -2.292309027564655989e+07 1.047441004309916496e+08
8.466336700326639875e-01 -1.308069169473287091e+07 1.044774797451686263e+08
8.516211983270388641e-01 -3.669970508415164892e+06 1.041823853419197202e+08
8.566087266467917738e-01 5.223076781397550367e+06 1.038565771043120474e+08
8.615962549914814028e-01 1.352009881134599447e+07 1.034985409111624360e+08
8.665837833606774288e-01 2.115100199826218560e+07 1.031076047401748747e+08
8.715713117539596322e-01 2.805447410728587955e+07 1.026840373596866429e+08
8.765588401709160093e-01 3.417841596547705680e+07 1.022291252039648890e+08
8.815463686111453256e-01 3.948027933484190702e+07 1.017452232365057766e+08
8.865338970742548952e-01 4.392730975970497727e+07 1.012357758695795387e+08
8.915214255598600257e-01 4.749669399602601677e+07 1.007053043552687764e+08
8.965089540675857949e-01 5.017561241751404852e+07 1.001593575387939215e+08
9.014964825970653850e-01 5.196119755893859267e+07 9.960442352569793165e+07
9.064840111479389728e-01 5.286040070809883624e+07 9.904780072608602047e+07
9.114715397198557278e-01 5.288976917760638148e+07 9.849742796162864566e+07
9.164590683124720361e-01 5.207513758062185347e+07 9.796167490272010863e+07
9.214465969254520550e-01 5.045123708662996441e+07 9.744909605336418748e+07
9.264341255584663815e-01 4.806122725269890577e+07 9.696815378166401386e+07
9.314216542111933839e-01 4.495615559205360711e+07 9.652691839269205928e+07
9.364091828833184250e-01 4.119435056868441403e+07 9.613275576955404878e+07
9.413967115745327519e-01 3.684075417564351112e+07 9.579201540374130011e+07
9.463842402845346058e-01 3.196620067550805584e+07 9.550973338241924345e+07
9.513717690130290006e-01 2.664664843985731527e+07 9.528936577714875340e+07
9.563592977597260569e-01 2.096237212931894138e+07 9.513256761839501560e+07
9.613468265243425570e-01 1.499712269867595844e+07 9.503903109380678833e+07
9.663343553066010561e-01 8.837262888715764508e+06 9.500639379928329587e+07
9.713218841062303266e-01 2.570885990932883229e+06 9.503022401538282633e+07
9.763094129229632490e-01 -3.713074279331025667e+06 9.510408546589148045e+07
9.812969417565396979e-01 -9.925734965133229271e+06 9.521967934242866933e+07
9.862844706067037670e-01 -1.597914834445146099e+07 9.536705706832432747e+07
9.912719994732055451e-01 -2.178717206241046265e+07 9.553489377695751190e+07
9.962595283557990067e-01 -2.726631747327187657e+07 9.571081009345197678e+07
1.001247057254244233e+00 -3.233656898871457949e+07 9.588172864723515511e+07
1.006234586168305301e+00 -3.692216753120364249e+07 9.603425173733112216e+07
1.011222115097751173e+00 -4.095235154144256562e+07 9.615504751182958484e+07
1.016209644042354920e+00 -4.436204939328590035e+07 9.623123361094287038e+07
1.021197173001895608e+00 -4.709251751461900771e+07 9.625074914341372252e+07
1.026184701976153857e+00 -4.909191900333640724e+07 9.620270782561787963e+07
1.031172230964917613e+00 -5.031583805328514427e+07 9.607772687748321891e+07
1.036159759967976379e+00 -5.072772606872043014e+07 9.586822767038014531e+07
1.041147288985125208e+00 -5.029927593127515912e+07 9.556870505725301802e+07
1.046134818016162260e+00 -4.901072150210358948e+07 9.517596272901865840e+07
1.051122347060890139e+00 -4.685106007203228027e+07 9.468931182047486305e+07
1.056109876119114777e+00 -4.381819612210199237e+07 9.411072933905386925e+07
1.061097405190645881e+00 -3.991900541428556293e+07 9.344497184149910510e+07
1.066084934275296714e+00 -3.516931909088583291e+07 9.269963818946687877e+07
1.071072463372883643e+00 -2.959382812730885670e+07 9.188517327134814858e+07
1.076059992483227479e+00 -2.322590912853904441e+07 9.101480245012420416e+07
1.081047521606151030e+00 -1.610737311168867722e+07 9.010438446169722080e+07
1.086035050741481101e+00 -8.288139536880405620e+06 8.917216897280026972e+07
1.091022579889048050e+00 1.741615419512555236e+05 8.823844462504251301e+07
1.096010109048684011e+00 9.214655754539648071e+06 8.732506493490454555e+07
1.100997638220225783e+00 1.876175511956954002e+07 8.645484378684465587e+07
1.105985167403511937e+00 2.873774865932735428e+07 8.565082026757955551e+07
1.110972696598383935e+00 3.905944792892118543e+07 8.493540466553090513e+07
1.115960225804686790e+00 4.963888202596092969e+07 8.432943321229030192e+07
1.120947755022267955e+00 6.038403625933063030e+07 8.385117697797143459e+07
1.125935284250977553e+00 7.119962830735974014e+07 8.351536728757293522e+07
1.130922813490668366e+00 8.198791540487007797e+07 8.333231209444732964e+07
1.135910342741195622e+00 9.264952585716211796e+07 8.330718081315067410e+07
1.140897872002417213e+00 1.030843079910515398e+08 8.343952635422827303e+07
1.145885401274193693e+00 1.131921895224906951e+08 8.372309234552793205e+07
1.150872930556387619e+00 1.228740402446418554e+08 8.414592386414632201e+07
1.155860459848864208e+00 1.320325309213084728e+08 8.469076720399029553e+07
1.160847989151490678e+00 1.405729813106419742e+08 8.533571496693067253e+07
1.165835518464137355e+00 1.484041903343997002e+08 8.605503259584534168e+07
1.170823047786675675e+00 1.554392415630977452e+08 8.682009409091328084e+07
1.175810577118979738e+00 1.615962773863087296e+08 8.760035760145877302e+07
1.180798106460926311e+00 1.667992354959704280e+08 8.836432296079477668e+07
1.185785635812393490e+00 1.709785416161184311e+08 8.908042905261684954e+07
1.190773165173261150e+00 1.740717527658514678e+08 8.971786542746065557e+07
1.195760694543412272e+00 1.760241457408557236e+08 9.024728714885453880e+07
1.200748223922731173e+00 1.767892459394290745e+08 9.064143305717004836e+07
1.205735753311103498e+00 1.763292921364006102e+08 9.087565521150004864e+07
1.210723282708418003e+00 1.746156333193109035e+08 9.092837163298691809e+07
1.215710812114564332e+00 1.716290542469245195e+08 9.078145638960018754e+07
1.220698341529434350e+00 1.673600269522959590e+08 9.042058132992102206e+07
1.225685870952921253e+00 1.618088860080439746e+08 8.983552307195469737e+07
1.230673400384920457e+00 1.549859259720948637e+08 8.902044765532144904e+07
1.235660929825329379e+00 1.469114200525931418e+08 8.797418382524611056e+07
1.240648459274045878e+00 1.376155596530323327e+08 8.670049426134811342e+07
1.245635988730970478e+00 1.271383150878705680e+08 8.520835197992755473e+07
1.250623518196004813e+00 1.155292183784867376e+08 8.351222613406553864e+07
1.255611047669052738e+00 1.028470696594375968e+08 8.163237666332736611e+07
1.260598577150018551e+00 8.915956932438628376e+07 7.959514939583697915e+07
1.265586106638808772e+00 7.454287862936221063e+07 7.743325041717900336e+07
1.270573636135331475e+00 5.908111203540883213e+07 7.518595839670981467e+07
1.275561165639495398e+00 4.286576510749973357e+07 7.289920355638629198e+07
1.280548695151212168e+00 2.599508229888520762e+07 7.062540056775686145e+07
1.285536224670393413e+00 8.573369419270485640e+06 6.842287201176954806e+07
1.290523754196952311e+00 -9.289743977617686614e+06 6.635464951108166575e+07
1.295511283730804264e+00 -2.748008665688598901e+07 6.448641566950833052e+07
1.300498813271864673e+00 -4.587976623681171983e+07 6.288339305499904603e+07
1.305486342820051382e+00 -6.436802191287975013e+07 6.160614634589526802e+07
1.310473872375283122e+00 -8.282210283487223089e+07 6.070556647342482209e+07
1.315461401937479291e+00 -1.011181653994288146e+08 6.021770123175899684e+07
1.320448931506561285e+00 -1.191321825693766624e+08 6.015942496340851486e+07
1.325436461082451389e+00 -1.367408582365448475e+08 6.052597907825154066e+07
1.330423990665072775e+00 -1.538225396016109586e+08 6.129103646176858246e+07
1.335411520254350393e+00 -1.702581205600474179e+08 6.240925802194993198e+07
1.340399049850209634e+00 -1.859319291473292708e+08 6.382064174700007588e+07
1.345386579452577447e+00 -2.007325922244422734e+08 6.545562436381322145e+07
1.350374109061381667e+00 -2.145538707503052056e+08 6.723996965922513604e+07
1.355361638676551461e+00 -2.272954592263442874e+08 6.909882023654340208e+07
1.360349168298016442e+00 -2.388637431602274179e+08 7.095967991288003325e+07
1.365336697925707776e+00 -2.491725087339082360e+08 7.275438191916480660e+07
1.370324227559557517e+00 -2.581435992163558602e+08 7.442024340592938662e+07
1.375311757199498608e+00 -2.657075130842381120e+08 7.590064006901881099e+07
1.380299286845465101e+00 -2.718039392511343360e+08 7.714520604461501539e+07
1.385286816497391715e+00 -2.763822253046451807e+08 7.810981351594847441e+07
1.390274346155214724e+00 -2.794017751495277882e+08 7.875643655209447443e+07
1.395261875818870623e+00 -2.808323730201327205e+08 7.905296374229966104e+07
1.400249405488297016e+00 -2.806544313680361509e+08 7.897299582368543744e+07
1.405236935163432621e+00 -2.788591607420280576e+08 7.849564591595587134e+07
1.410224464844216596e+00 -2.754486603494570255e+08 7.760534869535227120e+07
1.415211994530589656e+00 -2.704359286290946603e+08 7.629167842767396569e+07
1.420199524222492293e+00 -2.638447937410501838e+08 7.454917257397194207e+07
1.425187053919866997e+00 -2.557097645387490988e+08 7.237715631541375816e+07
1.430174583622656481e+00 -2.460758031419783235e+08 6.977956316371762753e+07
1.435162113330804123e+00 -2.349980208941734433e+08 6.676474714818411320e+07
1.440149643044254413e+00 -2.225412999935171902e+08 6.334528280796301365e+07
1.445137172762952060e+00 -2.087798437473193407e+08 5.953774994165633619e+07
1.450124702486843331e+00 -1.937966588264494240e+08 5.536250098318797350e+07
1.455112232215874490e+00 -1.776829735546439588e+08 5.084340955647297949e+07
1.460099761949993358e+00 -1.605375965686105788e+08 4.600759966095001251e+07
1.465087291689147531e+00 -1.424662208711586297e+08 4.088515544641374797e+07
1.470074821433285939e+00 -1.235806783889696747e+08 3.550881245942404121e+07
1.475062351182357734e+00 -1.039981509659548253e+08 2.991363156379669905e+07
1.480049880936313622e+00 -8.384034337804268301e+07 2.413665825807702914e+07
1.485037410695103866e+00 -6.323262530764185637e+07 1.821657195722169057e+07
1.490024940458680058e+00 -4.230314751222322136e+07 1.219334562329315208e+07
1.495012470226994683e+00 -2.118194255642716959e+07 6.108063522498642094e+06
