# r [arcsec]	I [Jy/sr]	I_uncer [Jy/sr]
1.272617859314095550e-03 2.009367996894083786e+10 2.521800268972226381e+08
2.921189009106442414e-03 2.009287634022597122e+10 2.517936385647840202e+08
4.579495862547155495e-03 2.009143059098564148e+10 2.516491213094584346e+08
6.240002426697914550e-03 2.008934246952281189e+10 2.515613681082860529e+08
7.901343393063876494e-03 2.008661203677720642e+10 2.514905625926341712e+08
9.563088128690054243e-03 2.008323941446981812e+10 2.514237922145116627e+08
1.122505851373705593e-02 2.007922476143177414e+10 2.513556670344052911e+08
1.288716767388508287e-02 2.007456826916991425e+10 2.512835490894104242e+08
1.454936822595933807e-02 2.006927016068171310e+10 2.512059981272933781e+08
1.621163214106096165e-02 2.006333069006821823e+10 2.511221627595078349e+08
1.787394178310437384e-02 2.005675014235518646e+10 2.510315085993450284e+08
1.953628550253095827e-02 2.004952883341227722e+10 2.509336843394274712e+08
2.119865529577967186e-02 2.004166710991272354e+10 2.508284505243372917e+08
2.286104548286438387e-02 2.003316534928757858e+10 2.507156392625030577e+08
2.452345192144544592e-02 2.002402395970365906e+10 2.505951302567653358e+08
2.618587151961204035e-02 2.001424338003363037e+10 2.504668359279120564e+08
2.784830192283991451e-02 2.000382407982799149e+10 2.503306918446578383e+08
2.951074130657948408e-02 1.999276655929111862e+10 2.501866503746634722e+08
3.117318823511218417e-02 1.998107134924848557e+10 2.500346763581539989e+08
3.283564156322602012e-02 1.996873901112184525e+10 2.498747440899288058e+08
3.449810036628684490e-02 1.995577013689434814e+10 2.497068351697961688e+08
3.616056388957845924e-02 1.994216534907942581e+10 2.495309369430165589e+08
3.782303151098994481e-02 1.992792530069215393e+10 2.493470413498970270e+08
3.948550271312052662e-02 1.991305067520431137e+10 2.491551440640756190e+08
4.114797706214112089e-02 1.989754218651434708e+10 2.489552438384838402e+08
4.281045419157746001e-02 1.988140057890859222e+10 2.487473420024210811e+08
4.447293378972808769e-02 1.986462662701836777e+10 2.485314420703560114e+08
4.613541558980088775e-02 1.984722113578228760e+10 2.483075494344139993e+08
4.779789936210682849e-02 1.982918494039851761e+10 2.480756711200894713e+08
4.946038490782722619e-02 1.981051890628380585e+10 2.478358155904230177e+08
5.112287205399637657e-02 1.979122392902730179e+10 2.475879925876193345e+08
5.278536064943199074e-02 1.977130093433851624e+10 2.473322130036952496e+08
5.444785056141081270e-02 1.975075087800498581e+10 2.470684887742441893e+08
5.611034167293492414e-02 1.972957474583294296e+10 2.467968327901438475e+08
5.777283388046990098e-02 1.970777355360227585e+10 2.465172588239685893e+08
5.943532709206246489e-02 1.968534834700691223e+10 2.462297814678845108e+08
6.109782122576532665e-02 1.966230020160145569e+10 2.459344160810749233e+08
6.276031620831216962e-02 1.963863022274514008e+10 2.456311787447915375e+08
6.442281197399798987e-02 1.961433954553839493e+10 2.453200862236357927e+08
6.608530846372812073e-02 1.958942933476807022e+10 2.450011559321119785e+08
6.774780562420743002e-02 1.956390078483857346e+10 2.446744059052842259e+08
6.941030340724584080e-02 1.953775511971440887e+10 2.443398547731443644e+08
7.107280176916151715e-02 1.951099359285144806e+10 2.439975217378315628e+08
7.273530067026563739e-02 1.948361748712855148e+10 2.436474265533113778e+08
7.439780007441634813e-02 1.945562811478351593e+10 2.432895895072634518e+08
7.606029994863128252e-02 1.942702681733681870e+10 2.429240314045466781e+08
7.772280026274960840e-02 1.939781496552567673e+10 2.425507735523484051e+08
7.938530098913672284e-02 1.936799395922669220e+10 2.421698377464412451e+08
8.104780210242505667e-02 1.933756522738101959e+10 2.417812462586098611e+08
8.271030357928650656e-02 1.930653022792163467e+10 2.413850218250126541e+08
8.437280539823126257e-02 1.927489044768691254e+10 2.409811876352274418e+08
8.603530753943039455e-02 1.924264740235365295e+10 2.405697673222150803e+08
8.769780998455847798e-02 1.920980263633999634e+10 2.401507849525426924e+08
8.936031271665356712e-02 1.917635772273591232e+10 2.397242650174604356e+08
9.102281571999285004e-02 1.914231426321331406e+10 2.392902324242302775e+08
9.268531897998151525e-02 1.910767388793817520e+10 2.388487124878408015e+08
9.434782248305331742e-02 1.907243825548635864e+10 2.383997309231794178e+08
9.601032621658157906e-02 1.903660905275425720e+10 2.379433138374157250e+08
9.767283016879922675e-02 1.900018799486610413e+10 2.374794877226687372e+08
9.933533432872686253e-02 1.896317682508503342e+10 2.370082794489339888e+08
1.009978386861079547e-01 1.892557731471718979e+10 2.365297162572000921e+08
1.026603432313502873e-01 1.888739126301760101e+10 2.360438257527376711e+08
1.043228479554730720e-01 1.884862049709365845e+10 2.355506358985999525e+08
1.059853528500589448e-01 1.880926687180910873e+10 2.350501750092540085e+08
1.076478579072105424e-01 1.876933226968123627e+10 2.345424717443146110e+08
1.093103631195108394e-01 1.872881860078363800e+10 2.340275551024682820e+08
1.109728684799872744e-01 1.868772780264162445e+10 2.335054544154655039e+08
1.126353739820789568e-01 1.864606184012917709e+10 2.329761993422160745e+08
1.142978796196066349e-01 1.860382270536536026e+10 2.324398198630451560e+08
1.159603853867454265e-01 1.856101241760548019e+10 2.318963462739420831e+08
1.176228912779997832e-01 1.851763302313684082e+10 2.313458091810146868e+08
1.192853972881804531e-01 1.847368659516441727e+10 2.307882394948843718e+08
1.209479034123834701e-01 1.842917523370383835e+10 2.302236684252932072e+08
1.226104096459709192e-01 1.838410106546892548e+10 2.296521274757169187e+08
1.242729159845529646e-01 1.833846624375759888e+10 2.290736484380612969e+08
1.259354224239715991e-01 1.829227294833508301e+10 2.284882633873975575e+08
1.275979289602855449e-01 1.824552338532149124e+10 2.278960046768549085e+08
1.292604355897561952e-01 1.819821978707055283e+10 2.272969049324809313e+08
1.309229423088349165e-01 1.815036441205122375e+10 2.266909970482112765e+08
1.325854491141509606e-01 1.810195954472928619e+10 2.260783141809299588e+08
1.342479560025006402e-01 1.805300749544319534e+10 2.254588897455511987e+08
1.359104629708369483e-01 1.800351060027905655e+10 2.248327574101407230e+08
1.375729700162601765e-01 1.795347122095053864e+10 2.241999510912199020e+08
1.392354771360091448e-01 1.790289174466935349e+10 2.235605049489940405e+08
1.408979843274529020e-01 1.785177458401681137e+10 2.229144533827044070e+08
1.425604915880832879e-01 1.780012217681986237e+10 2.222618310261018276e+08
1.442229989155077718e-01 1.774793698601451492e+10 2.216026727428531051e+08
1.458855063074428748e-01 1.769522149951927948e+10 2.209370136221427917e+08
1.475480137617080634e-01 1.764197823009856415e+10 2.202648889742475748e+08
1.492105212762198374e-01 1.758820971523083878e+10 2.195863343262347281e+08
1.508730288489867621e-01 1.753391851697416687e+10 2.189013854177329540e+08
1.525355364781040279e-01 1.747910722182447433e+10 2.182100781966638565e+08
1.541980441617490649e-01 1.742377844058148193e+10 2.175124488151957095e+08
1.558605518981770188e-01 1.736793480821037292e+10 2.168085336256822050e+08
1.575230596857167542e-01 1.731157898369498825e+10 2.160983691766259968e+08
1.591855675227668576e-01 1.725471364990367508e+10 2.153819922088387609e+08
1.608480754077921959e-01 1.719734151344003296e+10 2.146594396515487134e+08
1.625105833393203636e-01 1.713946530450193787e+10 2.139307486186472774e+08
1.641730913159387406e-01 1.708108777673447800e+10 2.131959564049963057e+08
1.658355993362912173e-01 1.702221170708379173e+10 2.124551004827904701e+08
1.674981073990755853e-01 1.696283989564837646e+10 2.117082184980145097e+08
1.691606155030408176e-01 1.690297516553067780e+10 2.109553482669542134e+08
1.708231236469845982e-01 1.684262036268647957e+10 2.101965277728108466e+08
1.724856318297508795e-01 1.678177835577318001e+10 2.094317951623500884e+08
1.741481400502279120e-01 1.672045203599769402e+10 2.086611887426781058e+08
1.758106483073458848e-01 1.665864431696145248e+10 2.078847469780244827e+08
1.774731566000750660e-01 1.659635813450645256e+10 2.071025084866847396e+08
1.791356649274240265e-01 1.653359644655941010e+10 2.063145120379698873e+08
1.807981732884377246e-01 1.647036223297280502e+10 2.055207965492714643e+08
1.824606816821959798e-01 1.640665849536850548e+10 2.047214010831876695e+08
1.841231901078118072e-01 1.634248825697671127e+10 2.039163648447470665e+08
1.857856985644300296e-01 1.627785456247652435e+10 2.031057271786793768e+08
1.874482070512257237e-01 1.621276047783301163e+10 2.022895275668020546e+08
1.891107155674030538e-01 1.614720909013320351e+10 2.014678056254185736e+08
1.907732241121938566e-01 1.608120350742729568e+10 2.006406011029413342e+08
1.924357326848565586e-01 1.601474685855608177e+10 1.998079538773680627e+08
1.940982412846749550e-01 1.594784229299043083e+10 1.989699039540693164e+08
1.957607499109572380e-01 1.588049298066222382e+10 1.981264914634953141e+08
1.974232585630348313e-01 1.581270211179404831e+10 1.972777566590190232e+08
1.990857672402615297e-01 1.574447289673263550e+10 1.964237399148642719e+08
2.007482759420124996e-01 1.567580856577768517e+10 1.955644817241206467e+08
2.024107846676835298e-01 1.560671236900747108e+10 1.947000226967528462e+08
2.040732934166899215e-01 1.553718757611007118e+10 1.938304035578316748e+08
2.057358021884660160e-01 1.546723747620761108e+10 1.929556651457064450e+08
2.073983109824642512e-01 1.539686537768158150e+10 1.920758484103379548e+08
2.090608197981545235e-01 1.532607460799826241e+10 1.911909944116662145e+08
2.107233286350234380e-01 1.525486851352989006e+10 1.903011443180739284e+08
2.123858374925735870e-01 1.518325045937957382e+10 1.894063394049155116e+08
2.140483463703231337e-01 1.511122382920111465e+10 1.885066210531416833e+08
2.157108552678049240e-01 1.503879202501983833e+10 1.876020307479522824e+08
2.173733641845664311e-01 1.496595846705161858e+10 1.866926100775775015e+08
2.190358731201685061e-01 1.489272659352310944e+10 1.857784007320925891e+08
2.206983820741854618e-01 1.481909986048619461e+10 1.848594445023131669e+08
2.223608910462041566e-01 1.474508174163778877e+10 1.839357832787674367e+08
2.240234000358239386e-01 1.467067572813572311e+10 1.830074590507683456e+08
2.256859090426557024e-01 1.459588532841021919e+10 1.820745139054461420e+08
2.273484180663219723e-01 1.452071406798300552e+10 1.811369900270234048e+08
2.290109271064561247e-01 1.444516548927597618e+10 1.801949296959590912e+08
2.306734361627020280e-01 1.436924315142782021e+10 1.792483752883519828e+08
2.323359452347137921e-01 1.429295063010092545e+10 1.782973692752148211e+08
2.339984543221555469e-01 1.421629151729802132e+10 1.773419542220245600e+08
2.356609634247005536e-01 1.413926942116635895e+10 1.763821727881060243e+08
2.373234725420314828e-01 1.406188796581036949e+10 1.754180677262792885e+08
2.389859816738397480e-01 1.398415079110051155e+10 1.744496818824399710e+08
2.406484908198254224e-01 1.390606155247676086e+10 1.734770581952297390e+08
2.423109999796965175e-01 1.382762392076051712e+10 1.725002396957885027e+08
2.439735091531692601e-01 1.374884158195725822e+10 1.715192695075477660e+08
2.456360183399674824e-01 1.366971823706341553e+10 1.705341908460452855e+08
2.472985275398224547e-01 1.359025760186913109e+10 1.695450470188465118e+08
2.489610367524725254e-01 1.351046340676381302e+10 1.685518814254620075e+08
2.506235459776631203e-01 1.343033939653931427e+10 1.675547375573967993e+08
2.522860552151463542e-01 1.334988933018985939e+10 1.665536589981069267e+08
2.539485644646808371e-01 1.326911698071594620e+10 1.655486894231724739e+08
2.556110737260313126e-01 1.318802613492386055e+10 1.645398726003536582e+08
2.572735829989687417e-01 1.310662059322717476e+10 1.635272523898393512e+08
2.589360922832700251e-01 1.302490416944359970e+10 1.625108727443706095e+08
2.605986015787175591e-01 1.294288069059817123e+10 1.614907777096043825e+08
2.622611108850994577e-01 1.286055399671490479e+10 1.604670114242634773e+08
2.639236202022091082e-01 1.277792794062195015e+10 1.594396181206168830e+08
2.655861295298450053e-01 1.269500638774115944e+10 1.584086421246834099e+08
2.672486388678106950e-01 1.261179321588997650e+10 1.573741278567530215e+08
2.689111482159146083e-01 1.252829231507344437e+10 1.563361198316973150e+08
2.705736575739698391e-01 1.244450758728051949e+10 1.552946626594919562e+08
2.722361669417941443e-01 1.236044294627867317e+10 1.542498010456263125e+08
2.738986763192096108e-01 1.227610231740813446e+10 1.532015797916640937e+08
2.755611857060425440e-01 1.219148963737260437e+10 1.521500437956629694e+08
2.772236951021236906e-01 1.210660885403622627e+10 1.510952380528236330e+08
2.788862045072874607e-01 1.202146392621222305e+10 1.500372076559305489e+08
2.805487139213725944e-01 1.193605882345716095e+10 1.489759977960195839e+08
2.822112233442213292e-01 1.185039752585883141e+10 1.479116537628437877e+08
2.838737327756796214e-01 1.176448402383294296e+10 1.468442209456116259e+08
2.855362422155972579e-01 1.167832231790583801e+10 1.457737448334201872e+08
2.871987516638271343e-01 1.159191641851071548e+10 1.447002710160148144e+08
2.888612611202258651e-01 1.150527034577459145e+10 1.436238451842996776e+08
2.905237705846532292e-01 1.141838812930422974e+10 1.425445131309902966e+08
2.921862800569720031e-01 1.133127380798233986e+10 1.414623207512483299e+08
2.938487895370484604e-01 1.124393142974748611e+10 1.403773140432765782e+08
2.955112990247516502e-01 1.115636505138542938e+10 1.392895391088939905e+08
2.971738085199533974e-01 1.106857873831739235e+10 1.381990421542401314e+08
2.988363180225286353e-01 1.098057656438668251e+10 1.371058694902869761e+08
3.004988275323551283e-01 1.089236261164065933e+10 1.360100675334587097e+08
3.021613370493130279e-01 1.080394097012448120e+10 1.349116828062199354e+08
3.038238465732852611e-01 1.071531573766052246e+10 1.338107619376514107e+08
3.054863561041573639e-01 1.062649101963785934e+10 1.327073516639604568e+08
3.071488656418173702e-01 1.053747092879397392e+10 1.316014988290673345e+08
3.088113751861554790e-01 1.044825958500229836e+10 1.304932503850576431e+08
3.104738847370644983e-01 1.035886111505606079e+10 1.293826533927669227e+08
3.121363942944395120e-01 1.026927965245078468e+10 1.282697550221305639e+08
3.137989038581776025e-01 1.017951933716962051e+10 1.271546025527501106e+08
3.154614134281782389e-01 1.008958431546743965e+10 1.260372433742138296e+08
3.171239230043430002e-01 9.999478739652038574e+09 1.249177249865674078e+08
3.187864325865753523e-01 9.909206767868087769e+09 1.237960950005747378e+08
3.204489421747808708e-01 9.818772563882774353e+09 1.226724011381938308e+08
3.221114517688670742e-01 9.728180296860990524e+09 1.215466912326594144e+08
3.237739613687434237e-01 9.637434141157360077e+09 1.204190132289814204e+08
3.254364709743211015e-01 9.546538276088684082e+09 1.192894151839203984e+08
3.270989805855132326e-01 9.455496885723773956e+09 1.181579452663910240e+08
3.287614902022346075e-01 9.364314158659601212e+09 1.170246517574008107e+08
3.304239998244018484e-01 9.272994287805768967e+09 1.158895830503163785e+08
3.320865094519330207e-01 9.181541470164175034e+09 1.147527876507550925e+08
3.337490190847480775e-01 9.089959906613368988e+09 1.136143141767713130e+08
3.354115287227684150e-01 8.998253801683742523e+09 1.124742113585951179e+08
3.370740383659170392e-01 8.906427363344705582e+09 1.113325280387694389e+08
3.387365480141183438e-01 8.814484802782823563e+09 1.101893131718213856e+08
3.403990576672984991e-01 8.722430334181352615e+09 1.090446158242136985e+08
3.420615673253846745e-01 8.630268174502300262e+09 1.078984851739554703e+08
3.437240769883058711e-01 8.538002543268919945e+09 1.067509705104948282e+08
3.453865866559921449e-01 8.445637662340888977e+09 1.056021212341277897e+08
3.470490963283750507e-01 8.353177755701885223e+09 1.044519868558552712e+08
3.487116060053874755e-01 8.260627049233696938e+09 1.033006169966558218e+08
3.503741156869634166e-01 8.167989770500372887e+09 1.021480613871983439e+08
3.520366253730383144e-01 8.075270148527714729e+09 1.009943698670548499e+08
3.536991350635486642e-01 7.982472413583382607e+09 9.983959238425576687e+07
3.553616447584322380e-01 7.889600796957242012e+09 9.868377899438367784e+07
3.570241544576279180e-01 7.796659530744061470e+09 9.752697986005233228e+07
3.586866641610758633e-01 7.703652847619299889e+09 9.636924524980826676e+07
3.603491738687170098e-01 7.610584980624841690e+09 9.521062553754024208e+07
3.620116835804937372e-01 7.517460162947171211e+09 9.405117120127175748e+07
3.636741932963493684e-01 7.424282627697553635e+09 9.289093282239201665e+07
3.653367030162280593e-01 7.331056607693416595e+09 9.172996108434845507e+07
3.669992127400752979e-01 7.237786335241146088e+09 9.056830677180391550e+07
3.686617224678372939e-01 7.144476041913158417e+09 8.940602076913292706e+07
3.703242321994613118e-01 7.051129958333360672e+09 8.824315405950768292e+07
3.719867419348956150e-01 6.957752313954842567e+09 8.707975772326102853e+07
3.736492516740893000e-01 6.864347336844392776e+09 8.591588293686021864e+07
3.753117614169925176e-01 6.770919253461031914e+09 8.475158097113984823e+07
3.769742711635561405e-01 6.677472288440056801e+09 8.358690319017691910e+07
3.786367809137318741e-01 6.584010664374272346e+09 8.242190104941941798e+07
3.802992906674724227e-01 6.490538601596335411e+09 8.125662609445628524e+07
3.819618004247312126e-01 6.397060317960432053e+09 8.009112995901902020e+07
3.836243101854625026e-01 6.303580028626083374e+09 7.892546436369660497e+07
3.852868199496213841e-01 6.210101945838860512e+09 7.775968111380143464e+07
3.869493297171635593e-01 6.116630278716695786e+09 7.659383209805715084e+07
3.886118394880457849e-01 6.023169233029252052e+09 7.542796928633420169e+07
3.902743492622252064e-01 5.929723010985827446e+09 7.426214472832004726e+07
3.919368590396599683e-01 5.836295811014808655e+09 7.309641055115588009e+07
3.935993688203087704e-01 5.742891827550870895e+09 7.193081895808610320e+07
3.952618786041311449e-01 5.649515250818551064e+09 7.076542222606638074e+07
3.969243883910870685e-01 5.556170266616690636e+09 6.960027270439825952e+07
3.985868981811374612e-01 5.462861056103449821e+09 6.843542281230218709e+07
4.002494079742436872e-01 5.369591795582651138e+09 6.727092503763599694e+07
4.019119177703678880e-01 5.276366656286804199e+09 6.610683193442353606e+07
4.035744275694727046e-01 5.183189804168356895e+09 6.494319612174879760e+07
4.052369373715214440e-01 5.090065399678478241e+09 6.378007028125721961e+07
4.068994471764781906e-01 4.996997597563191414e+09 6.261750715629170090e+07
4.085619569843071952e-01 4.903990546640163422e+09 6.145555954945575446e+07
4.102244667949735413e-01 4.811048389596527100e+09 6.029428032204001397e+07
4.118869766084432005e-01 4.718175262768425941e+09 5.913372239178612828e+07
4.135494864246819224e-01 4.625375295934422493e+09 5.797393873264238983e+07
4.152119962436567890e-01 4.532652612102757454e+09 5.681498237289854139e+07
4.168745060653349932e-01 4.440011327300468445e+09 5.565690639542391151e+07
4.185370158896842829e-01 4.347455550362112045e+09 5.449976393624097854e+07
4.201995257166728504e-01 4.254989382723176003e+09 5.334360818555538356e+07
4.218620355462696647e-01 4.162616918206710815e+09 5.218849238692432642e+07
4.235245453784438063e-01 4.070342242817769527e+09 5.103446983931104094e+07
4.251870552131651881e-01 3.978169434531621456e+09 4.988159389717070013e+07
4.268495650504041117e-01 3.886102563091693878e+09 4.872991797393417358e+07
4.285120748901312115e-01 3.794145689793428898e+09 4.757949554332520813e+07
4.301745847323175664e-01 3.702302867288281918e+09 4.643038014482548833e+07
4.318370945769347546e-01 3.610578139366205692e+09 4.528262538681162894e+07
4.334996044239549096e-01 3.518975540761656284e+09 4.413628495468276739e+07
4.351621142733504422e-01 3.427499096937159061e+09 4.299141261664466560e+07
4.368246241250944295e-01 3.336152823889152050e+09 4.184806223552397639e+07
4.384871339791597822e-01 3.244940727935414314e+09 4.070628777840033174e+07
4.401496438355204099e-01 3.153866805519690990e+09 3.956614333363254368e+07
4.418121536941504446e-01 3.062935043001676559e+09 3.842768312606516480e+07
4.434746635550242400e-01 2.972149416462253571e+09 3.729096154158437997e+07
4.451371734181167605e-01 2.881513891494315624e+09 3.615603315053657442e+07
4.467996832834031928e-01 2.791032423012269020e+09 3.502295274336254597e+07
4.484621931508591675e-01 2.700708955039827347e+09 3.389177536632771790e+07
4.501247030204606481e-01 2.610547420523106575e+09 3.276255637371153384e+07
4.517872128921838204e-01 2.520551741120195389e+09 3.163535148254628479e+07
4.534497227660054253e-01 2.430725827015627384e+09 3.051021685016632080e+07
4.551122326419027031e-01 2.341073576708569527e+09 2.938720915884876996e+07
4.567747425198525613e-01 2.251598876833687305e+09 2.826638573346069083e+07
4.584372523998329063e-01 2.162305601944886208e+09 2.714780467457144707e+07
4.600997622818217003e-01 2.073197614343194246e+09 2.603152504148495570e+07
4.617622721657972384e-01 1.984278763857103825e+09 2.491760706671854854e+07
4.634247820517383154e-01 1.895552887676708937e+09 2.380611244978871569e+07
4.650872919396236149e-01 1.807023810129176140e+09 2.269710471373422816e+07
4.667498018294323758e-01 1.718695342523323298e+09 2.159064969515810907e+07
4.684123117211442255e-01 1.630571282914937735e+09 2.048681616064724699e+07
4.700748216147389580e-01 1.542655415967053652e+09 1.938567666337599978e+07
4.717373315101965336e-01 1.454951512699262857e+09 1.828730866279482841e+07
4.733998414074974126e-01 1.367463330371408701e+09 1.719179611066283658e+07
4.750623513066224435e-01 1.280194612208255053e+09 1.609923161477174796e+07
4.767248612075521974e-01 1.193149087314396858e+09 1.500971959340287186e+07
4.783873711102680226e-01 1.106330470366009712e+09 1.392338079815907218e+07
4.800498810147514894e-01 1.019742461570863008e+09 1.284035918409389816e+07
4.817123909209840571e-01 9.333887463009784222e+08 1.176083237412312627e+07
4.833749008289477955e-01 8.472729951391301155e+08 1.068502849975333549e+07
4.850374107386249412e-01 7.613988633932452202e+08 9.613253919620018452e+06
4.866999206499977859e-01 6.757699913106726408e+08 8.545941656370019540e+06
4.883624305630492324e-01 5.903900033452877998e+08 7.483740023282750510e+06
4.900249404777619611e-01 5.052625087473506331e+08 6.427687642605279572e+06
4.916874503941192631e-01 4.203911001951853633e+08 5.379588198501176201e+06
4.933499603121045407e-01 3.357793554377545118e+08 4.342911153422431089e+06
4.950124702317013070e-01 2.514308336033424437e+08 3.325300678420740645e+06
4.966749801528934083e-01 1.673490813327747285e+08 2.347206179875956848e+06
4.983374900756649684e-01 8.353760285750685632e+07 1.481314143493562704e+06
