# r [arcsec]	I [Jy/sr]	I_uncer [Jy/sr]
5.090471437256382202e-03 9.207792841153078079e+09 1.508410660652373552e+09
1.168475603642576965e-02 9.086730538578123093e+09 1.482570970923993111e+09
1.831798345018862198e-02 8.873296840802322388e+09 1.436904167947280169e+09
2.496000970679165820e-02 8.574824319754226685e+09 1.372787123700545311e+09
3.160537357225550598e-02 8.201744614296045303e+09 1.292183818479813576e+09
3.825235251476021697e-02 7.767310408270633698e+09 1.197602633904907465e+09
4.490023405494822373e-02 7.287286504993307114e+09 1.092063800534289837e+09
5.154867069554033149e-02 6.779584442665441513e+09 9.790838370400403738e+08
5.819747290383735228e-02 6.263845746603567123e+09 8.626973177412741184e+08
6.484652856424384659e-02 5.760982114960536003e+09 7.475445595133470297e+08
7.149576713241749537e-02 5.292682104612002373e+09 6.390491538359222412e+08
7.814514201012383310e-02 4.880894745889616013e+09 5.436349105900139809e+08
8.479462118311868746e-02 4.547301137206663132e+09 4.686251731616603136e+08
9.144418193145753548e-02 4.312785469422826767e+09 4.208146847069641948e+08
9.809380768578178367e-02 4.196917098694696903e+09 4.028725296306948066e+08
1.047434860784481614e-01 4.217455216707836151e+09 4.102243518950183392e+08
1.113932076913596581e-01 4.389887352936305046e+09 4.330704976951069236e+08
1.180429652263179363e-01 4.727012383018295288e+09 4.614634414027853012e+08
1.246927529404487367e-01 5.238577913961108208e+09 4.881483205014407635e+08
1.313425662529040805e-01 5.930980879259052277e+09 5.087305409225729704e+08
1.379924014651473796e-01 6.807038919760561943e+09 5.209685524676124454e+08
1.446422555583138370e-01 7.865838669488595963e+09 5.241148241927054524e+08
1.512921260439597793e-01 9.102665435853849411e+09 5.184682950256628990e+08
1.579420108524821065e-01 1.050901699235838127e+10 5.050874489535273910e+08
1.645919082485644835e-01 1.207270232591736221e+10 4.855978366613222957e+08
1.712418167663098401e-01 1.377802424128922272e+10 4.620451156509082317e+08
1.778917351589123508e-01 1.560604276672515488e+10 4.367547338599492908e+08
1.845416623592035510e-01 1.753491437493140030e+10 4.121596214439592957e+08
1.911915974484273140e-01 1.954030018038360977e+10 3.905583096572871804e+08
1.978415396313089047e-01 2.159583454645193863e+10 3.737909078741935492e+08
2.044914882159855063e-01 2.367364398084519577e+10 3.628915292201925516e+08
2.111414425977279630e-01 2.574490485978075790e+10 3.578646961816415191e+08
2.177914022456432508e-01 2.778042744014598846e+10 3.577351606994810700e+08
2.244413666917396966e-01 2.975125282899632645e+10 3.608751454516286850e+08
2.310913355218796039e-01 3.162924910875008011e+10 3.654458736530428529e+08
2.377413083682498596e-01 3.338769268378781128e+10 3.697683844889991879e+08
2.443912849030613066e-01 3.500182113086668396e+10 3.725419450439898372e+08
2.510412648332486785e-01 3.644934440308296204e+10 3.729266934491556287e+08
2.576912478959919595e-01 3.771090214678934479e+10 3.705413171791335344e+08
2.643412338549124829e-01 3.877045612483016968e+10 3.654180418772813082e+08
2.709912224968297201e-01 3.961560827001773834e+10 3.579383062990307808e+08
2.776412136289833632e-01 4.023783668352597809e+10 3.487576314638723731e+08
2.842912070766460686e-01 4.063264389917805481e+10 3.387194815300526023e+08
2.909412026810625496e-01 4.079961390509415436e+10 3.287544963154808879e+08
2.975912002976653925e-01 4.074237669193243408e+10 3.197635408282034397e+08
3.042411997945251301e-01 4.046848142109423065e+10 3.124915359309846759e+08
3.108912010509984336e-01 3.998918161402982330e+10 3.074123933420103788e+08
3.175412039565468914e-01 3.931913799168256378e+10 3.046556725274048448e+08
3.241912084097002267e-01 3.847604667970895386e+10 3.040012084576330185e+08
3.308412143171460262e-01 3.748020238200399017e+10 3.049454916702471972e+08
3.374912215929250503e-01 3.635400775928607178e+10 3.068161312923173904e+08
3.441412301577215782e-01 3.512144158487886810e+10 3.088973097830465436e+08
3.507912399382339119e-01 3.380749924826525497e+10 3.105356509066148996e+08
3.574412508666142685e-01 3.243761981024553680e+10 3.112124740380791426e+08
3.640912628799714001e-01 3.103711406316489792e+10 3.105826046124109626e+08
3.707412759199260610e-01 2.963060790874547958e+10 3.084867030342433453e+08
3.773912899322132697e-01 2.824151483848260498e+10 3.049448885425637960e+08
3.840413048663263162e-01 2.689155040251596832e+10 3.001374642150818110e+08
3.906913206751969070e-01 2.560030030832189560e+10 2.943760823925075531e+08
3.973413373149074501e-01 2.438485223633642960e+10 2.880668266194815040e+08
4.039913547444318187e-01 2.325949964053200912e+10 2.816659093049023151e+08
4.106413729254011491e-01 2.223552377048362350e+10 2.756292898140459657e+08
4.172913918218922880e-01 2.132105796602711487e+10 2.703595992440963387e+08
4.239414114002357792e-01 2.052103599908427429e+10 2.661567899001159370e+08
4.305914316288421695e-01 1.983722393479452896e+10 2.631813650812524557e+08
4.372414524780433576e-01 1.926833272162603378e+10 2.614387234630203843e+08
4.438914739199490977e-01 1.881020656179605865e+10 2.607888583517071307e+08
4.505414959283158272e-01 1.845608012026067352e+10 2.609787218297957182e+08
4.571915184784265396e-01 1.819689585832214355e+10 2.616884695721671283e+08
4.638415415469817060e-01 1.802167127569004059e+10 2.625805455143980086e+08
4.704915651119991327e-01 1.791790465321622467e+10 2.633424693393780589e+08
4.771415891527218123e-01 1.787200703885926056e+10 2.637182430451382101e+08
4.837916136495338804e-01 1.786974773262636566e+10 2.635271530323848426e+08
4.904416385838836767e-01 1.789670041235705566e+10 2.626711824339817166e+08
4.970916639382118585e-01 1.793867730012476730e+10 2.611332271975953877e+08
5.037416896958863965e-01 1.798213938661876297e+10 2.589683598513435423e+08
5.103917158411421795e-01 1.801457168530019760e+10 2.562900667985966802e+08
5.170417423590247807e-01 1.802481374683810806e+10 2.532530685557367206e+08
5.236917692353396658e-01 1.800333718588692856e+10 2.500341892300978303e+08
5.303417964566038423e-01 1.794246370778931427e+10 2.468127952564948797e+08
5.369918240100025608e-01 1.783651901750603104e+10 2.437524887089126706e+08
5.436418518833477931e-01 1.768191998805533218e+10 2.409858527389990389e+08
5.502918800650407061e-01 1.747719449963237762e+10 2.386039115003694892e+08
5.569419085440365791e-01 1.722293537172178650e+10 2.366514470996338129e+08
5.635919373098116081e-01 1.692169173866807365e+10 2.351284274690876305e+08
5.702419663523331517e-01 1.657780300741932678e+10 2.339967467596008480e+08
5.768919956620310874e-01 1.619718213271616745e+10 2.331905839789138734e+08
5.835420252297714994e-01 1.578705630467592430e+10 2.326282249357458651e+08
5.901920550468322535e-01 1.535567422926746178e+10 2.322232694559084475e+08
5.968420851048793496e-01 1.491198996543425179e+10 2.318936606181749105e+08
6.034921153959470486e-01 1.446533374519592667e+10 2.315677064777494967e+08
6.101421459124161117e-01 1.402508033684759331e+10 2.311869949262659848e+08
6.167921766469962597e-01 1.360032531865395737e+10 2.307066784079973996e+08
6.234422075927080753e-01 1.319957912360745430e+10 2.300939626435696781e+08
6.300922387428670168e-01 1.283048791699591446e+10 2.293257699370744228e+08
6.367422700910674305e-01 1.249958930855692101e+10 2.283864927438443303e+08
6.433923016311687837e-01 1.221210961833505440e+10 2.272665497658388913e+08
6.500423333572814544e-01 1.197180795495360756e+10 2.259621539324144125e+08
6.566923652637549624e-01 1.178087077636056519e+10 2.244763524031627774e+08
6.633423973451648692e-01 1.163985893898563194e+10 2.228210573480628431e+08
6.699924295963023413e-01 1.154770755568725014e+10 2.210195019848273993e+08
6.766424620121632705e-01 1.150177732949234962e+10 2.191083679383239448e+08
6.832924945879383927e-01 1.149795446044157219e+10 2.171387636970530152e+08
6.899425273190035179e-01 1.153079478453031731e+10 2.151753060544545054e+08
6.965925602009116480e-01 1.159370653921367836e+10 2.132927766157080233e+08
7.032425932293835391e-01 1.167916509512131691e+10 2.115701946880468428e+08
7.098926264003002640e-01 1.177895217680445290e+10 2.100826455954744220e+08
7.165426597096961059e-01 1.188441153646954346e+10 2.088917663214430213e+08
7.231926931537508985e-01 1.198671275483847046e+10 2.080362969951114953e+08
7.298427267287839193e-01 1.207711482468319511e+10 2.075243920080293715e+08
7.364927604312472287e-01 1.214722141835988235e+10 2.073292987509015501e+08
7.431427942577201184e-01 1.218922023571741676e+10 2.073895065244931877e+08
7.497928282049028947e-01 1.219609955002035522e+10 2.076136526605038345e+08
7.564428622696122151e-01 1.216183598734627914e+10 2.078895877744120657e+08
7.630928964487754262e-01 1.208154865384643936e+10 2.080963089389258623e+08
7.697429307394262343e-01 1.195161592563647652e+10 2.081171284552974701e+08
7.763929651386998199e-01 1.176975249534394073e+10 2.078524605863814056e+08
7.830429996438289519e-01 1.153504558351344299e+10 2.072308627652204335e+08
7.896930342521393253e-01 1.124795052841900253e+10 2.062173090359927714e+08
7.963430689610461188e-01 1.091024722216104317e+10 2.048179865510101616e+08
8.029931037680499983e-01 1.052496002506487274e+10 2.030811454476893544e+08
8.096431386707341193e-01 1.009624482944696617e+10 2.010937209811686277e+08
8.162931736667596860e-01 9.629247828136684418e+09 1.989736558499591947e+08
8.229432087538640639e-01 9.129941249243337631e+09 1.968581730770807862e+08
8.295932439298570049e-01 8.604941829876438141e+09 1.948887594450575709e+08
8.362432791926180942e-01 8.061318108198906898e+09 1.931943125127840340e+08
8.428933145400937521e-01 7.506392713004983902e+09 1.918746379876010120e+08
8.495433499702943481e-01 6.947545727573785782e+09 1.909869659102684855e+08
8.561933854812925349e-01 6.392024911264601707e+09 1.905380428128683865e+08
8.628434210712196961e-01 5.846768095481168747e+09 1.904834749929592609e+08
8.694934567382657242e-01 5.318242452911666870e+09 1.907345185890776217e+08
8.761434924806740243e-01 4.812304597095124245e+09 1.911709383518997133e+08
8.827935282967418473e-01 4.334084633457294464e+09 1.916574526981148720e+08
8.894435641848166263e-01 3.887896384893571377e+09 1.920609518268853128e+08
8.960936001432957543e-01 3.477175087595266819e+09 1.922660415864138007e+08
9.027436361706228096e-01 3.104442928459875107e+09 1.921872047151161134e+08
9.093936722652878890e-01 2.771301905009820938e+09 1.917766442809658647e+08
9.160437084258244989e-01 2.478452660565722466e+09 1.910274815560463369e+08
9.226937446508081120e-01 2.225737206434648037e+09 1.899723844468415380e+08
9.293437809388551685e-01 2.012202809761862993e+09 1.886779717471268177e+08
9.359938172886221874e-01 1.836183816518542051e+09 1.872355775525145233e+08
9.426438536988022143e-01 1.695397804706612587e+09 1.857492536578241587e+08
9.492938901681259312e-01 1.587052228991542101e+09 1.843222592500713468e+08
9.559439266953589920e-01 1.507957624997231483e+09 1.830436726757668257e+08
9.625939632793016898e-01 1.454643484911665916e+09 1.819770089845305085e+08
9.692439999187860700e-01 1.423473086708123684e+09 1.811526537030277252e+08
9.758940366126770405e-01 1.410753843978232861e+09 1.805654090413940549e+08
9.825440733598699294e-01 1.412840125602750301e+09 1.801775434928034246e+08
9.891941101592898189e-01 1.426225955041128159e+09 1.799266784538611174e+08
9.958441470098901016e-01 1.447625517079751015e+09 1.797369616635540128e+08
1.002494183910652481e+00 1.474039953539645195e+09 1.795315136926513016e+08
1.009144220860585417e+00 1.502809496922308445e+09 1.792441473002322018e+08
1.015794257858723348e+00 1.531650551116950512e+09 1.788287303365126848e+08
1.022444294904125250e+00 1.558677861517804384e+09 1.782650986016128659e+08
1.029094331995874967e+00 1.582412405800549269e+09 1.775609688410559595e+08
1.035744369133080101e+00 1.601776066415665627e+09 1.767497838674651980e+08
1.042394406314870237e+00 1.616074504982350826e+09 1.758848476707015634e+08
1.049044443540397831e+00 1.624969938956143141e+09 1.750305145448066592e+08
1.055694480808836433e+00 1.628445717477226257e+09 1.742515969509710968e+08
1.062344518119380021e+00 1.626764704908560038e+09 1.736025071602560580e+08
1.068994555471242780e+00 1.620423509402655125e+09 1.731178397821847796e+08
1.075644592863658433e+00 1.610104544960108280e+09 1.728060072273330390e+08
1.082294630295879356e+00 1.596627796785943270e+09 1.726470865909873247e+08
1.088944667767176577e+00 1.580903981300200939e+09 1.725952815048295856e+08
1.095594705276838443e+00 1.563890565667289495e+09 1.725855377197949290e+08
1.102244742824170176e+00 1.546551850008385658e+09 1.725431227379678190e+08
1.108894780408494762e+00 1.529824031904105663e+09 1.723945702551165223e+08
1.115544818029149843e+00 1.514585880656502485e+09 1.720783425340216160e+08
1.122194855685490378e+00 1.501635360780965328e+09 1.715537921793138683e+08
1.128844893376885317e+00 1.491672271898556471e+09 1.708073678660384715e+08
1.135494931102718486e+00 1.485286725687740326e+09 1.698553883677002490e+08
1.142144968862389032e+00 1.482953068062392950e+09 1.687430533999886811e+08
1.148795006655308537e+00 1.485028682378710270e+09 1.675396818323972523e+08
1.155445044480903460e+00 1.491756981177303314e+09 1.663305185515754819e+08
1.162095082338612917e+00 1.503273811347867250e+09 1.652058756136838198e+08
1.168745120227888012e+00 1.519616460163826466e+09 1.642488625025880635e+08
1.175395158148193842e+00 1.540734454727806807e+09 1.635234160737358928e+08
1.182045196099006601e+00 1.566501390702326298e+09 1.630645815040523410e+08
1.188695234079813590e+00 1.596727101841464996e+09 1.628728298795894384e+08
1.195345272090114541e+00 1.631169582881082535e+09 1.629135484986653626e+08
1.201995310129420513e+00 1.669546197036574125e+09 1.631218368581933975e+08
1.208645348197252112e+00 1.711543827740032673e+09 1.634116950844966173e+08
1.215295386293141044e+00 1.756827764348342419e+09 1.636879373699157238e+08
1.221945424416629455e+00 1.805049235999535561e+09 1.638588854071028531e+08
1.228595462567269481e+00 1.855851619904631615e+09 1.638480625308806300e+08
1.235245500744621916e+00 1.908875444698246002e+09 1.636035359067075551e+08
1.241895538948257993e+00 1.963762381828811884e+09 1.631040380909491181e+08
1.248545577177758048e+00 2.020158465717099667e+09 1.623614103809291720e+08
1.255195615432710410e+00 2.077716805434685946e+09 1.614192176326121092e+08
1.261845653712712956e+00 2.136100047426373243e+09 1.603476324622896314e+08
1.268495692017372001e+00 2.194982822249111176e+09 1.592349541715984941e+08
1.275145730346301409e+00 2.254054361699049473e+09 1.581764805556091964e+08
1.281795768699123483e+00 2.313021410380913258e+09 1.572618980198656917e+08
1.288445807075468297e+00 2.371611482925366879e+09 1.565628126332784295e+08
1.295095845474973695e+00 2.429576440397077560e+09 1.561223328522036672e+08
1.301745883897284406e+00 2.486696282784239769e+09 1.559485256108216643e+08
1.308395922342052931e+00 2.542782984628437519e+09 1.560129899607879817e+08
1.315045960808938430e+00 2.597684143003410339e+09 1.562548232551032305e+08
1.321695999297607393e+00 2.651286165761122704e+09 1.565891934915349185e+08
1.328346037807732083e+00 2.703516706593716621e+09 1.569189312796384692e+08
1.334996076338992310e+00 2.754346054322938919e+09 1.571472323114231825e+08
1.341646114891073660e+00 2.803787207714828014e+09 1.571897045557415783e+08
1.348296153463668157e+00 2.851894413532948017e+09 1.569844214812497199e+08
1.354946192056473375e+00 2.898760012458308697e+09 1.564991333997778296e+08
1.361596230669193996e+00 2.944509521662786484e+09 1.557351912230154276e+08
1.368246269301538698e+00 2.989294979763405800e+09 1.547280002555727661e+08
1.374896307953223484e+00 3.033286684189314842e+09 1.535439790358054638e+08
1.381546346623968580e+00 3.076663556648211002e+09 1.522741298390773237e+08
1.388196385313500203e+00 3.119602473000118732e+09 1.510245262122565508e+08
1.394846424021549902e+00 3.162266983032042027e+09 1.499043593068367541e+08
1.401496462747853666e+00 3.204795917452990055e+09 1.490126632661506832e+08
1.408146501492153257e+00 3.247292428539640427e+09 1.484253562362401485e+08
1.414796540254194657e+00 3.289814033074188709e+09 1.481845707834233344e+08
1.421446579033728952e+00 3.332364218557507515e+09 1.482921560876265466e+08
1.428096617830511672e+00 3.374886134735833168e+09 1.487085894397623241e+08
1.434746656644303453e+00 3.417258822499707222e+09 1.493574698523366153e+08
1.441396695474868039e+00 3.459296333138276577e+09 1.501346505039387643e+08
1.448046734321974949e+00 3.500749966401947021e+09 1.509203020798451900e+08
1.454696773185397474e+00 3.541313711041506767e+09 1.515919933272558451e+08
1.461346812064912237e+00 3.580632813020377159e+09 1.520371600616415739e+08
1.467996850960301192e+00 3.618315232035222530e+09 1.521638661304876506e+08
1.474646889871349176e+00 3.653945584707713127e+09 1.519092864264568388e+08
1.481296928797845247e+00 3.687101021469024658e+09 1.512457063662660420e+08
1.487946967739582460e+00 3.717368352277830124e+09 1.501839887662087083e+08
1.494597006696357200e+00 3.744361631876182556e+09 1.487744366915570498e+08
1.501247045667970070e+00 3.767739345236904144e+09 1.471048455782385170e+08
1.507897084654224562e+00 3.787220303742918015e+09 1.452953785241738856e+08
1.514547123654927496e+00 3.802597376241423607e+09 1.434898329477437139e+08
1.521197162669889691e+00 3.813748238175945282e+09 1.418430454950699806e+08
1.527847201698924851e+00 3.820642426052417755e+09 1.405047536889010072e+08
1.534497240741850010e+00 3.823344130739343166e+09 1.396012379067365825e+08
1.541147279798485537e+00 3.822010346522179604e+09 1.392172853599935472e+08
1.547797318868654237e+00 3.816884206237224102e+09 1.393819023399180770e+08
1.554447357952183140e+00 3.808283567174463749e+09 1.400610928593246043e+08
1.561097397048900826e+00 3.796585157256719589e+09 1.411596365440224111e+08
1.567747436158639873e+00 3.782204834646128654e+09 1.425316000829109848e+08
1.574397475281235081e+00 3.765574744343460560e+09 1.439973118968936205e+08
1.581047514416524580e+00 3.747118360421246052e+09 1.453635688119873405e+08
1.587697553564348274e+00 3.727224570842214584e+09 1.464440754734736681e+08
1.594347592724549845e+00 3.706222083157830715e+09 1.470780624395691454e+08
1.600997631896974749e+00 3.684355495241316319e+09 1.471460503707108200e+08
1.607647671081471552e+00 3.661764379452470779e+09 1.465824076120591462e+08
1.614297710277890818e+00 3.638466667599217892e+09 1.453845583585507870e+08
1.620947749486085776e+00 3.614347497222633362e+09 1.436184824088779986e+08
1.627597788705912762e+00 3.589154489469031334e+09 1.414196052538775206e+08
1.634247827937228781e+00 3.562500180762383938e+09 1.389874505078935623e+08
1.640897867179894165e+00 3.533872033209537983e+09 1.365718011662729084e+08
1.647547906433772802e+00 3.502650113426130772e+09 1.344481808782383502e+08
1.654197945698727690e+00 3.468132169905817032e+09 1.328821196047799587e+08
1.660847984974627156e+00 3.429565470511409283e+09 1.320855745693594813e+08
1.667498024261339973e+00 3.386184400668835163e+09 1.321742203585400134e+08
1.674148063558737132e+00 3.337252486396715164e+09 1.331379239464022368e+08
1.680798102866691401e+00 3.282107210949164867e+09 1.348347215640944541e+08
1.687448142185078659e+00 3.220205755237176895e+09 1.370106169357829094e+08
1.694098181513775225e+00 3.151169623917735100e+09 1.393383450192977488e+08
1.700748220852660753e+00 3.074826032343478203e+09 1.414637317406410575e+08
1.707398260201616447e+00 2.991243932395585537e+09 1.430498760801365972e+08
1.714048299560524846e+00 2.900762652036602497e+09 1.438140617030297220e+08
1.720698338929270266e+00 2.804011314591298103e+09 1.435564955975312889e+08
1.727348378307739019e+00 2.701917485604062080e+09 1.421821130356360674e+08
1.733998417695819638e+00 2.595703859770812035e+09 1.397169368404693902e+08
1.740648457093401769e+00 2.486872236079872131e+09 1.363194064667750895e+08
1.747298496500377718e+00 2.377174520535014153e+09 1.322849082038456947e+08
1.753948535916639129e+00 2.268571024212319374e+09 1.280382965268557519e+08
1.760598575342081640e+00 2.163176869100628853e+09 1.241048521202930957e+08
1.767248614776601778e+00 2.063197852852163553e+09 1.210476800540412813e+08
1.773898654220096960e+00 1.970857633165432453e+09 1.193660735948476046e+08
1.780548693672467042e+00 1.888318550435526609e+09 1.193718345492391288e+08
1.787198733133612771e+00 1.817598792057975769e+09 1.210901230961143523e+08
1.793848772603436670e+00 1.760488894386924267e+09 1.242361071263332665e+08
1.800498812081842592e+00 1.718470762751237392e+09 1.282792683135748953e+08
1.807148851568735282e+00 1.692642454266290903e+09 1.325573329957713485e+08
1.813798891064021701e+00 1.683651904891997576e+09 1.363888044711927474e+08
1.820448930567610812e+00 1.691642589089449644e+09 1.391559717819235921e+08
1.827098970079410245e+00 1.716213780284067869e+09 1.403564595710793436e+08
1.833749009599331625e+00 1.756397641668955326e+09 1.396332416456899941e+08
1.840399049127286801e+00 1.810654832936609507e+09 1.367936868674357533e+08
1.847049088663188954e+00 1.876889687801829576e+09 1.318253464996763021e+08
1.853699128206953262e+00 1.952485321767881632e+09 1.249139104745768905e+08
1.860349167758494460e+00 2.034358295535758495e+09 1.164676102844212353e+08
1.866999207317729503e+00 2.119031714425343752e+09 1.071502014994174391e+08
1.873649246884576902e+00 2.202724917900141239e+09 9.791463670428340137e+07
1.880299286458955832e+00 2.281457234619974136e+09 8.999585650540912151e+07
1.886949326040786135e+00 2.351162676116290092e+09 8.475317202943222225e+07
1.893599365629989650e+00 2.407811941414232254e+09 8.323700811694909632e+07
1.900249405226489774e+00 2.447537728717659950e+09 8.562830378997986019e+07
1.906899444830208790e+00 2.466759115694570541e+09 9.108206905839718878e+07
1.913549484441072090e+00 2.462300690356355190e+09 9.816522669286103547e+07
1.920199524059005958e+00 2.431502195452171326e+09 1.054034780038220733e+08
1.926849563683936228e+00 2.372314692216128826e+09 1.115627658884925395e+08
1.933499603315791182e+00 2.283379646246506691e+09 1.157076287120145112e+08
1.940149642954499765e+00 2.164087878637281418e+09 1.171765613541181982e+08
1.946799682599991144e+00 2.014615988087448359e+09 1.155460716197028607e+08
1.953449722252196930e+00 1.835938614005083799e+09 1.106020988567881584e+08
1.960099761911047844e+00 1.629815744082242727e+09 1.023186160450076014e+08
1.966749801576477052e+00 1.398755146938978195e+09 9.083957118281973898e+07
1.973399841248418163e+00 1.145950889428994417e+09 7.646092647470219433e+07
1.980049880926805228e+00 8.751997578632302284e+08 5.961081600659313053e+07
1.986699920611573633e+00 5.907981884637140036e+08 4.082691036708462238e+07
1.993349960302659873e+00 2.974230356748985052e+08 2.073086349400975555e+07
