# r [arcsec]	I [Jy/sr]	I_uncer [Jy/sr]
1.272617859314095550e-03 8.698247326416020203e+10 1.758827224323509216e+09
2.921189009106442414e-03 8.691889999830593872e+10 1.755738168309324503e+09
4.579495862547155495e-03 8.680462099834674072e+10 1.750270063295602083e+09
6.240002426697914550e-03 8.663977207151522827e+10 1.742412951284658432e+09
7.901343393063876494e-03 8.642458256036061096e+10 1.732187423629533052e+09
9.563088128690054243e-03 8.615935495192909241e+10 1.719625868533116817e+09
1.122505851373705593e-02 8.584446240625117493e+10 1.704769544100089073e+09
1.288716767388508287e-02 8.548034767182098389e+10 1.687667807973377943e+09
1.454936822595933807e-02 8.506752212159051514e+10 1.668377771431464195e+09
1.621163214106096165e-02 8.460656471711524963e+10 1.646964063503801584e+09
1.787394178310437384e-02 8.409812086024374390e+10 1.623498627128221035e+09
1.953628550253095827e-02 8.354290112302458191e+10 1.598060523923713207e+09
2.119865529577967186e-02 8.294167985489753723e+10 1.570735740534572363e+09
2.286104548286438387e-02 8.229529366903514099e+10 1.541616995619551420e+09
2.452345192144544592e-02 8.160463981089002991e+10 1.510803549293863773e+09
2.618587151961204035e-02 8.087067441261413574e+10 1.478401018286334276e+09
2.784830192283991451e-02 8.009441063743652344e+10 1.444521200996039391e+09
2.951074130657948408e-02 7.927691671842015076e+10 1.409281917314023018e+09
3.117318823511218417e-02 7.841931389626980591e+10 1.372806868636466742e+09
3.283564156322602012e-02 7.752277426113226318e+10 1.335225523959996700e+09
3.449810036628684490e-02 7.658851850353923035e+10 1.296673038312516928e+09
3.616056388957845924e-02 7.561781357984677124e+10 1.257290209967805862e+09
3.782303151098994481e-02 7.461197029772268677e+10 1.217223482810575008e+09
3.948550271312052662e-02 7.357234082738058472e+10 1.176624999702891588e+09
4.114797706214112089e-02 7.250031614444355774e+10 1.135652711484761238e+09
4.281045419157746001e-02 7.139732341041639709e+10 1.094470543952626705e+09
4.447293378972808769e-02 7.026482329690585327e+10 1.053248621261960506e+09
4.613541558980088775e-02 6.910430725978332520e+10 1.012163537939628243e+09
4.779789936210682849e-02 6.791729476961352539e+10 9.713986620655401945e+08
4.946038490782722619e-02 6.670533050469325256e+10 9.311444378818219900e+08
5.112287205399637657e-02 6.546998151313901520e+10 8.915986355470178127e+08
5.278536064943199074e-02 6.421283435043770599e+10 8.529664672969474792e+08
5.444785056141081270e-02 6.293549219895604706e+10 8.154604514994633198e+08
5.611034167293492414e-02 6.163957197581784058e+10 7.792998587063827515e+08
5.777283388046990098e-02 6.032670143562510681e+10 7.447095190344994068e+08
5.943532709206246489e-02 5.899851627438053894e+10 7.119177149811538458e+08
6.109782122576532665e-02 5.765665724096813965e+10 6.811528425338369608e+08
6.276031620831216962e-02 5.630276726246154022e+10 6.526385206165223122e+08
6.442281197399798987e-02 5.493848858942192078e+10 6.265868990707110167e+08
6.608530846372812073e-02 5.356545996728470612e+10 6.031900972199655771e+08
6.774780562420743002e-02 5.218531383977856445e+10 5.826100254912463427e+08
6.941030340724584080e-02 5.079967359021086121e+10 5.649672899655443430e+08
7.107280176916151715e-02 4.941015082630822754e+10 5.503303753217231035e+08
7.273530067026563739e-02 4.801834271411214447e+10 5.387066903587912321e+08
7.439780007441634813e-02 4.662582936631597137e+10 5.300371479433501363e+08
7.606029994863128252e-02 4.523417129017337036e+10 5.241955946185922623e+08
7.772280026274960840e-02 4.384490689997992706e+10 5.209936161656459570e+08
7.938530098913672284e-02 4.245955009887319183e+10 5.201902329266255498e+08
8.104780210242505667e-02 4.107958793451354980e+10 5.215050933029313684e+08
8.271030357928650656e-02 3.970647833297116089e+10 5.246332671169805527e+08
8.437280539823126257e-02 3.834164791489823914e+10 5.292597446912706494e+08
8.603530753943039455e-02 3.698648989786324310e+10 5.350721676090984941e+08
8.769780998455847798e-02 3.564236208841929626e+10 5.417709363308295012e+08
8.936031271665356712e-02 3.431058496728446198e+10 5.490764412449622154e+08
9.102281571999285004e-02 3.299243987071213913e+10 5.567336113694329262e+08
9.268531897998151525e-02 3.168916727087479401e+10 5.645142289186856747e+08
9.434782248305331742e-02 3.040196515783260345e+10 5.722175455814359188e+08
9.601032621658157906e-02 2.913198752537123871e+10 5.796697125168669224e+08
9.767283016879922675e-02 2.788034296272232437e+10 5.867224546000350714e+08
9.933533432872686253e-02 2.664809335392159271e+10 5.932513198523741961e+08
1.009978386861079547e-01 2.543625268626443863e+10 5.991537406195894480e+08
1.026603432313502873e-01 2.424578596906203461e+10 6.043470645673047304e+08
1.043228479554730720e-01 2.307760826361590958e+10 6.087666535850274563e+08
1.059853528500589448e-01 2.193258382506821442e+10 6.123641056787492037e+08
1.076478579072105424e-01 2.081152535650370026e+10 6.151056257076376677e+08
1.093103631195108394e-01 1.971519337542550278e+10 6.169705519763522148e+08
1.109728684799872744e-01 1.864429569245270157e+10 6.179500342350419760e+08
1.126353739820789568e-01 1.759948700184165192e+10 6.180458522043299675e+08
1.142978796196066349e-01 1.658136858316509056e+10 6.172693605735081434e+08
1.159603853867454265e-01 1.559048811325363541e+10 6.156405452787059546e+08
1.176228912779997832e-01 1.462733958723840332e+10 6.131871759042243958e+08
1.192853972881804531e-01 1.369236334732675171e+10 6.099440397066913843e+08
1.209479034123834701e-01 1.278594621768769073e+10 6.059522436775580645e+08
1.226104096459709192e-01 1.190842174362467003e+10 6.012585720180430412e+08
1.242729159845529646e-01 1.106007053298013115e+10 5.959148872724562883e+08
1.259354224239715991e-01 1.024112069753841019e+10 5.899775640919615030e+08
1.275979289602855449e-01 9.451748391963905334e+09 5.835069451570737362e+08
1.292604355897561952e-01 8.692078447660511017e+09 5.765668091943887472e+08
1.309229423088349165e-01 7.962185098731132507e+09 5.692238413160219193e+08
1.325854491141509606e-01 7.262092797069842339e+09 5.615470961604653597e+08
1.342479560025006402e-01 6.591777113446614265e+09 5.536074446091307402e+08
1.359104629708369483e-01 5.951165721308958054e+09 5.454769953127202988e+08
1.375729700162601765e-01 5.340139459878518105e+09 5.372284830255149603e+08
1.392354771360091448e-01 4.758533472999736786e+09 5.289346169732183814e+08
1.408979843274529020e-01 4.206138420076668262e+09 5.206673843412386775e+08
1.425604915880832879e-01 3.682701755334493637e+09 5.124973066216020584e+08
1.442229989155077718e-01 3.187929071541880131e+09 5.044926501175789237e+08
1.458855063074428748e-01 2.721485504247158527e+09 4.967185964174420834e+08
1.475480137617080634e-01 2.282997192514026642e+09 4.892363840374022722e+08
1.492105212762198374e-01 1.872052792070141554e+09 4.821024384526718259e+08
1.508730288489867621e-01 1.488205036737760067e+09 4.753675139582028389e+08
1.525355364781040279e-01 1.130972343972001553e+09 4.690758765922884345e+08
1.541980441617490649e-01 7.998404603001418114e+08 4.632645619392573237e+08
1.558605518981770188e-01 4.942641424384084344e+08 4.579627441497726440e+08
1.575230596857167542e-01 2.136688698481665254e+08 4.531912522110364437e+08
1.591855675227668576e-01 -4.254741550050523132e+07 4.489622658352103233e+08
1.608480754077921959e-01 -2.750125463870794177e+08 4.452792161849959493e+08
1.625105833393203636e-01 -4.843783488218005896e+08 4.421369064102516770e+08
1.641730913159387406e-01 -6.713188459293911457e+08 4.395218545252175927e+08
1.658355993362912173e-01 -8.365284513715972900e+08 4.374128478307181597e+08
1.674981073990755853e-01 -9.807201563989505768e+08 4.357816853901776075e+08
1.691606155030408176e-01 -1.104623714563886642e+09 4.345940744536535740e+08
1.708231236469845982e-01 -1.208983828068656683e+09 4.338106393091060519e+08
1.724856318297508795e-01 -1.294558339638581514e+09 4.333879974436162710e+08
1.741481400502279120e-01 -1.362116433741907358e+09 4.332798581586843729e+08
1.758106483073458848e-01 -1.412436850879703999e+09 4.334381024320381880e+08
1.774731566000750660e-01 -1.446306118581778288e+09 4.338138090085589290e+08
1.791356649274240265e-01 -1.464516802635798216e+09 4.343581994217084646e+08
1.807981732884377246e-01 -1.467865781974944830e+09 4.350234828895614147e+08
1.824606816821959798e-01 -1.457152550528452873e+09 4.357635899482476115e+08
1.841231901078118072e-01 -1.433177549226487398e+09 4.365347906655728817e+08
1.857856985644300296e-01 -1.396740531218313694e+09 4.372961989588096738e+08
1.874482070512257237e-01 -1.348638963236466408e+09 4.380101687938410044e+08
1.891107155674030538e-01 -1.289666465906363964e+09 4.386425909135962129e+08
1.907732241121938566e-01 -1.220611295656143904e+09 4.391631003937673569e+08
1.924357326848565586e-01 -1.142254870745526552e+09 4.395452059793718457e+08
1.940982412846749550e-01 -1.055370343780960202e+09 4.397663520535151958e+08
1.957607499109572380e-01 -9.607212229413882494e+08 4.398079234587457180e+08
1.974232585630348313e-01 -8.590600439806884527e+08 4.396552024214360118e+08
1.990857672402615297e-01 -7.511270949262458086e+08 4.392972856847498417e+08
2.007482759420124996e-01 -6.376491952337661982e+08 4.387269687428222895e+08
2.024107846676835298e-01 -5.193385310037467480e+08 4.379406028821866512e+08
2.040732934166899215e-01 -3.968915477065584064e+08 4.369379296221427917e+08
2.057358021884660160e-01 -2.709879017075512409e+08 4.357218961443913579e+08
2.073983109824642512e-01 -1.422894717242022157e+08 4.342984544261183739e+08
2.090608197981545235e-01 -1.143943118687796406e+07 4.326763460533568263e+08
2.107233286350234380e-01 1.209386176740043163e+08 4.308668740906125903e+08
2.123858374925735870e-01 2.542414473584007025e+08 4.288836629192348719e+08
2.140483463703231337e-01 3.878869457349995971e+08 4.267424066307283044e+08
2.157108552678049240e-01 5.213147934338613153e+08 4.244606063653751016e+08
2.173733641845664311e-01 6.539870777928385735e+08 4.220572969263158441e+08
2.190358731201685061e-01 7.853888433003758192e+08 4.195527630679721832e+08
2.206983820741854618e-01 9.150285786311397552e+08 4.169682460568236113e+08
2.223608910462041566e-01 1.042438640504631400e+09 4.143256414277856946e+08
2.240234000358239386e-01 1.167175614746747494e+09 4.116471893025670052e+08
2.256859090426557024e-01 1.288820615060160637e+09 4.089551591849321127e+08
2.273484180663219723e-01 1.406979520152396202e+09 4.062715317823267579e+08
2.290109271064561247e-01 1.521283149989635706e+09 4.036176810927493572e+08
2.306734361627020280e-01 1.631387382074657917e+09 4.010140607042318583e+08
2.323359452347137921e-01 1.736973208765482664e+09 3.984798989315394759e+08
2.339984543221555469e-01 1.837746736763491869e+09 3.960329080079222918e+08
2.356609634247005536e-01 1.933439130015616417e+09 3.936890129983094335e+08
2.373234725420314828e-01 2.023806497374379635e+09 3.914621063467242718e+08
2.389859816738397480e-01 2.108629726465634823e+09 3.893638339626384974e+08
2.406484908198254224e-01 2.187714265300052643e+09 3.874034184499554634e+08
2.423109999796965175e-01 2.260889853266259670e+09 3.855875244713210464e+08
2.439735091531692601e-01 2.328010203213487625e+09 3.839201703221598864e+08
2.456360183399674824e-01 2.388952636418770790e+09 3.824026885984446406e+08
2.472985275398224547e-01 2.443617672304522514e+09 3.810337374397459626e+08
2.489610367524725254e-01 2.491928574834642887e+09 3.798093622904041409e+08
2.506235459776631203e-01 2.533830857583911419e+09 3.787231065512346029e+08
2.522860552151463542e-01 2.569291749525675297e+09 3.777661679841850400e+08
2.539485644646808371e-01 2.598299623634213924e+09 3.769275963864776492e+08
2.556110737260313126e-01 2.620863390439737797e+09 3.761945269434737563e+08
2.572735829989687417e-01 2.637011858713405132e+09 3.755524428641588688e+08
2.589360922832700251e-01 2.646793065487320900e+09 3.749854604248623252e+08
2.605986015787175591e-01 2.650273577643197060e+09 3.744766294027174115e+08
2.622611108850994577e-01 2.647537767322347641e+09 3.740082420418883562e+08
2.639236202022091082e-01 2.638687063421890259e+09 3.735621441220372319e+08
2.655861295298450053e-01 2.623839181451922417e+09 3.731200423274967670e+08
2.672486388678106950e-01 2.603127334031232834e+09 3.726638028847165108e+08
2.689111482159146083e-01 2.576699424295006275e+09 3.721757372771313787e+08
2.705736575739698391e-01 2.544717224481369495e+09 3.716388717020487189e+08
2.722361669417941443e-01 2.507355541948788166e+09 3.710371977521262169e+08
2.738986763192096108e-01 2.464801374859905720e+09 3.703559025455343723e+08
2.755611857060425440e-01 2.417253059740990162e+09 3.695815771669410467e+08
2.772236951021236906e-01 2.364919413102158546e+09 3.687024027987679243e+08
2.788862045072874607e-01 2.308018869264739513e+09 3.677083143131350875e+08
2.805487139213725944e-01 2.246778616513883591e+09 3.665911413604030013e+08
2.822112233442213292e-01 2.181433733639470577e+09 3.653447271351733208e+08
2.838737327756796214e-01 2.112226328900885344e+09 3.639650250391277075e+08
2.855362422155972579e-01 2.039404683380292892e+09 3.624501733994660974e+08
2.871987516638271343e-01 1.963222400657130957e+09 3.608005482636354566e+08
2.888612611202258651e-01 1.883937564662706137e+09 3.590187940825530291e+08
2.905237705846532292e-01 1.801811907522816896e+09 3.571098318383886814e+08
2.921862800569720031e-01 1.717109989133788586e+09 3.550808438829890490e+08
2.938487895370484604e-01 1.630098390143959522e+09 3.529412344477576017e+08
2.955112990247516502e-01 1.541044919953125715e+09 3.507025644901341796e+08
2.971738085199533974e-01 1.450217841266144514e+09 3.483784592773669362e+08
2.988363180225286353e-01 1.357885112665414095e+09 3.459844869070845842e+08
3.004988275323551283e-01 1.264313650591532469e+09 3.435380058603911400e+08
3.021613370493130279e-01 1.169768612047904015e+09 3.410579797178992629e+08
3.038238465732852611e-01 1.074512699261452913e+09 3.385647573805299401e+08
3.054863561041573639e-01 9.788054874591164589e+08 3.360798175782420039e+08
3.071488656418173702e-01 8.829027768337273598e+08 3.336254771526169777e+08
3.088113751861554790e-01 7.870559696966404915e+08 3.312245636044405699e+08
3.104738847370644983e-01 6.915114737308328152e+08 3.289000537143960595e+08
3.121363942944395120e-01 5.965101321762115955e+08 3.266746816681930423e+08
3.137989038581776025e-01 5.022866816991701126e+08 3.245705219984701276e+08
3.154614134281782389e-01 4.090692386152517200e+08 3.226085547107497454e+08
3.171239230043430002e-01 3.170788140531448126e+08 3.208082220533586740e+08
3.187864325865753523e-01 2.265288585664933026e+08 3.191869883518544436e+08
3.204489421747808708e-01 1.376248366245254576e+08 3.177599159443147779e+08
3.221114517688670742e-01 5.056383132433884591e+07 3.165392713158106804e+08
3.237739613687434237e-01 -3.446582039730406553e+07 3.155341758335072994e+08
3.254364709743211015e-01 -1.172848618661341667e+08 3.147503148850837350e+08
3.270989805855132326e-01 -1.977234199596307874e+08 3.141897176535272598e+08
3.287614902022346075e-01 -2.756212775457056761e+08 3.138506172624390721e+08
3.304239998244018484e-01 -3.508281150907498598e+08 3.137273977450694442e+08
3.320865094519330207e-01 -4.232037215383040309e+08 3.138106304866029620e+08
3.337490190847480775e-01 -4.926181746197217703e+08 3.140871987767132521e+08
3.354115287227684150e-01 -5.589519908299483061e+08 3.145405052523647547e+08
3.370740383659170392e-01 -6.220962453599053621e+08 3.151507536274942160e+08
3.387365480141183438e-01 -6.819526623440048695e+08 3.158952934705189466e+08
3.403990576672984991e-01 -7.384336758353935480e+08 3.167490150607429743e+08
3.420615673253846745e-01 -7.914624619828935862e+08 3.176847805933817029e+08
3.437240769883058711e-01 -8.409729429317946434e+08 3.186738781480874419e+08
3.453865866559921449e-01 -8.869097630313642025e+08 3.196864857629516125e+08
3.470490963283750507e-01 -9.292282379696561098e+08 3.206921344634395838e+08
3.487116060053874755e-01 -9.678942775139517784e+08 3.216601609780758023e+08
3.503741156869634166e-01 -1.002884282570169687e+09 3.225601429207582474e+08
3.520366253730383144e-01 -1.034185017321609616e+09 3.233623112580364943e+08
3.536991350635486642e-01 -1.061793457243403435e+09 3.240379367704051733e+08
3.553616447584322380e-01 -1.085716613823775768e+09 3.245596888718996048e+08
3.570241544576279180e-01 -1.105971336862244844e+09 3.249019665156548023e+08
3.586866641610758633e-01 -1.122584095236579418e+09 3.250412019773643613e+08
3.603491738687170098e-01 -1.135590737068051100e+09 3.249561390743907094e+08
3.620116835804937372e-01 -1.145036230234051704e+09 3.246280878799359202e+08
3.636741932963493684e-01 -1.150974384199542999e+09 3.240411582535539269e+08
3.653367030162280593e-01 -1.153467554168174982e+09 3.231824745745558739e+08
3.669992127400752979e-01 -1.152586328558176994e+09 3.220423739512332678e+08
3.686617224678372939e-01 -1.148409200839446068e+09 3.206145899201045632e+08
3.703242321994613118e-01 -1.141022226766875029e+09 3.188964232427465916e+08
3.719867419348956150e-01 -1.130518668072157860e+09 3.168889008655424118e+08
3.736492516740893000e-01 -1.116998623668331861e+09 3.145969234023255110e+08
3.753117614169925176e-01 -1.100568649444982529e+09 3.120294006196666360e+08
3.769742711635561405e-01 -1.081341367724493027e+09 3.091993732980915904e+08
3.786367809137318741e-01 -1.059435067459966779e+09 3.061241184763946533e+08
3.802992906674724227e-01 -1.034973296253242254e+09 3.028252333979980946e+08
3.819618004247312126e-01 -1.008084445273234129e+09 2.993286914300445318e+08
3.836243101854625026e-01 -9.789013281476752758e+08 2.956648607770531774e+08
3.852868199496213841e-01 -9.475607549051115513e+08 2.918684739741810560e+08
3.869493297171635593e-01 -9.142031020257748365e+08 2.879785329818591475e+08
3.886118394880457849e-01 -8.789718796681132317e+08 2.840381313920122385e+08
3.902743492622252064e-01 -8.420132971104271412e+08 2.800941721132594347e+08
3.919368590396599683e-01 -8.034758274537645578e+08 2.761969564482517242e+08
3.935993688203087704e-01 -7.635097726045466661e+08 2.723996194604356289e+08
3.952618786041311449e-01 -7.222668295540003777e+08 2.687573879278824925e+08
3.969243883910870685e-01 -6.798996589453191757e+08 2.653266421376530528e+08
3.985868981811374612e-01 -6.365614569140193462e+08 2.621637723920717835e+08
4.002494079742436872e-01 -5.924055311548429728e+08 2.593238361524144113e+08
4.019119177703678880e-01 -5.475848821654051542e+08 2.568590422185091674e+08
4.035744275694727046e-01 -5.022517905801696777e+08 2.548171129768170118e+08
4.052369373715214440e-01 -4.565574114985873699e+08 2.532396016836334467e+08
4.068994471764781906e-01 -4.106513766794339418e+08 2.521602646013894379e+08
4.085619569843071952e-01 -3.646814054552112818e+08 2.516036022507815361e+08
4.102244667949735413e-01 -3.187929251872555614e+08 2.515836851552304029e+08
4.118869766084432005e-01 -2.731287020648658276e+08 2.521033642226487100e+08
4.135494864246819224e-01 -2.278284830125881732e+08 2.531539347699317336e+08
4.152119962436567890e-01 -1.830286494511175752e+08 2.547152803792510629e+08
4.168745060653349932e-01 -1.388618836157498062e+08 2.567564757079797089e+08
4.185370158896842829e-01 -9.545684811833332479e+07 2.592367845150281489e+08
4.201995257166728504e-01 -5.293787938831261545e+07 2.621069578556590080e+08
4.218620355462696647e-01 -1.142469561668494530e+07 2.653107217126685083e+08
4.235245453784438063e-01 2.896788023413333297e+07 2.687863436625156403e+08
4.251870552131651881e-01 6.813018179724921286e+07 2.724681814708032608e+08
4.268495650504041117e-01 1.059579445574154407e+08 2.762881380383991599e+08
4.285120748901312115e-01 1.423525345124643147e+08 2.801769716468376517e+08
4.301745847323175664e-01 1.772211598272854090e+08 2.840654338795681596e+08
4.318370945769347546e-01 2.104770650756881833e+08 2.878852270724679828e+08
4.334996044239549096e-01 2.420397077382340133e+08 2.915697876063361764e+08
4.351621142733504422e-01 2.718349166276346445e+08 2.950549106270596385e+08
4.368246241250944295e-01 2.997950319980694056e+08 2.982792367445242405e+08
4.384871339791597822e-01 3.258590270892320275e+08 3.011846227849237323e+08
4.401496438355204099e-01 3.499726109499441385e+08 3.037164180050939322e+08
4.418121536941504446e-01 3.720883123749511242e+08 3.058236650351615548e+08
4.434746635550242400e-01 3.921655448907911181e+08 3.074592421267156005e+08
4.451371734181167605e-01 4.101706527066128850e+08 3.085799602949217558e+08
4.467996832834031928e-01 4.260769376626155972e+08 3.091466262235243917e+08
4.484621931508591675e-01 4.398646671710450649e+08 3.091240792368254662e+08
4.501247030204606481e-01 4.515210632815436721e+08 3.084812086078577042e+08
4.517872128921838204e-01 4.610402729469346404e+08 3.071909556470794678e+08
4.534497227660054253e-01 4.684233197186675668e+08 3.052303037316032648e+08
4.551122326419027031e-01 4.736780370279760957e+08 3.025802582594662309e+08
4.567747425198525613e-01 4.768189833822106123e+08 2.992258178244699240e+08
4.584372523998329063e-01 4.778673397068039179e+08 2.951559371854078174e+08
4.600997622818217003e-01 4.768507892650136352e+08 2.903634823281075358e+08
4.617622721657972384e-01 4.738033804541618824e+08 2.848451774745604396e+08
4.634247820517383154e-01 4.687653730163733959e+08 2.786015438903188705e+08
4.650872919396236149e-01 4.617830680199957490e+08 2.716368300420688391e+08
4.667498018294323758e-01 4.529086222609549165e+08 2.639589328402655721e+08
4.684123117211442255e-01 4.421998474839063883e+08 2.555793094505253136e+08
4.700748216147389580e-01 4.297199951922149658e+08 2.465128794851286709e+08
4.717373315101965336e-01 4.155375274678819180e+08 2.367779171119398177e+08
4.733998414074974126e-01 3.997258747057065964e+08 2.263959330823508501e+08
4.750623513066224435e-01 3.823631806744664311e+08 2.153915463214691877e+08
4.767248612075521974e-01 3.635320359675695300e+08 2.037923453521766961e+08
4.783873711102680226e-01 3.433192002013055086e+08 1.916287393109051883e+08
4.800498810147514894e-01 3.218153142281631231e+08 1.789337991844100952e+08
4.817123909209840571e-01 2.991146025857294202e+08 1.657430891266689599e+08
4.833749008289477955e-01 2.753145677516084909e+08 1.520944890144800544e+08
4.850374107386249412e-01 2.505156761246774793e+08 1.380280082320093513e+08
4.866999206499977859e-01 2.248210378189443350e+08 1.235855928912420273e+08
4.883624305630492324e-01 1.983360795442090929e+08 1.088109271057314575e+08
4.900249404777619611e-01 1.711682136923552454e+08 9.374923403613330424e+07
4.916874503941192631e-01 1.434265013475094438e+08 7.844708316190470755e+07
4.933499603121045407e-01 1.152213149786646217e+08 6.295223497036183625e+07
4.950124702317013070e-01 8.666399366862234473e+07 4.731361831792418659e+07
4.966749801528934083e-01 5.786650670699892938e+07 3.158196635089451075e+07
4.983374900756649684e-01 2.894108180535661429e+07 1.581545273330092803e+07
