# r [arcsec]	I [Jy/sr]	I_uncer [Jy/sr]
1.272617859314095550e-03 4.127791659217604828e+10 6.805492827367108345e+09
2.921189009106442414e-03 4.084137686863807678e+10 6.749211726588877678e+09
4.579495862547155495e-03 4.006150114987810516e+10 6.648875342895089149e+09
6.240002426697914550e-03 3.894746292082006073e+10 6.505984096648723602e+09
7.901343393063876494e-03 3.751260124465267181e+10 6.322719940856819153e+09
9.563088128690054243e-03 3.577412930328808594e+10 6.101901284468410492e+09
1.122505851373705593e-02 3.375292292757883072e+10 5.846953763381315231e+09
1.288716767388508287e-02 3.147327751619082260e+10 5.561881468790952682e+09
1.454936822595933807e-02 2.896262742480178452e+10 5.251240829534572601e+09
1.621163214106096165e-02 2.625122976727358246e+10 4.920121625275151253e+09
1.787394178310437384e-02 2.337181603468613815e+10 4.574141062721334457e+09
1.953628550253095827e-02 2.035921552859586716e+10 4.219458103388528347e+09
2.119865529577967186e-02 1.724995498894760132e+10 3.862815554550223827e+09
2.286104548286438387e-02 1.408183909038587952e+10 3.511614512273773670e+09
2.452345192144544592e-02 1.089351670717691040e+10 3.174013886571074486e+09
2.618587151961204035e-02 7.724038011375705719e+09 2.859014911309772968e+09
2.784830192283991451e-02 4.612407571793638229e+09 2.576417132529407978e+09
2.951074130657948408e-02 1.597138662026580811e+09 2.336405901303449154e+09
3.117318823511218417e-02 -1.284186035449446917e+09 2.148411735585272312e+09
3.283564156322602012e-02 -3.995342225310571194e+09 2.019018146156753778e+09
3.449810036628684490e-02 -6.501875335651558876e+09 1.949432667123859882e+09
3.616056388957845924e-02 -8.771490637452733994e+09 1.934057040786065340e+09
3.782303151098994481e-02 -1.077441764961549568e+10 1.961532218074985266e+09
3.948550271312052662e-02 -1.248374464480566788e+10 2.017765646167213202e+09
4.114797706214112089e-02 -1.387571943366836929e+10 2.089029305291143894e+09
4.281045419157746001e-02 -1.493001301272710037e+10 2.163803577240775585e+09
4.447293378972808769e-02 -1.562994310916860390e+10 2.233336334908786774e+09
4.613541558980088775e-02 -1.596265513852272987e+10 2.291470982779053211e+09
4.779789936210682849e-02 -1.591925860306610870e+10 2.334220750667375088e+09
4.946038490782722619e-02 -1.549491749331388474e+10 2.359332601960282803e+09
5.112287205399637657e-02 -1.468889380580011749e+10 2.365923826876773834e+09
5.278536064943199074e-02 -1.350454385070188141e+10 2.354201320624400139e+09
5.444785056141081270e-02 -1.194926758590155220e+10 2.325249294745910168e+09
5.611034167293492414e-02 -1.003441177298783684e+10 2.280866974321096420e+09
5.777283388046990098e-02 -7.775128298499379158e+09 2.223439694426898003e+09
5.943532709206246489e-02 -5.190189533896599770e+09 2.155829192174095154e+09
6.109782122576532665e-02 -2.301763113621042252e+09 2.081270003436849833e+09
6.276031620831216962e-02 8.648510138640854359e+08 2.003258514452255487e+09
6.442281197399798987e-02 4.281517967831045151e+09 1.925420198943582773e+09
6.608530846372812073e-02 7.917596057985093117e+09 1.851340906798483372e+09
6.774780562420743002e-02 1.174029160483836174e+10 1.784353193484298229e+09
6.941030340724584080e-02 1.571503611399001503e+10 1.727282509135993242e+09
7.107280176916151715e-02 1.980588121418339539e+10 1.682181609796770811e+09
7.273530067026563739e-02 2.397590657995496368e+10 1.650107690873476982e+09
7.439780007441634813e-02 2.818763593014031601e+10 1.631008730627848148e+09
7.606029994863128252e-02 3.240345612473456573e+10 1.623766786516127348e+09
7.772280026274960840e-02 3.658603437559605408e+10 1.626397933575546265e+09
7.938530098913672284e-02 4.069872864080040741e+10 1.636356606228449345e+09
8.104780210242505667e-02 4.470598638751010132e+10 1.650866603232401133e+09
8.271030357928650656e-02 4.857372708212826538e+10 1.667211407674554110e+09
8.437280539823126257e-02 5.226970399697934723e+10 1.682947841853610754e+09
8.603530753943039455e-02 5.576384120664138031e+10 1.696038005227361441e+09
8.769780998455847798e-02 5.902854198043452454e+10 1.704913049696111679e+09
8.936031271665356712e-02 6.203896515620595551e+10 1.708488237963613033e+09
9.102281571999285004e-02 6.477326649916480255e+10 1.706146858820219994e+09
9.268531897998151525e-02 6.721280250282190704e+10 1.697705807122733593e+09
9.434782248305331742e-02 6.934229457098524475e+10 1.683370824601977348e+09
9.601032621658157906e-02 7.114995202399835205e+10 1.663685626291901588e+09
9.767283016879922675e-02 7.262755289238487244e+10 1.639476544503718615e+09
9.933533432872686253e-02 7.377048199008111572e+10 1.611792724278257847e+09
1.009978386861079547e-01 7.457772629058047485e+10 1.581841122189782619e+09
1.026603432313502873e-01 7.505182815580703735e+10 1.550915536492396832e+09
1.043228479554730720e-01 7.519879748258045959e+10 1.520319683709276676e+09
1.059853528500589448e-01 7.502798432865174866e+10 1.491285993755517483e+09
1.076478579072105424e-01 7.455191405304129028e+10 1.464894205635235071e+09
1.093103631195108394e-01 7.378608744811608887e+10 1.441996516215023041e+09
1.109728684799872744e-01 7.274874874765356445e+10 1.423158024081091881e+09
1.126353739820789568e-01 7.146062476148805237e+10 1.408621363443681955e+09
1.142978796196066349e-01 6.994463870837702942e+10 1.398301954391205311e+09
1.159603853867454265e-01 6.822560259104737854e+10 1.391815436872578859e+09
1.176228912779997832e-01 6.632989217758361816e+10 1.388533030721009731e+09
1.192853972881804531e-01 6.428510881923689270e+10 1.387655784838424683e+09
1.209479034123834701e-01 6.211973244453617096e+10 1.388296486030584097e+09
1.226104096459709192e-01 5.986277012254460907e+10 1.389558710076310158e+09
1.242729159845529646e-01 5.754340458392473602e+10 1.390605263975431204e+09
1.259354224239715991e-01 5.519064702810375977e+10 1.390711742467139244e+09
1.275979289602855449e-01 5.283299842922992706e+10 1.389303975722818136e+09
1.292604355897561952e-01 5.049812338542300415e+10 1.385980213789629698e+09
1.309229423088349165e-01 4.821254033740750885e+10 1.380519931238500118e+09
1.325854491141509606e-01 4.600133171776036072e+10 1.372881389798488140e+09
1.342479560025006402e-01 4.388787728460056305e+10 1.363189893679895639e+09
1.359104629708369483e-01 4.189361354826118469e+10 1.351718295355958939e+09
1.375729700162601765e-01 4.003782182135240936e+10 1.338860962687501431e+09
1.392354771360091448e-01 3.833744701701795959e+10 1.325102232422873497e+09
1.408979843274529020e-01 3.680694889307420349e+10 1.310980424235378742e+09
1.425604915880832879e-01 3.545818699675553131e+10 1.297048795210784435e+09
1.442229989155077718e-01 3.430034011241326904e+10 1.283835336527734756e+09
1.458855063074428748e-01 3.333986055868264389e+10 1.271803933329857111e+09
1.475480137617080634e-01 3.258046322856270218e+10 1.261319927294083357e+09
1.492105212762198374e-01 3.202314882158774185e+10 1.252623296392692804e+09
1.508730288489867621e-01 3.166626028755679703e+10 1.245812290464506388e+09
1.525355364781040279e-01 3.150557109173680115e+10 1.240839364644292593e+09
1.541980441617490649e-01 3.153440352721006012e+10 1.237519773023144722e+09
1.558605518981770188e-01 3.174377494584601593e+10 1.235551549685318232e+09
1.575230596857167542e-01 3.212256945953368378e+10 1.234544215537070990e+09
1.591855675227668576e-01 3.265773238161896133e+10 1.234052724740725279e+09
1.608480754077921959e-01 3.333448443789932251e+10 1.233613021900662184e+09
1.625105833393203636e-01 3.413655257986962891e+10 1.232776023904211283e+09
1.641730913159387406e-01 3.504641408180132294e+10 1.231137634967946053e+09
1.658355993362912173e-01 3.604555049908438110e+10 1.228363290732850790e+09
1.674981073990755853e-01 3.711470800853922272e+10 1.224206308334346771e+09
1.691606155030408176e-01 3.823416064204724121e+10 1.218519890459281921e+09
1.708231236469845982e-01 3.938397296205077362e+10 1.211262974660101652e+09
1.724856318297508795e-01 4.054425880994829559e+10 1.202500273205380678e+09
1.741481400502279120e-01 4.169543288396913910e+10 1.192396878607186317e+09
1.758106483073458848e-01 4.281845206945834351e+10 1.181207786996394157e+09
1.774731566000750660e-01 4.389504364833576202e+10 1.169262682877151012e+09
1.791356649274240265e-01 4.490791775242740631e+10 1.156946392482878447e+09
1.807981732884377246e-01 4.584096169334407043e+10 1.144675592618709326e+09
1.824606816821959798e-01 4.667941409553692627e+10 1.132872677080400467e+09
1.841231901078118072e-01 4.741001707418809509e+10 1.121938114688862085e+09
1.857856985644300296e-01 4.802114503137732697e+10 1.112223110693181753e+09
1.874482070512257237e-01 4.850290898721380615e+10 1.104004781514455080e+09
1.891107155674030538e-01 4.884723571270957947e+10 1.097466214056027174e+09
1.907732241121938566e-01 4.904792128294088745e+10 1.092683566196478844e+09
1.924357326848565586e-01 4.910065901780444336e+10 1.089621719931403637e+09
1.940982412846749550e-01 4.900304211863668060e+10 1.088139000468959093e+09
1.957607499109572380e-01 4.875454163767319489e+10 1.088000328717084408e+09
1.974232585630348313e-01 4.835646072956949615e+10 1.088897147630378723e+09
1.990857672402615297e-01 4.781186642610496521e+10 1.090471782822480202e+09
2.007482759420124996e-01 4.712550044315406036e+10 1.092343673219745398e+09
2.024107846676835298e-01 4.630367077009841156e+10 1.094135105162587643e+09
2.040732934166899215e-01 4.535412600318201447e+10 1.095494566941370726e+09
2.057358021884660160e-01 4.428591456393839264e+10 1.096116439352668524e+09
2.073983109824642512e-01 4.310923108982904816e+10 1.095756306554681063e+09
2.090608197981545235e-01 4.183525239565840912e+10 1.094241622591916800e+09
2.107233286350234380e-01 4.047596548031462097e+10 1.091477773522695541e+09
2.123858374925735870e-01 3.904399009385090637e+10 1.087449747091903925e+09
2.140483463703231337e-01 3.755239838523466492e+10 1.082219698421439171e+09
2.157108552678049240e-01 3.601453412192198944e+10 1.075920725595213413e+09
2.173733641845664311e-01 3.444383391019438171e+10 1.068747185396122813e+09
2.190358731201685061e-01 3.285365275145410156e+10 1.060941921706516981e+09
2.206983820741854618e-01 3.125709614662422562e+10 1.052780871845234156e+09
2.223608910462041566e-01 2.966686081077054596e+10 1.044555670284758329e+09
2.240234000358239386e-01 2.809508588588176346e+10 1.036555077453408122e+09
2.256859090426557024e-01 2.655321634432471466e+10 1.029046293955649495e+09
2.273484180663219723e-01 2.505188006221392059e+10 1.022257425069301128e+09
2.290109271064561247e-01 2.360077981393154526e+10 1.016362468870655775e+09
2.306734361627020280e-01 2.220860120016201401e+10 1.011470147739926338e+09
2.323359452347137921e-01 2.088293727523897171e+10 1.007617647244486451e+09
2.339984543221555469e-01 1.963023038931045532e+10 1.004769876587711453e+09
2.356609634247005536e-01 1.845573151001478577e+10 1.002824285361120701e+09
2.373234725420314828e-01 1.736347704077662659e+10 1.001620669352271914e+09
2.389859816738397480e-01 1.635628291159497070e+10 1.000954890987059116e+09
2.406484908198254224e-01 1.543575548661882782e+10 1.000595117493231177e+09
2.423109999796965175e-01 1.460231861374427986e+10 1.000299078688892007e+09
2.439735091531692601e-01 1.385525593771995926e+10 9.998309460761812925e+08
2.456360183399674824e-01 1.319276741213538361e+10 9.989766749617428780e+08
2.472985275398224547e-01 1.261203877946218109e+10 9.975569566518729925e+08
2.489610367524725254e-01 1.210932264367253113e+10 9.954372325605132580e+08
2.506235459776631203e-01 1.168002963847715378e+10 9.925344830422259569e+08
2.522860552151463542e-01 1.131882809689121628e+10 9.888207029013570547e+08
2.539485644646808371e-01 1.101975055552198410e+10 9.843231154296863079e+08
2.556110737260313126e-01 1.077630537992192268e+10 9.791212732819918394e+08
2.572735829989687417e-01 1.058159177572795486e+10 9.733412691070584059e+08
2.589360922832700251e-01 1.042841645366097260e+10 9.671473532622361183e+08
2.605986015787175591e-01 1.030941024420923042e+10 9.607313472345498800e+08
2.622611108850994577e-01 1.021714300887581635e+10 9.543003583421672583e+08
2.639236202022091082e-01 1.014423526804182243e+10 9.480634410394194126e+08
2.655861295298450053e-01 1.008346505906033897e+10 9.422179960155342817e+08
2.672486388678106950e-01 1.002786865046462059e+10 9.369368201781023741e+08
2.689111482159146083e-01 9.970833866953104019e+09 9.323567797601479292e+08
2.705736575739698391e-01 9.906184922937904358e+09 9.285700374797154665e+08
2.722361669417941443e-01 9.828257817501695633e+09 9.256185994299889803e+08
2.738986763192096108e-01 9.731965508023384094e+09 9.234926610329362154e+08
2.755611857060425440e-01 9.612852250972352982e+09 9.221328583208203316e+08
2.772236951021236906e-01 9.467136673796644211e+09 9.214361311146410704e+08
2.788862045072874607e-01 9.291743318684631348e+09 9.212645481086130142e+08
2.805487139213725944e-01 9.084322574867422104e+09 9.214561895183488131e+08
2.822112233442213292e-01 8.843259088278347015e+09 9.218370630751895905e+08
2.838737327756796214e-01 8.567668903580090523e+09 9.222330435062142611e+08
2.855362422155972579e-01 8.257385751362900734e+09 9.224809470842266083e+08
2.871987516638271343e-01 7.912937040740159988e+09 9.224380401280736923e+08
2.888612611202258651e-01 7.535510252565956116e+09 9.219894918322050571e+08
2.905237705846532292e-01 7.126910549523926735e+09 9.210534853876891136e+08
2.921862800569720031e-01 6.689510524860321999e+09 9.195838784916163683e+08
2.938487895370484604e-01 6.226193100375076294e+09 9.175704493339285851e+08
2.955112990247516502e-01 5.740288655637883186e+09 9.150368803915905952e+08
2.971738085199533974e-01 5.235507523497446060e+09 9.120367277257350683e+08
2.988363180225286353e-01 4.715869021596420288e+09 9.086477061561532021e+08
3.004988275323551283e-01 4.185628205671132565e+09 9.049646959714875221e+08
3.021613370493130279e-01 3.649201528179527760e+09 9.010919452091312408e+08
3.038238465732852611e-01 3.111092565731644630e+09 8.971349980073152781e+08
3.054863561041573639e-01 2.575818941726755142e+09 8.931929143691402674e+08
3.071488656418173702e-01 2.047841517457960606e+09 8.893513476319020987e+08
3.088113751861554790e-01 1.531496857034609795e+09 8.856770016848019361e+08
3.104738847370644983e-01 1.030933890192202687e+09 8.822138941550983191e+08
3.121363942944395120e-01 5.500556039780294895e+08 8.789817063956180811e+08
3.137989038581776025e-01 9.246649125507399440e+07 8.759763181082844734e+08
3.154614134281782389e-01 -3.385736273089309931e+08 8.731724244060860872e+08
3.171239230043430002e-01 -7.401889085581166744e+08 8.705279413156070709e+08
3.187864325865753523e-01 -1.109919542001624823e+09 8.679897464300452471e+08
3.204489421747808708e-01 -1.445746301273930311e+09 8.655001927443225384e+08
3.221114517688670742e-01 -1.746107462640062571e+09 8.630037842833029032e+08
3.237739613687434237e-01 -2.009908083773242235e+09 8.604534109169541597e+08
3.254364709743211015e-01 -2.236521755091787815e+09 8.578155983248733282e+08
3.270989805855132326e-01 -2.425785049587554455e+09 8.550743253955661058e+08
3.287614902022346075e-01 -2.577985003902221680e+09 8.522330834818763733e+08
3.304239998244018484e-01 -2.693840061714790821e+09 8.493149904423520565e+08
3.320865094519330207e-01 -2.774474999214728355e+09 8.463609209960328341e+08
3.337490190847480775e-01 -2.821390430207584858e+09 8.434257693742554188e+08
3.354115287227684150e-01 -2.836427554526497364e+09 8.405731161618320942e+08
3.370740383659170392e-01 -2.821728867012349606e+09 8.378687214776879549e+08
3.387365480141183438e-01 -2.779695585076920033e+09 8.353733996380617619e+08
3.403990576672984991e-01 -2.712942580297780037e+09 8.331359299859957695e+08
3.420615673253846745e-01 -2.624251613778216362e+09 8.311867061283158064e+08
3.437240769883058711e-01 -2.516523676108529568e+09 8.295328050234581232e+08
3.453865866559921449e-01 -2.392731221169559002e+09 8.281550596211993694e+08
3.470490963283750507e-01 -2.255871059243485928e+09 8.270075479794853926e+08
3.487116060053874755e-01 -2.108918639642636776e+09 8.260196860370962620e+08
3.503741156869634166e-01 -1.954784407291538954e+09 8.251008599456073046e+08
3.520366253730383144e-01 -1.796272862374047756e+09 8.241472911540429592e+08
3.536991350635486642e-01 -1.636044888490453482e+09 8.230506236330821514e+08
3.553616447584322380e-01 -1.476583843992923021e+09 8.217075772359476089e+08
3.570241544576279180e-01 -1.320165834622547626e+09 8.200299297077103853e+08
3.586866641610758633e-01 -1.168834504660940170e+09 8.179540651543421745e+08
3.603491738687170098e-01 -1.024380599915319324e+09 8.154493441103429794e+08
3.620116835804937372e-01 -8.883264704713767767e+08 8.125245940560065508e+08
3.636741932963493684e-01 -7.619155955910654068e+08 8.092320790542016029e+08
3.653367030162280593e-01 -6.461071288705486059e+08 8.056683828353192806e+08
3.669992127400752979e-01 -5.415753800387257338e+08 8.019717428924731016e+08
3.686617224678372939e-01 -4.487140718605731130e+08 7.983155264582293034e+08
3.703242321994613118e-01 -3.676451376011834741e+08 7.948977703246546984e+08
3.719867419348956150e-01 -2.982317575022500157e+08 7.919270375752841234e+08
3.736492516740893000e-01 -2.400952725221501887e+08 7.896052766218737364e+08
3.753117614169925176e-01 -1.926355610922957957e+08 7.881088649431414604e+08
3.769742711635561405e-01 -1.550544203536524475e+08 7.875694976775615215e+08
3.786367809137318741e-01 -1.263814578055087030e+08 7.880569167322720289e+08
3.802992906674724227e-01 -1.055019728488764614e+08 7.895655406638294458e+08
3.819618004247312126e-01 -9.118629045450709760e+07 7.920067672681224346e+08
3.836243101854625026e-01 -8.212000122105130553e+07 7.952080927463132143e+08
3.852868199496213841e-01 -7.693456325928755105e+07 7.989193463102571964e+08
3.869493297171635593e-01 -7.423773132512576878e+07 8.028254738433227539e+08
3.886118394880457849e-01 -7.264329715520298481e+07 8.065646165737535954e+08
3.902743492622252064e-01 -7.079965132519736886e+07 8.097498477401537895e+08
3.919368590396599683e-01 -6.741671072458022833e+07 8.119928734191673994e+08
3.935993688203087704e-01 -6.129079598432762921e+07 8.129282023308590651e+08
3.952618786041311449e-01 -5.132708926068013906e+07 8.122366248054391146e+08
3.969243883910870685e-01 -3.655935365042177588e+07 8.096671932830002308e+08
3.985868981811374612e-01 -1.616665033004860207e+07 8.050571733164776564e+08
4.002494079742436872e-01 1.051315277384900860e+07 7.983495763912200928e+08
4.019119177703678880e-01 4.397322727420130372e+07 7.896078599077154398e+08
4.035744275694727046e-01 8.453107152483049035e+07 7.790271632184894085e+08
4.052369373715214440e-01 1.323252641368670017e+08 7.669410260025848150e+08
4.068994471764781906e-01 1.873156497913042903e+08 7.538219098601415157e+08
4.085619569843071952e-01 2.492868658373683989e+08 7.402730789816030264e+08
4.102244667949735413e-01 3.178550635880710483e+08 7.270086889237208366e+08
4.118869766084432005e-01 3.924776272771618366e+08 7.148187077559337616e+08
4.135494864246819224e-01 4.724656471757256985e+08 7.045162324737392664e+08
4.152119962436567890e-01 5.569988619168683290e+08 6.968676165115122795e+08
4.168745060653349932e-01 6.451427493042562008e+08 6.925108425229413509e+08
4.185370158896842829e-01 7.358674151823538542e+08 6.918736794848084450e+08
4.201995257166728504e-01 8.280679066979521513e+08 6.951075847912174463e+08
4.218620355462696647e-01 9.205855597284842730e+08 7.020527252256946564e+08
4.235245453784438063e-01 1.012229980531793118e+09 7.122425872154552937e+08
4.251870552131651881e-01 1.101801258802927256e+09 7.249459907521625757e+08
4.268495650504041117e-01 1.188112013232997179e+09 7.392350732982691526e+08
4.285120748901312115e-01 1.270008881143289566e+09 7.540640135787212849e+08
4.301745847323175664e-01 1.346393080597419262e+09 7.683452716098166704e+08
4.318370945769347546e-01 1.416239696057913542e+09 7.810153030142188072e+08
4.334996044239549096e-01 1.478615366891810417e+09 7.910869875604774952e+08
4.351621142733504422e-01 1.532694091023072720e+09 7.976896490824639797e+08
4.368246241250944295e-01 1.577770893493493557e+09 8.000992868867374659e+08
4.384871339791597822e-01 1.613273150598547459e+09 7.977620359400050640e+08
4.401496438355204099e-01 1.638769404226356268e+09 7.903136011579793692e+08
4.418121536941504446e-01 1.653975547010025501e+09 7.775969556892590523e+08
4.434746635550242400e-01 1.658758306338783741e+09 7.596801950713821650e+08
4.451371734181167605e-01 1.653136003192423820e+09 7.368761355742821693e+08
4.467996832834031928e-01 1.637276609554523945e+09 7.097648865977557898e+08
4.484621931508591675e-01 1.611493174801184416e+09 6.792198107380914688e+08
4.501247030204606481e-01 1.576236736522042274e+09 6.464351701504654884e+08
4.517872128921838204e-01 1.532086873570343733e+09 6.129488106338633299e+08
4.534497227660054253e-01 1.479740098551218987e+09 5.806432784364440441e+08
4.551122326419027031e-01 1.419996322334844112e+09 5.516926371621167660e+08
4.567747425198525613e-01 1.353743654450656891e+09 5.284056289828013778e+08
4.584372523998329063e-01 1.281941829393815756e+09 5.129211253316083550e+08
4.600997622818217003e-01 1.205604570121209860e+09 5.067755977443540692e+08
4.617622721657972384e-01 1.125781215358237267e+09 5.104849891350594163e+08
4.634247820517383154e-01 1.043537947309239745e+09 5.233595175360909700e+08
4.650872919396236149e-01 9.599389600007555485e+08 5.436665336613804102e+08
4.667498018294323758e-01 8.760279066838207245e+08 5.690361135576448441e+08
4.684123117211442255e-01 7.928099565101088285e+08 5.968919187086879015e+08
4.700748216147389580e-01 7.112347774361542463e+08 6.247599771857711077e+08
4.717373315101965336e-01 6.321807428652890921e+08 6.504314044214159250e+08
4.733998414074974126e-01 5.564406359044529200e+08 6.720216443744885921e+08
4.750623513066224435e-01 4.847090957894805074e+08 6.879755533489329815e+08
4.767248612075521974e-01 4.175720188331941366e+08 6.970511790088114738e+08
4.783873711102680226e-01 3.554980890018565059e+08 6.982987150675128698e+08
4.800498810147514894e-01 2.988325749045951366e+08 6.910409764377793074e+08
4.817123909209840571e-01 2.477934872483368814e+08 6.748567696098456383e+08
4.833749008289477955e-01 2.024701492989649177e+08 6.495665409197616577e+08
4.850374107386249412e-01 1.628241873181453347e+08 6.152191181063442230e+08
4.866999206499977859e-01 1.286929066988638639e+08 5.720783921175962687e+08
4.883624305630492324e-01 9.979497351216082275e+07 5.206090178278411627e+08
4.900249404777619611e-01 7.573828424570822716e+07 4.614604931790758371e+08
4.916874503941192631e-01 5.602986140614002198e+07 3.954492301980715990e+08
4.933499603121045407e-01 4.008758572702870518e+07 3.235384651539630294e+08
4.950124702317013070e-01 2.725352858885559440e+07 2.468160386997232437e+08
4.966749801528934083e-01 1.680864644210091233e+07 1.664703281692242026e+08
4.983374900756649684e-01 7.988509427583903074e+06 8.376555629355792701e+07
