# r [arcsec]	I [Jy/sr]	I_uncer [Jy/sr]
3.817853577942286001e-03 2.184094829828966370e+11 3.189373214008114815e+09
8.763567027319327241e-03 2.176615173676315002e+11 3.154002335703149319e+09
1.373848758764146562e-02 2.163234848980465088e+11 3.091023575421285629e+09
1.872000728009374365e-02 2.144080293136618347e+11 3.001536422746549129e+09
2.370403017919163122e-02 2.119335742915575867e+11 2.887126997171912193e+09
2.868926438607016446e-02 2.089238354233246765e+11 2.749836128401705742e+09
3.367517554121116780e-02 2.054074742321604004e+11 2.592135049171397209e+09
3.866150302165524688e-02 2.014177044383483276e+11 2.416903141782084942e+09
4.364810467787801074e-02 1.969918418256155090e+11 2.227412873774926186e+09
4.863489642318288148e-02 1.921708026633175049e+11 2.027331093933179617e+09
5.362182534931311806e-02 1.869985582272276917e+11 1.820751764298557758e+09
5.860885650759287135e-02 1.815215539830911560e+11 1.612284994063658237e+09
6.359596588733901212e-02 1.757881025918133240e+11 1.407242301330320597e+09
6.858313644859315161e-02 1.698477602595659485e+11 1.211974191785578489e+09
7.357035576433633428e-02 1.637506961322981873e+11 1.034400075763043284e+09
7.855761455883611410e-02 1.575470644334560547e+11 8.845815057211436033e+08
8.354490576851973660e-02 1.512863888720231628e+11 7.744675199682066441e+08
8.853222391973845917e-02 1.450169685117772217e+11 7.146915247510539293e+08
9.351956470533653865e-02 1.387853138007306519e+11 7.076742452179136276e+08
9.850692468967806037e-02 1.326356208232475586e+11 7.435921553313212395e+08
1.034943010988605139e-01 1.266092910702145691e+11 8.057111467467453480e+08
1.084816916687353777e-01 1.207445031408461304e+11 8.784344690865483284e+08
1.134690945329698275e-01 1.150758418113107300e+11 9.506061713033523560e+08
1.184565081393615799e-01 1.096339888498100128e+11 1.015149730551049232e+09
1.234439311864233557e-01 1.044454788458848114e+11 1.067862373458653569e+09
1.284313625747323662e-01 9.953252217480140686e+10 1.106449545412726402e+09
1.334188013691842700e-01 9.491289605778735352e+10 1.129909558654288292e+09
1.384062467694026355e-01 9.059990352699731445e+10 1.138161795286495924e+09
1.433936980863204647e-01 8.660239898153703308e+10 1.131819987105262756e+09
1.483811547234816508e-01 8.292487794745288086e+10 1.112049133881657839e+09
1.533686161619891020e-01 7.956762764907365417e+10 1.080471464091171503e+09
1.583560819482959792e-01 7.652693407816926575e+10 1.039102216171826959e+09
1.633435516842324520e-01 7.379534042617002869e+10 9.903035089476447105e+08
1.683310250188047585e-01 7.136195103548345947e+10 9.367464020849224329e+08
1.733185016414096891e-01 6.921277443925152588e+10 8.813678974061052799e+08
1.783059812761873808e-01 6.733109860189899445e+10 8.273007954174108505e+08
1.832934636772959591e-01 6.569789115069338226e+10 7.777415857285029888e+08
1.882809486249364950e-01 6.429221720322912598e+10 7.357141341409782171e+08
1.932684359219939418e-01 6.309166734676052856e+10 7.037075721332153082e+08
1.982559253911843622e-01 6.207278840961506653e+10 6.832410471367739439e+08
2.032434168726222901e-01 6.121150987672515106e+10 6.745164327184391022e+08
2.082309102217375085e-01 6.048355913295285797e+10 6.763584796781474352e+08
2.132184053074845376e-01 5.986485915927864838e+10 6.865142819881044626e+08
2.182059020107968983e-01 5.933190284639626312e+10 7.021742995979816914e+08
2.231934002232490444e-01 5.886209871468193054e+10 7.204854045022298098e+08
2.281808998458938198e-01 5.843408352421576691e+10 7.389059913378404379e+08
2.331684007882487975e-01 5.802799800862674713e+10 7.553815962504224777e+08
2.381559029674101546e-01 5.762572275575801849e+10 7.683912429039928913e+08
2.431434063072751561e-01 5.721107207090288544e+10 7.769237273337293863e+08
2.481309107378594780e-01 5.676994447843392944e+10 7.804251205894595385e+08
2.531184161946937738e-01 5.629042932974681091e+10 7.787394268747702837e+08
2.581059226182911837e-01 5.576286977485750580e+10 7.720515179210314751e+08
2.630934299536754062e-01 5.517988310776016998e+10 7.608346016158584356e+08
2.680809381499607014e-01 5.453634019962290192e+10 7.458011917822489738e+08
2.730684471599785779e-01 5.382930637757699585e+10 7.278549811493970156e+08
2.780559569399445041e-01 5.305794668102141571e+10 7.080402058440103531e+08
2.830434674491599245e-01 5.222339892413249207e+10 6.874847648104126453e+08
2.880309786497447511e-01 5.132861840656905365e+10 6.673338198264729977e+08
2.930184905063976664e-01 5.037819844017292023e+10 6.486725452777429819e+08
2.980060029861805737e-01 4.937817109538594055e+10 6.324407989512585402e+08
3.029935160583238640e-01 4.833579271665618896e+10 6.193485562935297489e+08
3.079810296940508341e-01 4.725931881259217834e+10 6.098069584138506651e+08
3.129685438664192021e-01 4.615777289685103607e+10 6.038919543968809843e+08
3.179560585501768344e-01 4.504071374424856567e+10 6.013524392789191008e+08
3.229435737216315716e-01 4.391800533898709106e+10 6.016630978852804899e+08
3.279310893585324904e-01 4.279959353534877014e+10 6.041093502252688408e+08
3.329186054399617678e-01 4.169529313344136047e+10 6.078845268412863016e+08
3.379061219462368704e-01 4.061458870262391663e+10 6.121804173462762833e+08
3.428936388588199047e-01 3.956645207213053894e+10 6.162591322846827507e+08
3.478811561602362934e-01 3.855917896215237427e+10 6.195021297641379833e+08
3.528686738339993356e-01 3.760024675886380005e+10 6.214379733122609854e+08
3.578561918645413176e-01 3.669619495364860535e+10 6.217530619696516991e+08
3.628437102371503964e-01 3.585252927955365753e+10 6.202899512429366112e+08
3.678312289379127020e-01 3.507365009614430237e+10 6.170370855012924671e+08
3.728187479536588800e-01 3.436280510598068237e+10 6.121126331402975321e+08
3.778062672719147974e-01 3.372206604006786346e+10 6.057441063944549561e+08
3.827937868808565791e-01 3.315232853269562912e+10 5.982447344786950350e+08
3.877813067692685856e-01 3.265333402470596695e+10 5.899871850724219084e+08
3.927688269265047216e-01 3.222371219328778458e+10 5.813751914804196358e+08
3.977563473424529095e-01 3.186104211041861343e+10 5.728139165782420635e+08
4.027438680075018929e-01 3.156193008400726700e+10 5.646804060688786507e+08
4.077313889125108171e-01 3.132210193785469818e+10 5.572961137092131376e+08
4.127189100487804740e-01 3.113650733970484543e+10 5.509039882993794680e+08
4.177064314080274343e-01 3.099943369093714905e+10 5.456527123083406687e+08
4.226939529823587338e-01 3.090462704598660278e+10 5.415901524712737799e+08
4.276814747642498915e-01 3.084541753241849518e+10 5.386669059598324299e+08
4.326689967465233155e-01 3.081484679121917725e+10 5.367492631362769008e+08
4.376565189223286523e-01 3.080579504786557770e+10 5.356394205950071216e+08
4.426440412851241901e-01 3.081110555419896317e+10 5.350998156152776480e+08
4.476315638286594845e-01 3.082370430457640076e+10 5.348782417873601317e+08
4.526190865469603142e-01 3.083671312238287354e+10 5.347308745456675291e+08
4.576066094343120838e-01 3.084355442965152740e+10 5.344412060310968757e+08
4.625941324852472225e-01 3.083804624800774002e+10 5.338338406317434907e+08
4.675816556945310287e-01 3.081448622804304886e+10 5.327829041020671129e+08
4.725691790571502904e-01 3.076772376136067581e+10 5.312153722024575472e+08
4.775567025683005173e-01 3.069321948978000641e+10 5.291099391166020632e+08
4.825442262233765600e-01 3.058709178454555893e+10 5.264921874288654923e+08
4.875317500179611185e-01 3.044615002051829529e+10 5.234268670163485408e+08
4.925192739478161941e-01 3.026791471181195068e+10 5.200081010271363258e+08
4.975067980088735964e-01 3.005062480259428787e+10 5.163483484034090638e+08
5.024943221972267837e-01 2.979323261645481110e+10 5.125669727534133792e+08
5.074818465091224251e-01 2.949538715710279846e+10 5.087792832070345879e+08
5.124693709409537945e-01 2.915740661999780655e+10 5.050868960601786971e+08
5.174568954892526662e-01 2.878024111713548279e+10 5.015701846317054033e+08
5.224444201506837082e-01 2.836542673443359375e+10 4.982834159922463894e+08
5.274319449220377098e-01 2.791503213243563843e+10 4.952529151089221835e+08
5.324194698002251425e-01 2.743159896619963837e+10 4.924782743609882593e+08
5.374069947822720517e-01 2.691807743963834763e+10 4.899362873653085828e+08
5.423945198653131738e-01 2.637775832401539612e+10 4.875869884534803629e+08
5.473820450465878285e-01 2.581420276103811264e+10 4.853809729105614424e+08
5.523695703234354770e-01 2.523117113940810394e+10 4.832670856885160804e+08
5.573570956932899501e-01 2.463255228183096695e+10 4.811995975864785314e+08
5.623446211536771155e-01 2.402229410926173782e+10 4.791441152659064531e+08
5.673321467022091058e-01 2.340433686295478821e+10 4.770816613719260097e+08
5.723196723365815419e-01 2.278254986506843567e+10 4.750105809493181705e+08
5.773071980545696480e-01 2.216067268765481949e+10 4.729461562824607491e+08
5.822947238540248094e-01 2.154226148041192245e+10 4.709180304151884317e+08
5.872822497328716862e-01 2.093064108206801987e+10 4.689657428211159706e+08
5.922697756891045495e-01 2.032886341124827194e+10 4.671328628445751667e+08
5.972573017207846169e-01 1.973967250248547745e+10 4.654603572050932050e+08
6.022448278260374988e-01 1.916547642393553925e+10 4.639799302215468287e+08
6.072323540030505340e-01 1.860832618748680496e+10 4.627081086708462238e+08
6.122198802500696813e-01 1.806990164117214203e+10 4.616417894145742655e+08
6.172074065653979646e-01 1.755150421984846497e+10 4.607558209892691970e+08
6.221949329473926982e-01 1.705405632448433685e+10 4.600029629163469076e+08
6.271824593944635984e-01 1.657810700435187912e+10 4.593162908212926984e+08
6.321699859050702308e-01 1.612384353098106766e+10 4.586138365822485089e+08
6.371575124777206778e-01 1.569110837866835022e+10 4.578050159073324800e+08
6.421450391109693179e-01 1.527942106424972916e+10 4.567982335336542726e+08
6.471325658034148276e-01 1.488800424896892548e+10 4.555089807565782666e+08
6.521200925536991821e-01 1.451581346781495285e+10 4.538677427817040682e+08
6.571076193605055460e-01 1.416156982644802475e+10 4.518270920386856198e+08
6.620951462225563855e-01 1.382379499257334518e+10 4.493674312692458630e+08
6.670826731386124697e-01 1.350084780679790878e+10 4.465009444491011500e+08
6.720702001074717602e-01 1.319096184705647850e+10 4.432734021252557635e+08
6.770577271279670795e-01 1.289228329976216888e+10 4.397635507456366420e+08
6.820452541989658890e-01 1.260290851913241196e+10 4.360799052543898821e+08
6.870327813193682909e-01 1.232092069254282570e+10 4.323548817328632474e+08
6.920203084881060285e-01 1.204442507336589813e+10 4.287363762498032451e+08
6.970078357041413764e-01 1.177158229227046967e+10 4.253771344510951042e+08
7.019953629664664740e-01 1.150063931240996170e+10 4.224225607717494369e+08
7.069828902741016607e-01 1.122995765200564766e+10 4.199979500866189599e+08
7.119704176260943651e-01 1.095803855851508522e+10 4.181964132354057431e+08
7.169579450215193273e-01 1.068354488064674759e+10 4.170689104655313492e+08
7.219454724594762673e-01 1.040531944692673302e+10 4.166177117418330312e+08
7.269329999390895525e-01 1.012239982131077957e+10 4.167942342139404416e+08
7.319205274595077526e-01 9.834029366521718979e+09 4.175016183860912323e+08
7.369080550199024193e-01 9.539664603541748047e+09 4.186017326655057073e+08
7.418955826194673087e-01 9.238978910266090393e+09 4.199257111621836424e+08
7.468831102574174929e-01 8.931862653050436020e+09 4.212867660838159919e+08
7.518706379329892497e-01 8.618419891277557373e+09 4.224939231797971129e+08
7.568581656454390627e-01 8.298961836680650711e+09 4.233654667929625511e+08
7.618456933940425113e-01 7.973997285716602325e+09 4.237411558983469605e+08
7.668332211780939378e-01 7.644220274587985039e+09 4.234925814977355003e+08
7.718207489969062252e-01 7.310495232499938011e+09 4.225313020245034099e+08
7.768082768498100199e-01 6.973839929445843697e+09 4.208145777477127910e+08
7.817958047361527329e-01 6.635406530358428955e+09 4.183486213779217601e+08
7.867833326552983175e-01 6.296461078052643776e+09 4.151893056439198852e+08
7.917708606066273802e-01 5.958361733328276634e+09 4.114402469952960610e+08
7.967583885895350715e-01 5.622536102184738159e+09 4.072481521930257082e+08
8.017459166034320850e-01 5.290457977779737473e+09 4.027953116389527917e+08
8.067334446477437693e-01 4.963623818888792992e+09 3.982891950315629840e+08
8.117209727219093507e-01 4.643529277651104927e+09 3.939492956463366747e+08
8.167085008253823775e-01 4.331646077763463974e+09 3.899917070508812070e+08
8.216960289576287213e-01 4.029399530366258144e+09 3.866123859082279205e+08
8.266835571181275766e-01 3.738146959090805531e+09 3.839705728050243258e+08
8.316710853063710163e-01 3.459157288448625088e+09 3.821742500084576011e+08
8.366586135218624376e-01 3.193592031178650379e+09 3.812696140041250587e+08
8.416461417641176723e-01 2.942487890687541008e+09 3.812361866920017600e+08
8.466336700326639875e-01 2.706741174396980762e+09 3.819883883224005699e+08
8.516211983270388641e-01 2.487094192873806477e+09 3.833833432093164921e+08
8.566087266467917738e-01 2.284123798085443020e+09 3.852337010404908657e+08
8.615962549914814028e-01 2.098232192064190626e+09 3.873236191240465641e+08
8.665837833606774288e-01 1.929640114621647596e+09 3.894258930235040784e+08
8.715713117539596322e-01 1.778382495518684387e+09 3.913184840671831369e+08
8.765588401709160093e-01 1.644306632571068287e+09 3.927991908370001316e+08
8.815463686111453256e-01 1.527072932457831144e+09 3.936977506779615879e+08
8.865338970742548952e-01 1.426158225468945026e+09 3.938850982050008774e+08
8.915214255598600257e-01 1.340861638948448420e+09 3.932797921548529863e+08
8.965089540675857949e-01 1.270312986802171469e+09 3.918517531246916056e+08
9.014964825970653850e-01 1.213483604094798565e+09 3.896234682370358706e+08
9.064840111479389728e-01 1.169199526596862316e+09 3.866687591247134805e+08
9.114715397198557278e-01 1.136156885246933222e+09 3.831091196018216610e+08
9.164590683124720361e-01 1.112939355140530109e+09 3.791075492436585426e+08
9.214465969254520550e-01 1.098037468096063137e+09 3.748597801798400283e+08
9.264341255584663815e-01 1.089869567517416000e+09 3.705828612680593729e+08
9.314216542111933839e-01 1.086804154602655649e+09 3.665012685253092647e+08
9.364091828833184250e-01 1.087183346488327980e+09 3.628310749750177264e+08
9.413967115745327519e-01 1.089347140304534435e+09 3.597632090786656141e+08
9.463842402845346058e-01 1.091658152970975161e+09 3.574473537712637782e+08
9.513717690130290006e-01 1.092526485611359358e+09 3.559784061159642339e+08
9.563592977597260569e-01 1.090434344416156292e+09 3.553874260159676075e+08
9.613468265243425570e-01 1.083960037357318878e+09 3.556385269561434388e+08
9.663343553066010561e-01 1.071800958990568161e+09 3.566322573786715269e+08
9.713218841062303266e-01 1.052795174408100963e+09 3.582149371609355807e+08
9.763094129229632490e-01 1.025941218615973234e+09 3.601924889806918502e+08
9.812969417565396979e-01 9.904157398400071859e+08 3.623468030222315788e+08
9.862844706067037670e-01 9.455886346502144337e+08 3.644526684251549244e+08
9.912719994732055451e-01 8.910353496757819653e+08 3.662936805195857286e+08
9.962595283557990067e-01 8.265460589327698946e+08 3.676760805996210575e+08
1.001247057254244233e+00 7.521314673393598795e+08 3.684400118078109622e+08
1.006234586168305301e+00 6.680250394225931168e+08 3.684680647495654821e+08
1.011222115097751173e+00 5.746815070311652422e+08 3.676912052636938095e+08
1.016209644042354920e+00 4.727715702487546802e+08 3.660922438050993681e+08
1.021197173001895608e+00 3.631727708266798854e+08 3.637069632142762542e+08
1.026184701976153857e+00 2.469565861105938554e+08 3.606229141926977634e+08
1.031172230964917613e+00 1.253718624618372172e+08 3.569757573302826881e+08
1.036159759967976379e+00 -1.752208656161306135e+05 3.529429194256774187e+08
1.041147288985125208e+00 -1.281443950114813000e+08 3.487342901428575516e+08
1.046134818016162260e+00 -2.568874202509757280e+08 3.445797738031517863e+08
1.051122347060890139e+00 -3.846766828522801399e+08 3.407137931367865205e+08
1.056109876119114777e+00 -5.097358123576265574e+08 3.373573522837493420e+08
1.061097405190645881e+00 -6.302718080625593662e+08 3.346989645049989223e+08
1.066084934275296714e+00 -7.445081182235507965e+08 3.328764745252725482e+08
1.071072463372883643e+00 -8.507180798836472034e+08 3.319622791075360775e+08
1.076059992483227479e+00 -9.472581023482364416e+08 3.319543767273464799e+08
1.081047521606151030e+00 -1.032599964223196745e+09 3.327749157364562154e+08
1.086035050741481101e+00 -1.105361593294061184e+09 3.342766107837840915e+08
1.091022579889048050e+00 -1.164335710815711260e+09 3.362559797700778842e+08
1.096010109048684011e+00 -1.208515747232290506e+09 3.384713001861109734e+08
1.100997638220225783e+00 -1.237118474804901838e+09 3.406627849258044362e+08
1.105985167403511937e+00 -1.249602853709313869e+09 3.425727164287276864e+08
1.110972696598383935e+00 -1.245684651144947052e+09 3.439639064719322920e+08
1.115960225804686790e+00 -1.225346466872939825e+09 3.446355626744642258e+08
1.120947755022267955e+00 -1.188842882049145699e+09 3.444362193156137466e+08
1.125935284250977553e+00 -1.136700539729639292e+09 3.432737320551365614e+08
1.130922813490668366e+00 -1.069713063181373119e+09 3.411224422157434225e+08
1.135910342741195622e+00 -9.889308201606076956e+08 3.380275301171159744e+08
1.140897872002417213e+00 -8.956456455377473831e+08 3.341063508953899741e+08
1.145885401274193693e+00 -7.913707387558377981e+08 3.295462314869489670e+08
1.150872930556387619e+00 -6.778160544020040035e+08 3.245978690719981790e+08
1.155860459848864208e+00 -5.568596013164461851e+08 3.195632202293026447e+08
1.160847989151490678e+00 -4.305151559491972923e+08 3.147767954617090225e+08
1.165835518464137355e+00 -3.008969770143700242e+08 3.105798383683459163e+08
1.170823047786675675e+00 -1.701821788688861728e+08 3.072882092617702484e+08
1.175810577118979738e+00 -4.057147877768980712e+07 3.051568870138519406e+08
1.180798106460926311e+00 8.575092321700473130e+07 3.043462915574941039e+08
1.185785635812393490e+00 2.066575449095290303e+08 3.048969886170499921e+08
1.190773165173261150e+00 3.201171041295628548e+08 3.067186105864342451e+08
1.195760694543412272e+00 4.242324884084385037e+08 3.095957587670854926e+08
1.200748223922731173e+00 5.172764396412389278e+08 3.132094066928644180e+08
1.205735753311103498e+00 5.977242195705857277e+08 3.171688572403859496e+08
1.210723282708418003e+00 6.642825762550879717e+08 3.210480134768591523e+08
1.215710812114564332e+00 7.159144010640534163e+08 3.244206222781744003e+08
1.220698341529434350e+00 7.518585488192350864e+08 3.268912173795992136e+08
1.225685870952921253e+00 7.716443888481117487e+08 3.281205750422683358e+08
1.230673400384920457e+00 7.751007599383859634e+08 3.278459430577887297e+08
1.235660929825329379e+00 7.623591153070310354e+08 3.258969968004465699e+08
1.240648459274045878e+00 7.338507623285188675e+08 3.222085858165354729e+08
1.245635988730970478e+00 6.902982233557354212e+08 3.168310653097054362e+08
1.250623518196004813e+00 6.327008658682036400e+08 3.099384609368035197e+08
1.255611047669052738e+00 5.623150697959601879e+08 3.018338573686756492e+08
1.260598577150018551e+00 4.806293144802172184e+08 2.929500891842639446e+08
1.265586106638808772e+00 3.893346749200057983e+08 2.838419179367325902e+08
1.270573636135331475e+00 2.902913142433379889e+08 2.751635957942293882e+08
1.275561165639495398e+00 1.854916446487314999e+08 2.676241543320693672e+08
1.280548695151212168e+00 7.702090040046828985e+07 2.619145346254057884e+08
1.285536224670393413e+00 -3.298407770401129499e+07 2.586092109391547143e+08
1.290523754196952311e+00 -1.423770079795646667e+08 2.580606011777835488e+08
1.295511283730804264e+00 -2.490444238818134964e+08 2.603191203882080317e+08
1.300498813271864673e+00 -3.509471575946114063e+08 2.651105544818497598e+08
1.305486342820051382e+00 -4.461602035884025693e+08 2.718797727438119054e+08
1.310473872375283122e+00 -5.329101477809544802e+08 2.798806326960109472e+08
1.315461401937479291e+00 -6.096093985090997219e+08 2.882781841907047033e+08
1.320448931506561285e+00 -6.748865223129751682e+08 2.962364088280541301e+08
1.325436461082451389e+00 -7.276120691240489483e+08 3.029807877434017658e+08
1.330423990665072775e+00 -7.669193661079998016e+08 3.078374028648676276e+08
1.335411520254350393e+00 -7.922198650216286182e+08 3.102553283594468236e+08
1.340399049850209634e+00 -8.032127423022313118e+08 3.098191139443815947e+08
1.345386579452577447e+00 -7.998885716846971512e+08 3.062563962419781089e+08
1.350374109061381667e+00 -7.825270133478167057e+08 2.994439564275824428e+08
1.355361638676551461e+00 -7.516885888037203550e+08 2.894145095133924484e+08
1.360349168298016442e+00 -7.082007341819778681e+08 2.763662131881604195e+08
1.365336697925707776e+00 -6.531384436873595715e+08 2.606771766710315347e+08
1.370324227559557517e+00 -5.877999272203073502e+08 2.429278195218456388e+08
1.375311757199498608e+00 -5.136778090938813090e+08 2.239338552143745422e+08
1.380299286845465101e+00 -4.324264862997034192e+08 2.047890705947800279e+08
1.385286816497391715e+00 -3.458263429490180612e+08 1.869022929652690291e+08
1.390274346155214724e+00 -2.557455807324154377e+08 1.719733529528217316e+08
1.395261875818870623e+00 -1.641004722306825221e+08 1.617896118555381894e+08
1.400249405488297016e+00 -7.281487372455213964e+07 1.577314699517319798e+08
1.405236935163432621e+00 1.622015375407916494e+07 1.601443118409031034e+08
1.410224464844216596e+00 1.011857721880289167e+08 1.680967845222142339e+08
1.415211994530589656e+00 1.803730237126965523e+08 1.797930494077437222e+08
1.420199524222492293e+00 2.522179382995533049e+08 1.932279177339446545e+08
1.425187053919866997e+00 3.153333699316600561e+08 2.066128992075487673e+08
1.430174583622656481e+00 3.685369109298739433e+08 2.185123206789360046e+08
1.435162113330804123e+00 4.108743190662457943e+08 2.278306049725752771e+08
1.440149643044254413e+00 4.416379886220257282e+08 2.337599934631918371e+08
1.445137172762952060e+00 4.603801023746635914e+08 2.357320673478111625e+08
1.450124702486843331e+00 4.669202145482007265e+08 2.333821628563342392e+08
1.455112232215874490e+00 4.613471324222114682e+08 2.265246278702694178e+08
1.460099761949993358e+00 4.440150843593205214e+08 2.151349309277651012e+08
1.465087291689147531e+00 4.155342815946570635e+08 1.993352973582273722e+08
1.470074821433285939e+00 3.767560982401855588e+08 1.793815897507925928e+08
1.475062351182357734e+00 3.287532054824342132e+08 1.556500100689907670e+08
1.480049880936313622e+00 2.727951005809681416e+08 1.286228191532211304e+08
1.485037410695103866e+00 2.103195653325299323e+08 9.887269680842334032e+07
1.490024940458680058e+00 1.429006728600375652e+08 6.704566493421957642e+07
1.495012470226994683e+00 7.221402878973807395e+07 3.384272796631071717e+07
