# r [arcsec]	I [Jy/sr]	I_uncer [Jy/sr]
3.817853577942286001e-03 -5.623172707589972496e+09 6.481916273728319407e+08
8.763567027319327241e-03 -5.598906651591986656e+09 6.427119912680672407e+08
1.373848758764146562e-02 -5.554908719804416656e+09 6.329474381737368107e+08
1.872000728009374365e-02 -5.490590881465109825e+09 6.190502297085251808e+08
2.370403017919163122e-02 -5.405131449981129646e+09 6.012418090455421209e+08
2.868926438607016446e-02 -5.297483548775482178e+09 5.798080968817868233e+08
3.367517554121116780e-02 -5.166394987746004105e+09 5.550964259224183559e+08
3.866150302165524688e-02 -5.010432971118654251e+09 5.275125222903779149e+08
4.364810467787801074e-02 -4.828012793569332123e+09 4.975177575286934972e+08
4.863489642318288148e-02 -4.617430032053646088e+09 4.656271195509890318e+08
5.362182534931311806e-02 -4.376895746721529007e+09 4.324084753586291075e+08
5.860885650759287135e-02 -4.104574171078856945e+09 3.984837710999019146e+08
6.359596588733901212e-02 -3.798622336708037376e+09 3.645327276950613856e+08
6.858313644859315161e-02 -3.457231048589204311e+09 3.312990458273624182e+08
7.357035576433633428e-02 -3.078666605238966942e+09 2.995974664334412813e+08
7.855761455883611410e-02 -2.661312644293848515e+09 2.703159924077928662e+08
8.354490576851973660e-02 -2.203711489099146366e+09 2.443995894271468818e+08
8.853222391973845917e-02 -1.704604375499563456e+09 2.227903112378417850e+08
9.351956470533653865e-02 -1.162969950324077606e+09 2.062940170769408941e+08
9.850692468967806037e-02 -5.780604538808786869e+08 1.953718533659880757e+08
1.034943010988605139e-01 5.056497212160010636e+07 1.899331898310566545e+08
1.084816916687353777e-01 7.230103728298022747e+08 1.892737735601730645e+08
1.134690945329698275e-01 1.439016941923205614e+09 1.922364199445306063e+08
1.184565081393615799e-01 2.197941282775678635e+09 1.975011470646014512e+08
1.234439311864233557e-01 2.998738337927552223e+09 2.038391617016901672e+08
1.284313625747323662e-01 3.839949293095848560e+09 2.102472297563070059e+08
1.334188013691842700e-01 4.719694694947731972e+09 2.159789774500105977e+08
1.384062467694026355e-01 5.635672951299699783e+09 2.205223427555348873e+08
1.433936980863204647e-01 6.585164309318325996e+09 2.235601097617974281e+08
1.483811547234816508e-01 7.565040332678845406e+09 2.249312954303953648e+08
1.533686161619891020e-01 8.571778823546950340e+09 2.245991104719426334e+08
1.583560819482959792e-01 9.601484060713918686e+09 2.226258862203228176e+08
1.633435516842324520e-01 1.064991215233679008e+10 2.191536170448656082e+08
1.683310250188047585e-01 1.171250123145993996e+10 2.143884697105192840e+08
1.733185016414096891e-01 1.278440615591897774e+10 2.085877325951784253e+08
1.783059812761873808e-01 1.386053731218314171e+10 2.020478209477917552e+08
1.832934636772959591e-01 1.493560306615333176e+10 1.950920136796003580e+08
1.882809486249364950e-01 1.600415535362694550e+10 1.880566174802924693e+08
1.932684359219939418e-01 1.706063785982057381e+10 1.812743969036017656e+08
1.982559253911843622e-01 1.809943620159721375e+10 1.750546384594899118e+08
2.032434168726222901e-01 1.911492949837334824e+10 1.696604060582940280e+08
2.082309102217375085e-01 2.010154269847598267e+10 1.652854194356105924e+08
2.132184053074845376e-01 2.105379901722993469e+10 1.620349702733254433e+08
2.182059020107968983e-01 2.196637184139466095e+10 1.599161449959979951e+08
2.231934002232490444e-01 2.283413546179055023e+10 1.588411602307893038e+08
2.281808998458938198e-01 2.365221401184010696e+10 1.586439290193330646e+08
2.331684007882487975e-01 2.441602801414499664e+10 1.591058751653344333e+08
2.381559029674101546e-01 2.512133796965025711e+10 1.599847668010789752e+08
2.431434063072751561e-01 2.576428446398624802e+10 1.610408386139765084e+08
2.481309107378594780e-01 2.634142431257398605e+10 1.620567890956806540e+08
2.531184161946937738e-01 2.684976231933799744e+10 1.628507724179360569e+08
2.581059226182911837e-01 2.728677828262068176e+10 1.632832066794252694e+08
2.630934299536754062e-01 2.765044894518698883e+10 1.632589081303243935e+08
2.680809381499607014e-01 2.793926465223155975e+10 1.627260467825006545e+08
2.730684471599785779e-01 2.815224055093949127e+10 1.616730867315409482e+08
2.780559569399445041e-01 2.828892223648551941e+10 1.601244835743044317e+08
2.830434674491599245e-01 2.834938582132638168e+10 1.581355815207621753e+08
2.880309786497447511e-01 2.833423247618535233e+10 1.557869178371586502e+08
2.930184905063976664e-01 2.824457756128421021e+10 1.531780000057248175e+08
2.980060029861805737e-01 2.808203453411216354e+10 1.504205631758187413e+08
3.029935160583238640e-01 2.784869388443294907e+10 1.476313386242626309e+08
3.079810296940508341e-01 2.754709740740930176e+10 1.449244670870804489e+08
3.129685438664192021e-01 2.718020818089577103e+10 1.424038642532217503e+08
3.179560585501768344e-01 2.675137666236621857e+10 1.401560557347064912e+08
3.229435737216315716e-01 2.626430336399460602e+10 1.382441785031757951e+08
3.279310893585324904e-01 2.572299860058390427e+10 1.367039051111424863e+08
3.329186054399617678e-01 2.513173983388145447e+10 1.355419100200953484e+08
3.379061219462368704e-01 2.449502715812070465e+10 1.347371527379623950e+08
3.428936388588199047e-01 2.381753748509676743e+10 1.342447824083953202e+08
3.478811561602362934e-01 2.310407799278983307e+10 1.340020233034946173e+08
3.528686738339993356e-01 2.235953939941945648e+10 1.339351255487082005e+08
3.578561918645413176e-01 2.158884961516331482e+10 1.339664279099436849e+08
3.628437102371503964e-01 2.079692830675344086e+10 1.340207473947061151e+08
3.678312289379127020e-01 1.998864288628420639e+10 1.340305871858962476e+08
3.728187479536588800e-01 1.916876640521469116e+10 1.339399371743930876e+08
3.778062672719147974e-01 1.834193779840011597e+10 1.337066622368842810e+08
3.827937868808565791e-01 1.751262488156694412e+10 1.333036094288062602e+08
3.877813067692685856e-01 1.668509045981164932e+10 1.327186260019510537e+08
3.927688269265047216e-01 1.586336185508423615e+10 1.319536896050010920e+08
3.977563473424529095e-01 1.505120410811120605e+10 1.310233350374669135e+08
4.027438680075018929e-01 1.425209705559677315e+10 1.299525377431594580e+08
4.077313889125108171e-01 1.346921642768159103e+10 1.287741950683360249e+08
4.127189100487804740e-01 1.270541905433855438e+10 1.275263382456724048e+08
4.177064314080274343e-01 1.196323221349760056e+10 1.262492122270318866e+08
4.226939529823587338e-01 1.124484709899407578e+10 1.249823738856617063e+08
4.276814747642498915e-01 1.055211633366272736e+10 1.237619752178913206e+08
4.326689967465233155e-01 9.886555402783466339e+09 1.226184078985325396e+08
4.376565189223286523e-01 9.249347836238370895e+09 1.215744791548260301e+08
4.426440412851241901e-01 8.641353924749324799e+09 1.206442590358575433e+08
4.476315638286594845e-01 8.063122716917532921e+09 1.198326839737259150e+08
4.526190865469603142e-01 7.514907009904060364e+09 1.191359268445741534e+08
4.576066094343120838e-01 6.996681017797739029e+09 1.185424622335410267e+08
4.625941324852472225e-01 6.508160378262805939e+09 1.180346832390216142e+08
4.675816556945310287e-01 6.048824140088022232e+09 1.175908768817658126e+08
4.725691790571502904e-01 5.617938361850069046e+09 1.171873465220850110e+08
4.775567025683005173e-01 5.214580945048412323e+09 1.168004809739497453e+08
4.825442262233765600e-01 4.837667323629884720e+09 1.164086039057756364e+08
4.875317500179611185e-01 4.485976635679559708e+09 1.159934831058534533e+08
4.925192739478161941e-01 4.158178011915118217e+09 1.155414272116095126e+08
4.975067980088735964e-01 3.852856629198407650e+09 1.150439403974243701e+08
5.024943221972267837e-01 3.568539195198953629e+09 1.144979397955250591e+08
5.074818465091224251e-01 3.303718552185843468e+09 1.139055657358504832e+08
5.124693709409537945e-01 3.056877113230339050e+09 1.132736328483909667e+08
5.174568954892526662e-01 2.826508872394577026e+09 1.126127830285276026e+08
5.224444201506837082e-01 2.611139761218713284e+09 1.119364113299244195e+08
5.274319449220377098e-01 2.409346156505764008e+09 1.112594442525553703e+08
5.324194698002251425e-01 2.219771378484335423e+09 1.105970567055878341e+08
5.374069947822720517e-01 2.041140053375229597e+09 1.099634180944577605e+08
5.423945198653131738e-01 1.872270249680429935e+09 1.093705576849441230e+08
5.473820450465878285e-01 1.712083332653926849e+09 1.088274326706643999e+08
5.523695703234354770e-01 1.559611515893577576e+09 1.083392678870669156e+08
5.573570956932899501e-01 1.414003122400706291e+09 1.079072139190385342e+08
5.623446211536771155e-01 1.274525599330899000e+09 1.075283422372463793e+08
5.673321467022091058e-01 1.140566360649291039e+09 1.071959653633639663e+08
5.723196723365815419e-01 1.011631559663511753e+09 1.069002411660099626e+08
5.773071980545696480e-01 8.873429186363686323e+08 1.066289972846563607e+08
5.822947238540248094e-01 7.674327651410152912e+08 1.063686971944686174e+08
5.872822497328716862e-01 6.517374443038016558e+08 1.061054645600172728e+08
5.922697756891045495e-01 5.401892924445923567e+08 1.058260864315691441e+08
5.972573017207846169e-01 4.328073707502878904e+08 1.055189263348844796e+08
6.022448278260374988e-01 3.296871674645264745e+08 1.051746926425424069e+08
6.072323540030505340e-01 2.309894836181457937e+08 1.047870232064595819e+08
6.122198802500696813e-01 1.369287206027273536e+08 1.043528621481370330e+08
6.172074065653979646e-01 4.776078796543398499e+07 1.038726178782765716e+08
6.221949329473926982e-01 -3.622915319671294093e+07 1.033501025828028619e+08
6.271824593944635984e-01 -1.147389018155424744e+08 1.027922628895274848e+08
6.321699859050702308e-01 -1.874611826742524207e+08 1.022087198493419141e+08
6.371575124777206778e-01 -2.540951770083594024e+08 1.016111443801905662e+08
6.421450391109693179e-01 -3.143574419861521721e+08 1.010125023568803370e+08
6.471325658034148276e-01 -3.679920588223652244e+08 1.004262115821351707e+08
6.521200925536991821e-01 -4.147798666961926222e+08 9.986526040555337071e+07
6.571076193605055460e-01 -4.545466585941388607e+08 9.934134369339790940e+07
6.620951462225563855e-01 -4.871702353249679804e+08 9.886407476206448674e+07
6.670826731386124697e-01 -5.125862350067518950e+08 9.844033030676202476e+07
6.720702001074717602e-01 -5.307926769475018978e+08 9.807377824677544832e+07
6.770577271279670795e-01 -5.418531807628762722e+08 9.776462559009338915e+07
6.820452541989658890e-01 -5.458988434588249922e+08 9.750960585412591696e+07
6.870327813193682909e-01 -5.431287787818045616e+08 9.730220531050284207e+07
6.920203084881060285e-01 -5.338093440954448581e+08 9.713310709420450032e+07
6.970078357041413764e-01 -5.182721001175985336e+08 9.699081482310305536e+07
7.019953629664664740e-01 -4.969105677815449238e+08 9.686240499094393849e+07
7.069828902741016607e-01 -4.701758640273721814e+08 9.673435111436368525e+07
7.119704176260943651e-01 -4.385713142714843154e+08 9.659336232059285045e+07
7.169579450215193273e-01 -4.026461534373672605e+08 9.642718365542151034e+07
7.219454724594762673e-01 -3.629884396026906967e+08 9.622531322363783419e+07
7.269329999390895525e-01 -3.202173143743935227e+08 9.597960062337258458e+07
7.319205274595077526e-01 -2.749747519349703789e+08 9.568470058619397879e+07
7.369080550199024193e-01 -2.279169442313359380e+08 9.533836438042940199e+07
7.418955826194673087e-01 -1.797054729504748583e+08 9.494155902735677361e+07
7.468831102574174929e-01 -1.309984197217149436e+08 9.449841084380929172e+07
7.518706379329892497e-01 -8.244156442974503338e+07 9.401597571901862323e+07
7.568581656454390627e-01 -3.465981765472687781e+07 9.350384447333677113e+07
7.618456933940425113e-01 1.175097283804851957e+07 9.297359822286461294e+07
7.668332211780939378e-01 5.623170984722105414e+07 9.243813627127771080e+07
7.718207489969062252e-01 9.826710718860994279e+07 9.191090767159616947e+07
7.768082768498100199e-01 1.373920133033692837e+08 9.140508672750739753e+07
7.817958047361527329e-01 1.731969020508288443e+08 9.093274124321565032e+07
7.867833326552983175e-01 2.053324496823222041e+08 9.050404869564621150e+07
7.917708606066273802e-01 2.335131330905468166e+08 9.012661788972091675e+07
7.967583885895350715e-01 2.575198014079347551e+08 8.980497049047702551e+07
8.017459166034320850e-01 2.772011906071823239e+08 8.954022728440053761e+07
8.067334446477437693e-01 2.924743686579218507e+08 8.933002846565519273e+07
8.117209727219093507e-01 3.033241167197093964e+08 8.916869734722149372e+07
8.167085008253823775e-01 3.098012695243373513e+08 8.904763538415636122e+07
8.216960289576287213e-01 3.120200552156789899e+08 8.895591640249027312e+07
8.266835571181275766e-01 3.101544912151025534e+08 8.888103222348630428e+07
8.316710853063710163e-01 3.044339078817293644e+08 8.880973220539836586e+07
8.366586135218624376e-01 2.951376856003764272e+08 8.872889601765131950e+07
8.416461417641176723e-01 2.825893032308036685e+08 8.862638142493863404e+07
8.466336700326639875e-01 2.671498063830893636e+08 8.849179541209812462e+07
8.516211983270388641e-01 2.492108125812011063e+08 8.831714580314691365e+07
8.566087266467917738e-01 2.291871768977762461e+08 8.809734002562624216e+07
8.615962549914814028e-01 2.075094459897398949e+08 8.783050678908263147e+07
8.665837833606774288e-01 1.846162305644250810e+08 8.751812475655943155e+07
8.715713117539596322e-01 1.609466261415827274e+08 8.716494994513501227e+07
8.765588401709160093e-01 1.369328095594946444e+08 8.677874116177363694e+07
8.815463686111453256e-01 1.129929340473091006e+08 8.636979102417282760e+07
8.865338970742548952e-01 8.952443896446023881e+07 8.595027972812651098e+07
8.915214255598600257e-01 6.689788159500169754e+07 8.553348005108450353e+07
8.965089540675857949e-01 4.545138787256415188e+07 8.513285485716542602e+07
9.014964825970653850e-01 2.548580677328521386e+07 8.476110150037388504e+07
9.064840111479389728e-01 7.260639600086969323e+06 8.442920906085312366e+07
9.114715397198557278e-01 -9.009199278258929029e+06 8.414560172569166124e+07
9.164590683124720361e-01 -2.315574918196541816e+07 8.391544221454760432e+07
9.214465969254520550e-01 -3.505947241680669039e+07 8.374016106456109881e+07
9.264341255584663815e-01 -4.464981752800306678e+07 8.361726048347741365e+07
9.314216542111933839e-01 -5.190488428063476831e+07 8.354041700212673843e+07
9.364091828833184250e-01 -5.685021416231416166e+07 8.349987878655228019e+07
9.413967115745327519e-01 -5.955674562259452045e+07 8.348312569182732701e+07
9.463842402845346058e-01 -6.013798778066709638e+07 8.347573723591743410e+07
9.513717690130290006e-01 -5.874647970748595148e+07 8.346239858969211578e+07
9.563592977597260569e-01 -5.556961436079885811e+07 8.342796840222714841e+07
9.613468265243425570e-01 -5.082491662482500076e+07 8.335853388758055866e+07
9.663343553066010561e-01 -4.475487350465181470e+07 8.324238587359495461e+07
9.713218841062303266e-01 -3.762142118594676256e+07 8.307085679436211288e+07
9.763094129229632490e-01 -2.970019831382225826e+07 8.283897555693608522e+07
9.812969417565396979e-01 -2.127467737839057669e+07 8.254590331750750542e+07
9.862844706067037670e-01 -1.263028651213924773e+07 8.219512295955322683e+07
9.912719994732055451e-01 -4.048632306302199140e+06 8.179436294401830435e+07
9.962595283557990067e-01 4.198069496682577766e+06 8.135524442604352534e+07
1.001247057254244233e+00 1.185225428965145350e+07 8.089265078164738417e+07
1.006234586168305301e+00 1.867586626443206146e+07 8.042383266137661040e+07
1.011222115097751173e+00 2.445472906054745615e+07 7.996728054005044699e+07
1.016209644042354920e+00 2.900235568519426137e+07 7.954142038070259988e+07
1.021197173001895608e+00 3.216313591881901026e+07 7.916321449159973860e+07
1.026184701976153857e+00 3.381485235505971313e+07 7.884677470385836065e+07
1.031172230964917613e+00 3.387048989747698605e+07 7.860211257006920874e+07
1.036159759967976379e+00 3.227931768216922507e+07 7.843415488852728903e+07
1.041147288985125208e+00 2.902723673636911064e+07 7.834213781037428975e+07
1.046134818016162260e+00 2.413640092468483746e+07 7.831945850964982808e+07
1.051122347060890139e+00 1.766413262804344296e+07 7.835401457772095501e+07
1.056109876119114777e+00 9.701167845234692097e+06 7.842900704290941358e+07
1.061097405190645881e+00 3.692777885598645662e+05 7.852413393490390480e+07
1.066084934275296714e+00 -1.018167469257294759e+07 7.861706640700173378e+07
1.071072463372883643e+00 -2.177717557917620614e+07 7.868508282467269897e+07
1.076059992483227479e+00 -3.422192029905191809e+07 7.870673692017766833e+07
1.081047521606151030e+00 -4.730401093469715863e+07 7.866344915574665368e+07
1.086035050741481101e+00 -6.079940139508488029e+07 7.854092925738105178e+07
1.091022579889048050e+00 -7.447649867899124324e+07 7.833035647106365860e+07
1.096010109048684011e+00 -8.810082697882111371e+07 7.802925840854166448e+07
1.100997638220225783e+00 -1.014396618529035449e+08 7.764203782053591311e+07
1.105985167403511937e+00 -1.142665440081094503e+08 7.718010010765297711e+07
1.110972696598383935e+00 -1.263655862929048687e+08 7.666153586484222114e+07
1.115960225804686790e+00 -1.375354932147648335e+08 7.611031716151736677e+07
1.120947755022267955e+00 -1.475932195088488758e+08 7.555497995454852283e+07
1.125935284250977553e+00 -1.563772028418993354e+08 7.502679479939715564e+07
1.130922813490668366e+00 -1.637501154403485954e+08 7.455747888330413401e+07
1.135910342741195622e+00 -1.696010900609085858e+08 7.417657413147948682e+07
1.140897872002417213e+00 -1.738473870696605742e+08 7.390869945250381529e+07
1.145885401274193693e+00 -1.764354811891623437e+08 7.377096001045499742e+07
1.150872930556387619e+00 -1.773415584973326325e+08 7.377083536159794033e+07
1.155860459848864208e+00 -1.765714262441748381e+08 7.390484683118222654e+07
1.160847989151490678e+00 -1.741598497619888783e+08 7.415821436513391137e+07
1.165835518464137355e+00 -1.701693419463276863e+08 7.450557097750975192e+07
1.170823047786675675e+00 -1.646884412501953840e+08 7.491264689883893728e+07
1.175810577118979738e+00 -1.578295236691228151e+08 7.533870909009142220e+07
1.180798106460926311e+00 -1.497262026183513701e+08 7.573947472207599878e+07
1.185785635812393490e+00 -1.405303777508200705e+08 7.607021500646895170e+07
1.190773165173261150e+00 -1.304089995343719572e+08 7.628881223918768764e+07
1.195760694543412272e+00 -1.195406206710578501e+08 7.635860180683352053e+07
1.200748223922731173e+00 -1.081118081741189808e+08 7.625089776530116796e+07
1.205735753311103498e+00 -9.631349106073544919e+07 7.594714934295220673e+07
1.210723282708418003e+00 -8.433731820280349255e+07 7.544069913661165535e+07
1.215710812114564332e+00 -7.237209891066196561e+07 7.473811062529551983e+07
1.220698341529434350e+00 -6.060039542085671425e+07 7.386000448841278255e+07
1.225685870952921253e+00 -4.919533166182824224e+07 7.284129311628513038e+07
1.230673400384920457e+00 -3.831767666611362994e+07 7.173063678627197444e+07
1.235660929825329379e+00 -2.811325388719781488e+07 7.058887752268740535e+07
1.240648459274045878e+00 -1.871071967086328566e+07 6.948616749922394753e+07
1.245635988730970478e+00 -1.021974538291079365e+07 6.849754870830419660e+07
1.250623518196004813e+00 -2.729628441390379798e+06 6.769692377353568375e+07
1.255611047669052738e+00 3.691652091605475172e+06 6.714972756940944493e+07
1.260598577150018551e+00 8.997929378107907251e+06 6.690512461583052576e+07
1.265586106638808772e+00 1.316489574453314021e+07 6.698903799319387972e+07
1.270573636135331475e+00 1.618971557331570052e+07 6.739947860650822520e+07
1.275561165639495398e+00 1.809022580871291459e+07 6.810527585391186178e+07
1.280548695151212168e+00 1.890375382654454932e+07 6.904847696042114496e+07
1.285536224670393413e+00 1.868558968576432019e+07 7.014975010083012283e+07
1.290523754196952311e+00 1.750715604738489166e+07 7.131552625783775747e+07
1.295511283730804264e+00 1.545392424307883717e+07 7.244554341777847707e+07
1.300498813271864673e+00 1.262312896844371036e+07 7.343979885154251754e+07
1.305486342820051382e+00 9.121336839649161324e+06 7.420440323964595795e+07
1.310473872375283122e+00 5.061925530518419109e+06 7.465624424292084575e+07
1.315461401937479291e+00 5.625304069954574807e+05 7.472661848024150729e+07
1.320448931506561285e+00 -4.257485489379740320e+06 7.436409471002700925e+07
1.325436461082451389e+00 -9.279484513362297788e+06 7.353688247184273601e+07
1.330423990665072775e+00 -1.438788035891096853e+07 7.223495019747890532e+07
1.335411520254350393e+00 -1.947229109822137654e+07 7.047209346449045837e+07
1.340399049850209634e+00 -2.442947889027235657e+07 6.828810094772708416e+07
1.345386579452577447e+00 -2.916504201929511502e+07 6.575107840286161751e+07
1.350374109061381667e+00 -3.359483164967997372e+07 6.295980848606215417e+07
1.355361638676551461e+00 -3.764607283354433626e+07 6.004563374734383821e+07
1.360349168298016442e+00 -4.125817675842917711e+07 5.717259257427677512e+07
1.365336697925707776e+00 -4.438323874521229416e+07 5.453331633400485665e+07
1.370324227559557517e+00 -4.698622398657795042e+07 5.233685522564019263e+07
1.375311757199498608e+00 -4.904485021873322874e+07 5.078461334417279810e+07
1.380299286845465101e+00 -5.054918335236137360e+07 5.003461219018270820e+07
1.385286816497391715e+00 -5.150096832597929239e+07 5.016333841703114659e+07
1.390274346155214724e+00 -5.191272304312320799e+07 5.114237284065621346e+07
1.395261875818870623e+00 -5.180662798877564073e+07 5.284296205615495890e+07
1.400249405488297016e+00 -5.121324802544442564e+07 5.506540353423660994e+07
1.405236935163432621e+00 -5.017012571688779444e+07 5.757702809999984503e+07
1.410224464844216596e+00 -4.872028744872273505e+07 6.014372726634342223e+07
1.415211994530589656e+00 -4.691070438160213828e+07 6.254941522506486624e+07
1.420199524222492293e+00 -4.479075010864069313e+07 6.460518766554114968e+07
1.425187053919866997e+00 -4.241069557039783150e+07 6.615218259268105775e+07
1.430174583622656481e+00 -3.982027963631110638e+07 6.706142206518114358e+07
1.435162113330804123e+00 -3.706739053837801516e+07 6.723254919844016433e+07
1.440149643044254413e+00 -3.419688951289359480e+07 6.659234424695059657e+07
1.445137172762952060e+00 -3.124960321850508824e+07 6.509332329772536457e+07
1.450124702486843331e+00 -2.826150644404544681e+07 6.271245320894461125e+07
1.455112232215874490e+00 -2.526311072936211154e+07 5.944991446792779118e+07
1.460099761949993358e+00 -2.227906883179514855e+07 5.532782143668726832e+07
1.465087291689147531e+00 -1.932799848663078994e+07 5.038881931000885367e+07
1.470074821433285939e+00 -1.642252330383368209e+07 4.469449889877849072e+07
1.475062351182357734e+00 -1.356952197419947572e+07 3.832359280274473876e+07
1.480049880936313622e+00 -1.077057236819202453e+07 3.136993924282902852e+07
1.485037410695103866e+00 -8.022570192397201434e+06 2.394021801991121843e+07
1.490024940458680058e+00 -5.318500290759235620e+06 1.615149130405661091e+07
1.495012470226994683e+00 -2.648327076513039880e+06 8.128698599290975370e+06
