# r [arcsec]	I [Jy/sr]	I_uncer [Jy/sr]
1.272617859314095550e-03 -8.298591171295119524e+08 3.640533978563074112e+09
2.921189009106442414e-03 -6.872951054419943094e+08 3.629241624173874378e+09
4.579495862547155495e-03 -4.313702529965255260e+08 3.609037245453636646e+09
6.240002426697914550e-03 -6.298264404049239308e+07 3.580029829343448162e+09
7.901343393063876494e-03 4.165005092740323544e+08 3.542397931979016781e+09
9.563088128690054243e-03 1.005293485053219795e+09 3.496376549139964104e+09
1.122505851373705593e-02 1.701203905633356810e+09 3.442254377021591663e+09
1.288716767388508287e-02 2.501642895534717560e+09 3.380372066136008739e+09
1.454936822595933807e-02 3.403636343939707279e+09 3.311120528013392448e+09
1.621163214106096165e-02 4.403837654006500244e+09 3.234939172918381214e+09
1.787394178310437384e-02 5.498542013794244766e+09 3.152314085330562592e+09
1.953628550253095827e-02 6.683702146382192612e+09 3.063776178580909729e+09
2.119865529577967186e-02 7.954945471552412987e+09 2.969899385016968727e+09
2.286104548286438387e-02 9.307592598949899673e+09 2.871298946577922821e+09
2.452345192144544592e-02 1.073667706441007042e+10 2.768629875385872364e+09
2.618587151961204035e-02 1.223696621449421883e+10 2.662585654422935009e+09
2.784830192283991451e-02 1.380298313866697502e+10 2.553897242289579868e+09
2.951074130657948408e-02 1.542902954360846329e+10 2.443332429021555901e+09
3.117318823511218417e-02 1.710920945989982224e+10 2.331695554910560131e+09
3.283564156322602012e-02 1.883745366766687012e+10 2.219827540184461594e+09
3.449810036628684490e-02 2.060754472474948883e+10 2.108606064139439106e+09
3.616056388957845924e-02 2.241314247854804993e+10 1.998945555600727081e+09
3.782303151098994481e-02 2.424780994098743439e+10 1.891796384806474924e+09
3.948550271312052662e-02 2.610503940485666656e+10 1.788142252170370340e+09
4.114797706214112089e-02 2.797827867938459015e+10 1.688994238684425354e+09
4.281045419157746001e-02 2.986095732301042175e+10 1.595379348969033718e+09
4.447293378972808769e-02 3.174651275217532349e+10 1.508320775195221424e+09
4.613541558980088775e-02 3.362841610636155319e+10 1.428806845460807085e+09
4.779789936210682849e-02 3.550019775168719482e+10 1.357746221331925392e+09
4.946038490782722619e-02 3.735547230801209259e+10 1.295909042540141106e+09
5.112287205399637657e-02 3.918796308778212738e+10 1.243857827189130545e+09
5.278536064943199074e-02 4.099152583861639404e+10 1.201877567622761726e+09
5.444785056141081270e-02 4.276017168605247498e+10 1.169919624860830784e+09
5.611034167293492414e-02 4.448808917765404510e+10 1.147575480239189863e+09
5.777283388046990098e-02 4.616966533511849976e+10 1.134091549348889589e+09
5.943532709206246489e-02 4.779950562673628235e+10 1.128425706315114021e+09
6.109782122576532665e-02 4.937245277881499481e+10 1.129334408854650021e+09
6.276031620831216962e-02 5.088360435123461914e+10 1.135472035848711967e+09
6.442281197399798987e-02 5.232832900921408844e+10 1.145484085588573456e+09
6.608530846372812073e-02 5.370228143058976746e+10 1.158081700961590052e+09
6.774780562420743002e-02 5.500141579533145142e+10 1.172092652854901314e+09
6.941030340724584080e-02 5.622199781171318817e+10 1.186490069193491697e+09
7.107280176916151715e-02 5.736061524134951782e+10 1.200403519256979942e+09
7.273530067026563739e-02 5.841418689323245239e+10 1.213117901482591152e+09
7.439780007441634813e-02 5.937997006495253754e+10 1.224064944286930561e+09
7.606029994863128252e-02 6.025556641722920990e+10 1.232810928808059692e+09
7.772280026274960840e-02 6.103892627596168518e+10 1.239043039996186018e+09
7.938530098913672284e-02 6.172835136387125397e+10 1.242555788270709038e+09
8.104780210242505667e-02 6.232249597167361450e+10 1.243238263490280867e+09
8.271030357928650656e-02 6.282036658636345673e+10 1.241062544453865528e+09
8.437280539823126257e-02 6.322132000166150665e+10 1.236073325395244122e+09
8.603530753943039455e-02 6.352505994294689178e+10 1.228378676216137171e+09
8.769780998455847798e-02 6.373163224589123535e+10 1.218141780274543524e+09
8.936031271665356712e-02 6.384141863475398254e+10 1.205573461513571978e+09
9.102281571999285004e-02 6.385512915255718231e+10 1.190925302133048773e+09
9.268531897998151525e-02 6.377379330130685425e+10 1.174483151634394407e+09
9.434782248305331742e-02 6.359874995601668549e+10 1.156560832412226439e+09
9.601032621658157906e-02 6.333163612136486816e+10 1.137493854664814949e+09
9.767283016879922675e-02 6.297437460452338409e+10 1.117632965795637846e+09
9.933533432872686253e-02 6.252916068190184021e+10 1.097337380550473452e+09
1.009978386861079547e-01 6.199844784127284241e+10 1.076967573348527908e+09
1.026603432313502873e-01 6.138493268400093079e+10 1.056877569690644383e+09
1.043228479554730720e-01 6.069153907480423737e+10 1.037406754158800840e+09
1.059853528500589448e-01 5.992140162872713470e+10 1.018871319811970472e+09
1.076478579072105424e-01 5.907784862667558289e+10 1.001555612765929699e+09
1.093103631195108394e-01 5.816438445210684204e+10 9.857037624352345467e+08
1.109728684799872744e-01 5.718467164207046509e+10 9.715121086157699823e+08
1.126353739820789568e-01 5.614251264605683136e+10 9.591230106743378639e+08
1.142978796196066349e-01 5.504183138568789673e+10 9.486206211704033613e+08
1.159603853867454265e-01 5.388665470755226135e+10 9.400291064794847965e+08
1.176228912779997832e-01 5.268109382010591125e+10 9.333136014244651794e+08
1.192853972881804531e-01 5.142932580389051819e+10 9.283839202206432819e+08
1.209479034123834701e-01 5.013557528205574036e+10 9.251007603648667336e+08
1.226104096459709192e-01 4.880409633560466003e+10 9.232838859281849861e+08
1.242729159845529646e-01 4.743915474471682739e+10 9.227216096632750034e+08
1.259354224239715991e-01 4.604501063418353271e+10 9.231808342688529491e+08
1.275979289602855449e-01 4.462590159715998840e+10 9.244169591923376322e+08
1.292604355897561952e-01 4.318602636746725464e+10 9.261830849311263561e+08
1.309229423088349165e-01 4.172952910625944519e+10 9.282381149112199545e+08
1.325854491141509606e-01 4.026048436429425049e+10 9.303535293243293762e+08
1.342479560025006402e-01 3.878288277615807343e+10 9.323187584697688818e+08
1.359104629708369483e-01 3.730061753779589844e+10 9.339452001478615999e+08
1.375729700162601765e-01 3.581747171342832184e+10 9.350690026233638525e+08
1.392354771360091448e-01 3.433710641259677505e+10 9.355527755314267874e+08
1.408979843274529020e-01 3.286304987262532425e+10 9.352864037181178331e+08
1.425604915880832879e-01 3.139868747623015213e+10 9.341871322127823830e+08
1.442229989155077718e-01 2.994725272843601608e+10 9.321990721824575663e+08
1.458855063074428748e-01 2.851181921136751556e+10 9.292922539407613277e+08
1.475480137617080634e-01 2.709529352991780472e+10 9.254613280777159929e+08
1.492105212762198374e-01 2.570040925576842499e+10 9.207239921617200375e+08
1.508730288489867621e-01 2.432972187180088425e+10 9.151191996519343853e+08
1.525355364781040279e-01 2.298560471360617447e+10 9.087051902779831886e+08
1.541980441617490649e-01 2.167024589961803055e+10 9.015573673891161680e+08
1.558605518981770188e-01 2.038564623633767700e+10 8.937660376216305494e+08
1.575230596857167542e-01 1.913361808028097534e+10 8.854340216369622946e+08
1.591855675227668576e-01 1.791578513366543961e+10 8.766741416147069931e+08
1.608480754077921959e-01 1.673358314639699936e+10 8.676065916795556545e+08
1.625105833393203636e-01 1.558826149280907059e+10 8.583562015357742310e+08
1.641730913159387406e-01 1.448088558769090080e+10 8.490496112412376404e+08
1.658355993362912173e-01 1.341234010254683685e+10 8.398123860293287039e+08
1.674981073990755853e-01 1.238333293973116875e+10 8.307661137878681421e+08
1.691606155030408176e-01 1.139439991910536385e+10 8.220255431592705250e+08
1.708231236469845982e-01 1.044591012919750786e+10 8.136958356235707998e+08
1.724856318297508795e-01 9.538071892520032883e+09 8.058700182310370207e+08
1.741481400502279120e-01 8.670939292685894012e+09 7.986267324254878759e+08
1.758106483073458848e-01 7.844419209321888924e+09 7.920283762293543816e+08
1.774731566000750660e-01 7.058278805467285156e+09 7.861197300528951883e+08
1.791356649274240265e-01 6.312153411181393623e+09 7.809271396735030413e+08
1.807981732884377246e-01 5.605554746459343910e+09 7.764583040700067282e+08
1.824606816821959798e-01 4.937879426300344467e+09 7.727026829125691652e+08
1.841231901078118072e-01 4.308417690805197716e+09 7.696325020871152878e+08
1.857856985644300296e-01 3.716362303596279144e+09 7.672042999349888563e+08
1.874482070512257237e-01 3.160817562551982403e+09 7.653609261883345842e+08
1.891107155674030538e-01 2.640808367870806217e+09 7.640338833275085688e+08
1.907732241121938566e-01 2.155289293808238983e+09 7.631458883197875023e+08
1.924357326848565586e-01 1.703153612029708862e+09 7.626135317671264410e+08
1.940982412846749550e-01 1.283242216406499147e+09 7.623499201927611828e+08
1.957607499109572380e-01 8.943524012029488087e+08 7.622672032092932463e+08
1.974232585630348313e-01 5.352464469827640653e+08 7.622789077537566423e+08
1.990857672402615297e-01 2.046599711331089437e+08 7.623020235998029709e+08
2.007482759420124996e-01 -9.868999729975022376e+07 7.622588055512932539e+08
2.024107846676835298e-01 -3.760972558231236339e+08 7.620782763644618988e+08
2.040732934166899215e-01 -6.288590139879609346e+08 7.616974295444041491e+08
2.057358021884660160e-01 -8.582688571589833498e+08 7.610621423906502724e+08
2.073983109824642512e-01 -1.065610116179274201e+09 7.601278171726982594e+08
2.090608197981545235e-01 -1.252149667125915527e+09 7.588597725945650339e+08
2.107233286350234380e-01 -1.419132181811613321e+09 7.572334093833065033e+08
2.123858374925735870e-01 -1.567774846159260273e+09 7.552341735911653042e+08
2.140483463703231337e-01 -1.699262559972586393e+09 7.528573396695343256e+08
2.157108552678049240e-01 -1.814743628089565754e+09 7.501076331064698696e+08
2.173733641845664311e-01 -1.915325949325005770e+09 7.469987098698211908e+08
2.190358731201685061e-01 -2.002073706152420521e+09 7.435525074314323664e+08
2.206983820741854618e-01 -2.076004554613462925e+09 7.397984800361210108e+08
2.223608910462041566e-01 -2.138087310643208504e+09 7.357727293357217312e+08
2.240234000358239386e-01 -2.189240125753128052e+09 7.315170406901243925e+08
2.256859090426557024e-01 -2.230329141937992096e+09 7.270778354370323420e+08
2.273484180663219723e-01 -2.262167612719031334e+09 7.225050503188494444e+08
2.290109271064561247e-01 -2.285515474463828564e+09 7.178509570044268370e+08
2.306734361627020280e-01 -2.301079349522932053e+09 7.131689372006038427e+08
2.323359452347137921e-01 -2.309512960317777634e+09 7.085122320447269678e+08
2.339984543221555469e-01 -2.311417931319920063e+09 7.039326880699765682e+08
2.356609634247005536e-01 -2.307344953881980419e+09 6.994795256944725513e+08
2.373234725420314828e-01 -2.297795287131370544e+09 6.951981594894069433e+08
2.389859816738397480e-01 -2.283222566617585659e+09 6.911291019546806812e+08
2.406484908198254224e-01 -2.264034891133835793e+09 6.873069836916629076e+08
2.423109999796965175e-01 -2.240597157104641914e+09 6.837597222963416576e+08
2.439735091531692601e-01 -2.213233609148640633e+09 6.805078696937451363e+08
2.456360183399674824e-01 -2.182230574892091274e+09 6.775641629005872011e+08
2.472985275398224547e-01 -2.147839351838116646e+09 6.749332964605154991e+08
2.489610367524725254e-01 -2.110279214038793087e+09 6.726119264257137775e+08
2.506235459776631203e-01 -2.069740506541468382e+09 6.705889063578376770e+08
2.522860552151463542e-01 -2.026387796003309727e+09 6.688457461344614029e+08
2.539485644646808371e-01 -1.980363046545251846e+09 6.673572751781494617e+08
2.556110737260313126e-01 -1.931788790789825201e+09 6.660924838052189350e+08
2.572735829989687417e-01 -1.880771267129964590e+09 6.650155103104337454e+08
2.589360922832700251e-01 -1.827403495548727036e+09 6.640867375049201250e+08
2.605986015787175591e-01 -1.771768265792355061e+09 6.632639608066314459e+08
2.622611108850994577e-01 -1.713941013318475008e+09 6.625035904940946102e+08
2.639236202022091082e-01 -1.653992560240694046e+09 6.617618530273514986e+08
2.655861295298450053e-01 -1.591991700403656483e+09 6.609959599463713169e+08
2.672486388678106950e-01 -1.528007609765041351e+09 6.601652172590041161e+08
2.689111482159146083e-01 -1.462112065394413948e+09 6.592320529257538319e+08
2.705736575739698391e-01 -1.394381458625583649e+09 6.581629446178940535e+08
2.722361669417941443e-01 -1.324898590166686535e+09 6.569292340342110395e+08
2.738986763192096108e-01 -1.253754237309675694e+09 6.555078175128725767e+08
2.755611857060425440e-01 -1.181048485715053320e+09 6.538817053566241264e+08
2.772236951021236906e-01 -1.106891820603972673e+09 6.520404442093313932e+08
2.788862045072874607e-01 -1.031405974525897622e+09 6.499803980526168346e+08
2.805487139213725944e-01 -9.547245311708863974e+08 6.477048840766133070e+08
2.822112233442213292e-01 -8.769932869456057549e+08 6.452241600022480488e+08
2.838737327756796214e-01 -7.983703742223728895e+08 6.425552596249061823e+08
2.855362422155972579e-01 -7.190261522566092014e+08 6.397216736454840899e+08
2.871987516638271343e-01 -6.391428737792572975e+08 6.367528735324949026e+08
2.888612611202258651e-01 -5.589141371407072544e+08 6.336836774700216055e+08
2.905237705846532292e-01 -4.785441356506023407e+08 6.305534596506180763e+08
2.921862800569720031e-01 -3.982467173546398282e+08 6.274052074803243876e+08
2.938487895370484604e-01 -3.182442699724353552e+08 6.242844358085846901e+08
2.955112990247516502e-01 -2.387664470030808747e+08 6.212379731145467758e+08
2.971738085199533974e-01 -1.600487521585628688e+08 6.183126415288944244e+08
2.988363180225286353e-01 -8.233100022494508326e+07 6.155538603252552748e+08
3.004988275323551283e-01 -5.855673253199539147e+06 6.130042105257247686e+08
3.021613370493130279e-01 6.913380844017566741e+07 6.107020057789288759e+08
3.038238465732852611e-01 1.423948805495571196e+08 6.086799207686572075e+08
3.054863561041573639e-01 2.136876742074247599e+08 6.069637321463323832e+08
3.071488656418173702e-01 2.827768803688541651e+08 6.055712274677389860e+08
3.088113751861554790e-01 3.494336191071201563e+08 6.045113342497792244e+08
3.104738847370644983e-01 4.134372940646609664e+08 6.037835138380938768e+08
3.121363942944395120e-01 4.745774127891091108e+08 6.033774535998109579e+08
3.137989038581776025e-01 5.326553543032937646e+08 6.032730768580726385e+08
3.154614134281782389e-01 5.874860660648088455e+08 6.034408742266014814e+08
3.171239230043430002e-01 6.388996733770186901e+08 6.038425440977386236e+08
3.187864325865753523e-01 6.867429853938210011e+08 6.044319155137563944e+08
3.204489421747808708e-01 7.308808830352100134e+08 6.051561147980511189e+08
3.221114517688670742e-01 7.711975754149634838e+08 6.059569290299888849e+08
3.237739613687434237e-01 8.075977127785012722e+08 6.067723150756241083e+08
3.254364709743211015e-01 8.400073454027054310e+08 6.075380022904005051e+08
3.270989805855132326e-01 8.683747194507579803e+08 6.081891396365103722e+08
3.287614902022346075e-01 8.926709023541126251e+08 6.086619429586839676e+08
3.304239998244018484e-01 9.128902319183537960e+08 6.088953046005084515e+08
3.320865094519330207e-01 9.290505849975060225e+08 6.088323344966921806e+08
3.337490190847480775e-01 9.411934632300382853e+08 6.084218085517706871e+08
3.354115287227684150e-01 9.493838949841401577e+08 6.076195059148371220e+08
3.370740383659170392e-01 9.537101542829085588e+08 6.063894212663989067e+08
3.387365480141183438e-01 9.542832990815414190e+08 6.047048412100310326e+08
3.403990576672984991e-01 9.512365328041043282e+08 6.025492752209560871e+08
3.420615673253846745e-01 9.447243945568672419e+08 5.999172313519322872e+08
3.437240769883058711e-01 9.349217848331971169e+08 5.968148251176677942e+08
3.453865866559921449e-01 9.220228348747413158e+08 5.932602068327174187e+08
3.470490963283750507e-01 9.062396291008557081e+08 5.892837883779562712e+08
3.487116060053874755e-01 8.878007911526392698e+08 5.849282452456314564e+08
3.503741156869634166e-01 8.669499451533626318e+08 5.802482642392725945e+08
3.520366253730383144e-01 8.439440646950674057e+08 5.753100020747320652e+08
3.536991350635486642e-01 8.190517228717700243e+08 5.701902163271697760e+08
3.553616447584322380e-01 7.925512573638114929e+08 5.649750290178102255e+08
3.570241544576279180e-01 7.647288651105104685e+08 5.597582862872351408e+08
3.586866641610758633e-01 7.358766415514477491e+08 5.546394869415630102e+08
3.603491738687170098e-01 7.062905796850411892e+08 5.497212700189937353e+08
3.620116835804937372e-01 6.762685443658202887e+08 5.451064782359919548e+08
3.636741932963493684e-01 6.461082372783689499e+08 5.408948504054492712e+08
3.653367030162280593e-01 6.161051679359194040e+08 5.371794399581719637e+08
3.669992127400752979e-01 5.865506458217663765e+08 5.340429043430644870e+08
3.686617224678372939e-01 5.577298084524490833e+08 5.315538545614172816e+08
3.703242321994613118e-01 5.299196996815381646e+08 5.297634867283586860e+08
3.719867419348956150e-01 5.033874120037495494e+08 5.287027294730139971e+08
3.736492516740893000e-01 4.783883059435817599e+08 5.283801254703351259e+08
3.753117614169925176e-01 4.551643188691639304e+08 5.287806203875127435e+08
3.769742711635561405e-01 4.339423747066591382e+08 5.298653621461765170e+08
3.786367809137318741e-01 4.149329051395197511e+08 5.315725277566314936e+08
3.802992906674724227e-01 3.983284918578388691e+08 5.338191079516605735e+08
3.819618004247312126e-01 3.843026384156081080e+08 5.365035055875034332e+08
3.836243101854625026e-01 3.730086791292998791e+08 5.395087530610610247e+08
3.852868199496213841e-01 3.645788313552175760e+08 5.427061318880742788e+08
3.869493297171635593e-01 3.591233963058295250e+08 5.459589829647933245e+08
3.886118394880457849e-01 3.567301124131688476e+08 5.491265229689502716e+08
3.902743492622252064e-01 3.574636640539463758e+08 5.520675224287523031e+08
3.919368590396599683e-01 3.613653472995375395e+08 5.546437457283225060e+08
3.935993688203087704e-01 3.684528931618061066e+08 5.567230958835483789e+08
3.952618786041311449e-01 3.787204477070202231e+08 5.581824429143234491e+08
3.969243883910870685e-01 3.921387072521826625e+08 5.589101420408899784e+08
3.985868981811374612e-01 4.086552058392845988e+08 5.588082666098388433e+08
4.002494079742436872e-01 4.281947511070600748e+08 5.577945916003745794e+08
4.019119177703678880e-01 4.506600037579789758e+08 5.558043682899554968e+08
4.035744275694727046e-01 4.759321948486919403e+08 5.527919306236046553e+08
4.052369373715214440e-01 5.038719743505966663e+08 5.487321701987214088e+08
4.068994471764781906e-01 5.343203835727921724e+08 5.436219101122668982e+08
4.085619569843071952e-01 5.670999434087152481e+08 5.374811981949065924e+08
4.102244667949735413e-01 6.020158496718412638e+08 5.303545265841444135e+08
4.118869766084432005e-01 6.388572662957826853e+08 5.223119656379813552e+08
4.135494864246819224e-01 6.773987066458458900e+08 5.134501735303788185e+08
4.152119962436567890e-01 7.174014928703870773e+08 5.038932055002555847e+08
4.168745060653349932e-01 7.586152828376920223e+08 4.937929953633056879e+08
4.185370158896842829e-01 8.007796540691239834e+08 4.833293139501671195e+08
4.201995257166728504e-01 8.436257338475761414e+08 4.727089246815543175e+08
4.218620355462696647e-01 8.868778647062619925e+08 4.621635616997684240e+08
4.235245453784438063e-01 9.302552944319660664e+08 4.519462680921429396e+08
4.251870552131651881e-01 9.734738798930174112e+08 4.423255846177118421e+08
4.268495650504041117e-01 1.016247794065764427e+09 4.335771262822478414e+08
4.285120748901312115e-01 1.058291225960772753e+09 4.259722912511540651e+08
4.301745847323175664e-01 1.099320063329884291e+09 4.197642689035515189e+08
4.318370945769347546e-01 1.139053548491888285e+09 4.151721497907319069e+08
4.334996044239549096e-01 1.177215897899598598e+09 4.123646801010403633e+08
4.351621142733504422e-01 1.213537876626563549e+09 4.114458097529855371e+08
4.368246241250944295e-01 1.247758319331592321e+09 4.124443555645174384e+08
4.384871339791597822e-01 1.279625589898215771e+09 4.153096281625415087e+08
4.401496438355204099e-01 1.308898972373304605e+09 4.199137973809878230e+08
4.418121536941504446e-01 1.335349986562237740e+09 4.260604331521427631e+08
4.434746635550242400e-01 1.358763622071707249e+09 4.334975336378178596e+08
4.451371734181167605e-01 1.378939485398865938e+09 4.419327991067304611e+08
4.467996832834031928e-01 1.395692855094650507e+09 4.510490033033500910e+08
4.484621931508591675e-01 1.408855640878804445e+09 4.605178648166178465e+08
4.501247030204606481e-01 1.418277242996565104e+09 4.700115350439555049e+08
4.517872128921838204e-01 1.423825308986763954e+09 4.792114535060914159e+08
4.534497227660054253e-01 1.425386385390144348e+09 4.878147554848756790e+08
4.551122326419027031e-01 1.422866462841150284e+09 4.955386402454459071e+08
4.567747425198525613e-01 1.416191413266326904e+09 5.021231702828584313e+08
4.584372523998329063e-01 1.405307318854596376e+09 5.073329366910037398e+08
4.600997622818217003e-01 1.390180692636677980e+09 5.109579465482872128e+08
4.617622721657972384e-01 1.370798591504108191e+09 5.128139992658194304e+08
4.634247820517383154e-01 1.347168622510343313e+09 5.127427389598224759e+08
4.650872919396236149e-01 1.319318844372438192e+09 5.106115054435467720e+08
4.667498018294323758e-01 1.287297565902692080e+09 5.063130588188572526e+08
4.684123117211442255e-01 1.251173044289769411e+09 4.997652188774816990e+08
4.700748216147389580e-01 1.211033085713145971e+09 4.909104384773699641e+08
4.717373315101965336e-01 1.166984552126830339e+09 4.797153157315364480e+08
4.733998414074974126e-01 1.119152777293265104e+09 4.661700420210549831e+08
4.750623513066224435e-01 1.067680896767473221e+09 4.502877782480817437e+08
4.767248612075521974e-01 1.012729095311097860e+09 4.321039506611827612e+08
4.783873711102680226e-01 9.544737772964562178e+08 4.116754571611621976e+08
4.800498810147514894e-01 8.931066637235563993e+08 3.890797768440714478e+08
4.817123909209840571e-01 8.288338223522895575e+08 3.644139765383734703e+08
4.833749008289477955e-01 7.618746343536241055e+08 3.377936112435251474e+08
4.850374107386249412e-01 6.924607051883604527e+08 3.093515164755114913e+08
4.866999206499977859e-01 6.208347222617557049e+08 2.792364945619155169e+08
4.883624305630492324e-01 5.472492690279128551e+08 2.476118974107811451e+08
4.900249404777619611e-01 4.719655958261503577e+08 2.146541139779099524e+08
4.916874503941192631e-01 3.952523612851759791e+08 1.805509707078267634e+08
4.933499603121045407e-01 3.173843382513957024e+08 1.455000678129232228e+08
4.950124702317013070e-01 2.386411103098649085e+08 1.097070976260762513e+08
4.966749801528934083e-01 1.593057276736226380e+08 7.338439549644361436e+07
4.983374900756649684e-01 7.966343841091124713e+07 3.675168594426516443e+07
