# r [arcsec]	I [Jy/sr]	I_uncer [Jy/sr]
3.817853577942286001e-03 2.969484180692441177e+10 4.565795712190304399e+08
8.763567027319327241e-03 2.969469940940484238e+10 4.563111896442810893e+08
1.373848758764146562e-02 2.969444160799038315e+10 4.558324480951123834e+08
1.872000728009374365e-02 2.969406557595380020e+10 4.551425380574933887e+08
2.370403017919163122e-02 2.969356730903757858e+10 4.542420091300131083e+08
2.868926438607016446e-02 2.969294158517493820e+10 4.531318585686296821e+08
3.367517554121116780e-02 2.969218196579785919e+10 4.518133887088831663e+08
3.866150302165524688e-02 2.969128080179632187e+10 4.502881722732092142e+08
4.364810467787801074e-02 2.969022924133317566e+10 4.485580401573272943e+08
4.863489642318288148e-02 2.968901723907227707e+10 4.466250754143728018e+08
5.362182534931311806e-02 2.968763356667382812e+10 4.444916092577543259e+08
5.860885650759287135e-02 2.968606582457053757e+10 4.421602177524180412e+08
6.359596588733901212e-02 2.968430045497190857e+10 4.396337187086060047e+08
6.858313644859315161e-02 2.968232275608591843e+10 4.369151685752012730e+08
7.357035576433633428e-02 2.968011689755537033e+10 4.340078592478297949e+08
7.855761455883611410e-02 2.967766593707046127e+10 4.309153147537885904e+08
8.354490576851973660e-02 2.967495183816345596e+10 4.276412878031391501e+08
8.853222391973845917e-02 2.967195548915423203e+10 4.241897562050427198e+08
9.351956470533653865e-02 2.966865672322489929e+10 4.205649191580641866e+08
9.850692468967806037e-02 2.966503433961996460e+10 4.167711934247431755e+08
1.034943010988605139e-01 2.966106612592973709e+10 4.128132094057967067e+08
1.084816916687353777e-01 2.965672888145006943e+10 4.086958071304027438e+08
1.134690945329698275e-01 2.965199844159432220e+10 4.044240321795825362e+08
1.184565081393615799e-01 2.964684970331494141e+10 4.000031315634181499e+08
1.234439311864233557e-01 2.964125665153900909e+10 3.954385495705279112e+08
1.284313625747323662e-01 2.963519238656739426e+10 3.907359236111165881e+08
1.334188013691842700e-01 2.962862915241778564e+10 3.859010800762460828e+08
1.384062467694026355e-01 2.962153836609037399e+10 3.809400302340058088e+08
1.433936980863204647e-01 2.961389064771176529e+10 3.758589661846399307e+08
1.483811547234816508e-01 2.960565585154401016e+10 3.706642568985029459e+08
1.533686161619891020e-01 2.959680309781889343e+10 3.653624443573039174e+08
1.583560819482959792e-01 2.958730080535896683e+10 3.599602398211025596e+08
1.633435516842324520e-01 2.957711672497717285e+10 3.544645202409009933e+08
1.683310250188047585e-01 2.956621797358548355e+10 3.488823248368449211e+08
1.733185016414096891e-01 2.955457106901957321e+10 3.432208518574055433e+08
1.783059812761873808e-01 2.954214196550839615e+10 3.374874555355448723e+08
1.832934636772959591e-01 2.952889608977735901e+10 3.316896432499063015e+08
1.882809486249364950e-01 2.951479837774669266e+10 3.258350728975048065e+08
1.932684359219939418e-01 2.949981331176836014e+10 3.199315504758656621e+08
1.982559253911843622e-01 2.948390495839981079e+10 3.139870278646383882e+08
2.032434168726222901e-01 2.946703700664113235e+10 3.080096007876451612e+08
2.082309102217375085e-01 2.944917280662603760e+10 3.020075069214451313e+08
2.132184053074845376e-01 2.943027540871387863e+10 2.959891241032561660e+08
2.182059020107968983e-01 2.941030760294191360e+10 2.899629685694441199e+08
2.231934002232490444e-01 2.938923195881845474e+10 2.839376931347392201e+08
2.281808998458938198e-01 2.936701086538764572e+10 2.779220851937906742e+08
2.331684007882487975e-01 2.934360657155928040e+10 2.719250643933102489e+08
2.381559029674101546e-01 2.931898122663793945e+10 2.659556797845399678e+08
2.431434063072751561e-01 2.929309692102313232e+10 2.600231062215509415e+08
2.481309107378594780e-01 2.926591572704997635e+10 2.541366397170332670e+08
2.531184161946937738e-01 2.923739973990222931e+10 2.483056914097242653e+08
2.581059226182911837e-01 2.920751111860049057e+10 2.425397797314025462e+08
2.630934299536754062e-01 2.917621212697383499e+10 2.368485202889196575e+08
2.680809381499607014e-01 2.914346517462895584e+10 2.312416129015025496e+08
2.730684471599785779e-01 2.910923285783554077e+10 2.257288251533404589e+08
2.780559569399445041e-01 2.907347800030640411e+10 2.203199717468985617e+08
2.830434674491599245e-01 2.903616369383390045e+10 2.150248888705717027e+08
2.880309786497447511e-01 2.899725333874185562e+10 2.098534027424896061e+08
2.930184905063976664e-01 2.895671068410405731e+10 2.048152914597115219e+08
2.980060029861805737e-01 2.891449986771070099e+10 1.999202392907054424e+08
3.029935160583238640e-01 2.887058545572320938e+10 1.951777826047383249e+08
3.079810296940508341e-01 2.882493248199659348e+10 1.905972467565298080e+08
3.129685438664192021e-01 2.877750648702035141e+10 1.861876734494857788e+08
3.179560585501768344e-01 2.872827355645044327e+10 1.819577384049530923e+08
3.229435737216315716e-01 2.867720035918355560e+10 1.779156595749843717e+08
3.279310893585324904e-01 2.862425418495392609e+10 1.740690966599492729e+08
3.329186054399617678e-01 2.856940298139914322e+10 1.704250433180202842e+08
3.379061219462368704e-01 2.851261539057722092e+10 1.669897141643626988e+08
3.428936388588199047e-01 2.845386078488750076e+10 1.637684294104784131e+08
3.478811561602362934e-01 2.839310930237026215e+10 1.607655007329408228e+08
3.528686738339993356e-01 2.833033188134811783e+10 1.579841226130635440e+08
3.578561918645413176e-01 2.826550029437436676e+10 1.554262738670468628e+08
3.628437102371503964e-01 2.819858718146644211e+10 1.530926343070962131e+08
3.678312289379127020e-01 2.812956608258634186e+10 1.509825213615277708e+08
3.728187479536588800e-01 2.805841146933380508e+10 1.490938509897870719e+08
3.778062672719147974e-01 2.798509877583859634e+10 1.474231263471509516e+08
3.827937868808565791e-01 2.790960442880555344e+10 1.459654564233363569e+08
3.877813067692685856e-01 2.783190587670116425e+10 1.447146053882249594e+08
3.927688269265047216e-01 2.775198161804245758e+10 1.436630717549322248e+08
3.977563473424529095e-01 2.766981122877384949e+10 1.428021948687751591e+08
4.027438680075018929e-01 2.758537538869805145e+10 1.421222848047764003e+08
4.077313889125108171e-01 2.749865590694050598e+10 1.416127706416021883e+08
4.127189100487804740e-01 2.740963574643640137e+10 1.412623613655049503e+08
4.177064314080274343e-01 2.731829904739426041e+10 1.410592133882496357e+08
4.226939529823587338e-01 2.722463114974107361e+10 1.409910988219037652e+08
4.276814747642498915e-01 2.712861861451662445e+10 1.410455691812966168e+08
4.326689967465233155e-01 2.703024924419515610e+10 1.412101099909406006e+08
4.376565189223286523e-01 2.692951210193242645e+10 1.414722827484306693e+08
4.426440412851241901e-01 2.682639752970416641e+10 1.418198517350892425e+08
4.476315638286594845e-01 2.672089716533720398e+10 1.422408941752532125e+08
4.526190865469603142e-01 2.661300395840755844e+10 1.427238931576303840e+08
4.576066094343120838e-01 2.650271218499417877e+10 1.432578134990995526e+08
4.625941324852472225e-01 2.639001746128792572e+10 1.438321613345756233e+08
4.675816556945310287e-01 2.627491675603516006e+10 1.444370286486872137e+08
4.725691790571502904e-01 2.615740840179750061e+10 1.450631242458121479e+08
4.775567025683005173e-01 2.603749210505230331e+10 1.457017927973481417e+08
4.825442262233765600e-01 2.591516895508498383e+10 1.463450236431886554e+08
4.875317500179611185e-01 2.579044143170270157e+10 1.469854509774047136e+08
4.925192739478161941e-01 2.566331341174159622e+10 1.476163469460359514e+08
4.975067980088735964e-01 2.553379017437812424e+10 1.482316090451658666e+08
5.024943221972267837e-01 2.540187840523452377e+10 1.488257430494187176e+08
5.074818465091224251e-01 2.526758619928134918e+10 1.493938425365630686e+08
5.124693709409537945e-01 2.513092306253268051e+10 1.499315659133494794e+08
5.174568954892526662e-01 2.499189991254309464e+10 1.504351116965600252e+08
5.224444201506837082e-01 2.485052907770132446e+10 1.509011926663795710e+08
5.274319449220377098e-01 2.470682429532275772e+10 1.513270093870261610e+08
5.324194698002251425e-01 2.456080070855635452e+10 1.517102234846579134e+08
5.374069947822720517e-01 2.441247486210214996e+10 1.520489309820709527e+08
5.423945198653131738e-01 2.426186469674306107e+10 1.523416359148078859e+08
5.473820450465878285e-01 2.410898954271477509e+10 1.525872243912500739e+08
5.523695703234354770e-01 2.395387011190283585e+10 1.527849392088443041e+08
5.573570956932899501e-01 2.379652848889318085e+10 1.529343550985753834e+08
5.623446211536771155e-01 2.363698812087599182e+10 1.530353546388582289e+08
5.673321467022091058e-01 2.347527380642250061e+10 1.530881048552541435e+08
5.723196723365815419e-01 2.331141168314673233e+10 1.530930345054485202e+08
5.773071980545696480e-01 2.314542921425685883e+10 1.530508120360561311e+08
5.822947238540248094e-01 2.297735517402966690e+10 1.529623241889013052e+08
5.872822497328716862e-01 2.280721963220574951e+10 1.528286552303758860e+08
5.922697756891045495e-01 2.263505393733048248e+10 1.526510667742751837e+08
5.972573017207846169e-01 2.246089069906517410e+10 1.524309781695038676e+08
6.022448278260374988e-01 2.228476376947268295e+10 1.521699474252151549e+08
6.072323540030505340e-01 2.210670822330674744e+10 1.518696526500084400e+08
6.122198802500696813e-01 2.192676033732713318e+10 1.515318739854843318e+08
6.172074065653979646e-01 2.174495756865529633e+10 1.511584760207977295e+08
6.221949329473926982e-01 2.156133853219443893e+10 1.507513906797088087e+08
6.271824593944635984e-01 2.137594297714064407e+10 1.503126005794121623e+08
6.321699859050702308e-01 2.118881176260425186e+10 1.498441228661574423e+08
6.371575124777206778e-01 2.099998683236858368e+10 1.493479935398495495e+08
6.421450391109693179e-01 2.080951118880808640e+10 1.488262522871250808e+08
6.471325658034148276e-01 2.061742886599455643e+10 1.482809278483568430e+08
6.521200925536991821e-01 2.042378490201482773e+10 1.477140239507459402e+08
6.571076193605055460e-01 2.022862531052891159e+10 1.471275058454708457e+08
6.620951462225563855e-01 2.003199705159415436e+10 1.465232874921390116e+08
6.670826731386124697e-01 1.983394800178348160e+10 1.459032194376890063e+08
6.720702001074717602e-01 1.963452692363049316e+10 1.452690774411269724e+08
6.770577271279670795e-01 1.943378343441706467e+10 1.446225518975867927e+08
6.820452541989658890e-01 1.923176797435426712e+10 1.439652381161293387e+08
6.870327813193682909e-01 1.902853177415984344e+10 1.432986275065956116e+08
6.920203084881060285e-01 1.882412682208965302e+10 1.426240997288712561e+08
6.970078357041413764e-01 1.861860583042590714e+10 1.419429158554526269e+08
7.019953629664664740e-01 1.841202220147993851e+10 1.412562125943421125e+08
7.069828902741016607e-01 1.820442999311476517e+10 1.405649976140423715e+08
7.119704176260943651e-01 1.799588388383831024e+10 1.398701460054776669e+08
7.169579450215193273e-01 1.778643913748899078e+10 1.391723979079014659e+08
7.219454724594762673e-01 1.757615156754280472e+10 1.384723573177919686e+08
7.269329999390895525e-01 1.736507750108311081e+10 1.377704920886394680e+08
7.319205274595077526e-01 1.715327374245663834e+10 1.370671351207962334e+08
7.369080550199024193e-01 1.694079753664694786e+10 1.363624867284760773e+08
7.418955826194673087e-01 1.672770653240419006e+10 1.356566181611632705e+08
7.468831102574174929e-01 1.651405874515631866e+10 1.349494762448036671e+08
7.518706379329892497e-01 1.629991251973702240e+10 1.342408890989418328e+08
7.568581656454390627e-01 1.608532649295791626e+10 1.335305728747145087e+08
7.618456933940425113e-01 1.587035955606193352e+10 1.328181394507165551e+08
7.668332211780939378e-01 1.565507081708606339e+10 1.321031050149777234e+08
7.718207489969062252e-01 1.543951956316617393e+10 1.313848994546242207e+08
7.768082768498100199e-01 1.522376522280863190e+10 1.306628764692855030e+08
7.817958047361527329e-01 1.500786732817668724e+10 1.299363243200676590e+08
7.867833326552983175e-01 1.479188547739516258e+10 1.292044771231110692e+08
7.917708606066273802e-01 1.457587929693528366e+10 1.284665265953262448e+08
7.967583885895350715e-01 1.435990840408013153e+10 1.277216341603986472e+08
8.017459166034320850e-01 1.414403236952369308e+10 1.269689433234395832e+08
8.067334446477437693e-01 1.392831068011816978e+10 1.262075922264705747e+08
8.117209727219093507e-01 1.371280270180394173e+10 1.254367262990706116e+08
8.167085008253823775e-01 1.349756764275411415e+10 1.246555109237996191e+08
8.216960289576287213e-01 1.328266451675461197e+10 1.238631440405196846e+08
8.266835571181275766e-01 1.306815210684992409e+10 1.230588686188417524e+08
8.316710853063710163e-01 1.285408892929036140e+10 1.222419849343127608e+08
8.366586135218624376e-01 1.264053319779059029e+10 1.214118625888683349e+08
8.416461417641176723e-01 1.242754278814392662e+10 1.205679522218557596e+08
8.466336700326639875e-01 1.221517520320091820e+10 1.197097968631376922e+08
8.516211983270388641e-01 1.200348753825826454e+10 1.188370428839785308e+08
8.566087266467917738e-01 1.179253644685422325e+10 1.179494505056275725e+08
8.615962549914814028e-01 1.158237810702639580e+10 1.170469038281956166e+08
8.665837833606774288e-01 1.137306818803065109e+10 1.161294203441343755e+08
8.715713117539596322e-01 1.116466181755050850e+10 1.151971599016894847e+08
8.765588401709160093e-01 1.095721354943528175e+10 1.142504330826503634e+08
8.815463686111453256e-01 1.075077733195512962e+10 1.132897089565826058e+08
8.865338970742548952e-01 1.054540647662902260e+10 1.123156221703735441e+08
8.915214255598600257e-01 1.034115362762271118e+10 1.113289793261808455e+08
8.965089540675857949e-01 1.013807073174697495e+10 1.103307645939445943e+08
9.014964825970653850e-01 9.936209009063333511e+09 1.093221444958039075e+08
9.064840111479389728e-01 9.735618924137163162e+09 1.083044717893739641e+08
9.114715397198557278e-01 9.536350157926284790e+09 1.072792883640064150e+08
9.164590683124720361e-01 9.338451580348619461e+09 1.062483270510648340e+08
9.214465969254520550e-01 9.141971223524013519e+09 1.052135122333914638e+08
9.264341255584663815e-01 8.946956255720170975e+09 1.041769591236214191e+08
9.314216542111933839e-01 8.753452956009012222e+09 1.031409715638221353e+08
9.364091828833184250e-01 8.561506689645757675e+09 1.021080381829464436e+08
9.413967115745327519e-01 8.371161884190689087e+09 1.010808267330966443e+08
9.463842402845346058e-01 8.182462006380514145e+09 1.000621764126800597e+08
9.513717690130290006e-01 7.995449539758925438e+09 9.905508797511270642e+07
9.563592977597260569e-01 7.810165963080880165e+09 9.806271141799509525e+07
9.613468265243425570e-01 7.626651729503431320e+09 9.708833105085715652e+07
9.663343553066010561e-01 7.444946246554420471e+09 9.613534775253306329e+07
9.713218841062303266e-01 7.265087856918606758e+09 9.520725825401751697e+07
9.763094129229632490e-01 7.087113820010841370e+09 9.430763132081618905e+07
9.812969417565396979e-01 6.911060294378856659e+09 9.344008076366706192e+07
9.862844706067037670e-01 6.736962320912526131e+09 9.260823527810604870e+07
9.912719994732055451e-01 6.564853806884090424e+09 9.181570520327171683e+07
9.962595283557990067e-01 6.394767510815073013e+09 9.106604639781066775e+07
1.001247057254244233e+00 6.226735028175673485e+09 9.036272155339156091e+07
1.006234586168305301e+00 6.060786777914098740e+09 8.970905940091790259e+07
1.011222115097751173e+00 5.896951989833919525e+09 8.910821240495415032e+07
1.016209644042354920e+00 5.735258692798775673e+09 8.856311368035277724e+07
1.021197173001895608e+00 5.575733703782639503e+09 8.807643399252553284e+07
1.026184701976153857e+00 5.418402617758905411e+09 8.765053980884994566e+07
1.031172230964917613e+00 5.263289798428136826e+09 8.728745344215805829e+07
1.036159759967976379e+00 5.110418369781568527e+09 8.698881635876768827e+07
1.041147288985125208e+00 4.959810208505381584e+09 8.675585670525892079e+07
1.046134818016162260e+00 4.811485937212334633e+09 8.658936203482399881e+07
1.051122347060890139e+00 4.665464918507997513e+09 8.648965808642148972e+07
1.056109876119114777e+00 4.521765249881129265e+09 8.645659429085063934e+07
1.061097405190645881e+00 4.380403759417041779e+09 8.648953645770607889e+07
1.066084934275296714e+00 4.241396002326758862e+09 8.658736684813439846e+07
1.071072463372883643e+00 4.104756258290117264e+09 8.674849157677635550e+07
1.076059992483227479e+00 3.970497529598644257e+09 8.697085502954955399e+07
1.081047521606151030e+00 3.838631540104887486e+09 8.725196074890518188e+07
1.086035050741481101e+00 3.709168734956368923e+09 8.758889803895685077e+07
1.091022579889048050e+00 3.582118281115791798e+09 8.797837339078953862e+07
1.096010109048684011e+00 3.457488068657799244e+09 8.841674572971177101e+07
1.100997638220225783e+00 3.335284712831131935e+09 8.890006444207951427e+07
1.105985167403511937e+00 3.215513556877545834e+09 8.942410914753776789e+07
1.110972696598383935e+00 3.098178675602639675e+09 8.998443023639343679e+07
1.115960225804686790e+00 2.983282879679644585e+09 9.057638928170447052e+07
1.120947755022267955e+00 2.870827720685259342e+09 9.119519855216452479e+07
1.125935284250977553e+00 2.760813496850419998e+09 9.183595898348255455e+07
1.130922813490668366e+00 2.653239259515810966e+09 9.249369610386107862e+07
1.135910342741195622e+00 2.548102820285851955e+09 9.316339354379542172e+07
1.140897872002417213e+00 2.445400758859829426e+09 9.384002388696503639e+07
1.145885401274193693e+00 2.345128431536884785e+09 9.451857673078984022e+07
1.150872930556387619e+00 2.247279980378405571e+09 9.519408392168779671e+07
1.155860459848864208e+00 2.151848343013492107e+09 9.586164200810098648e+07
1.160847989151490678e+00 2.058825263080373526e+09 9.651643201592928171e+07
1.165835518464137355e+00 1.968201301283224344e+09 9.715373669543935359e+07
1.170823047786675675e+00 1.879965847057131529e+09 9.776895541963058710e+07
1.175810577118979738e+00 1.794107130823028088e+09 9.835761693151371181e+07
1.180798106460926311e+00 1.710612236821778774e+09 9.891539014608787000e+07
1.185785635812393490e+00 1.629467116514032125e+09 9.943809321191346645e+07
1.190773165173261150e+00 1.550656602526651859e+09 9.992170103129236400e+07
1.195760694543412272e+00 1.474164423136869669e+09 1.003623514268723279e+08
1.200748223922731173e+00 1.399973217279395342e+09 1.007563501289110780e+08
1.205735753311103498e+00 1.328064550055737495e+09 1.011001747421899587e+08
1.210723282708418003e+00 1.258418928742239952e+09 1.013904778350896686e+08
1.215710812114564332e+00 1.191015819268628836e+09 1.016240892773275524e+08
1.220698341529434350e+00 1.125833663166836739e+09 1.017980179373572469e+08
1.225685870952921253e+00 1.062849894960437536e+09 1.019094528350141197e+08
1.230673400384920457e+00 1.002040959994984150e+09 1.019557638321277201e+08
1.235660929825329379e+00 9.433823326813261509e+08 1.019345019303289354e+08
1.240648459274045878e+00 8.868485351445559263e+08 1.018433992350607067e+08
1.245635988730970478e+00 8.324131562652857304e+08 1.016803686339475513e+08
1.250623518196004813e+00 7.800488710887207985e+08 1.014435032296360284e+08
1.255611047669052738e+00 7.297274606002777815e+08 1.011310755592064708e+08
1.260598577150018551e+00 6.814198318413823843e+08 1.007415366260816902e+08
1.265586106638808772e+00 6.350960383601568937e+08 1.002735147643443495e+08
1.270573636135331475e+00 5.907253009724123478e+08 9.972581435141952336e+07
1.275561165639495398e+00 5.482760288313078880e+08 9.909741438028801978e+07
1.280548695151212168e+00 5.077158407791103125e+08 9.838746690009170771e+07
1.285536224670393413e+00 4.690115869743389487e+08 9.759529533038967848e+07
1.290523754196952311e+00 4.321293707789288759e+08 9.672039265331266820e+07
1.295511283730804264e+00 3.970345708876078725e+08 9.576241948490460217e+07
1.300498813271864673e+00 3.636918636943207979e+08 9.472120202698002756e+07
1.305486342820051382e+00 3.320652458702290058e+08 9.359672989853371680e+07
1.310473872375283122e+00 3.021180571498655081e+08 9.238915384634450078e+07
1.315461401937479291e+00 2.738130033100111485e+08 9.109878333250398934e+07
1.320448931506561285e+00 2.471121793192391992e+08 8.972608399796359241e+07
1.325436461082451389e+00 2.219770926634803116e+08 8.827167499919021130e+07
1.330423990665072775e+00 1.983686868112469316e+08 8.673632621704247594e+07
1.335411520254350393e+00 1.762473648294922709e+08 8.512095533508993685e+07
1.340399049850209634e+00 1.555730131185398102e+08 8.342662478671273589e+07
1.345386579452577447e+00 1.363050252657625079e+08 8.165453856874993443e+07
1.350374109061381667e+00 1.184023259994286746e+08 7.980603892163658142e+07
1.355361638676551461e+00 1.018233952375900894e+08 7.788260287449894845e+07
1.360349168298016442e+00 8.652629220703020692e+07 7.588583865604589880e+07
1.365336697925707776e+00 7.246867964253872633e+07 7.381748197027719021e+07
1.370324227559557517e+00 5.960784802786495537e+07 7.167939213922908902e+07
1.375311757199498608e+00 4.790073989512201399e+07 6.947354811226423085e+07
1.380299286845465101e+00 3.730397414577487111e+07 6.720204434538502991e+07
1.385286816497391715e+00 2.777387040745515004e+07 6.486708655088851601e+07
1.390274346155214724e+00 1.926647338889510557e+07 6.247098732202979177e+07
1.395261875818870623e+00 1.173757725488654710e+07 6.001616163363172114e+07
1.400249405488297016e+00 5.142749972318255343e+06 5.750512222495604306e+07
1.405236935163432621e+00 -5.626423381259555463e+05 5.494047486593110859e+07
1.410224464844216596e+00 -5.423411103293345310e+06 5.232491351510628313e+07
1.415211994530589656e+00 -9.484521009340003133e+06 4.966121537038172036e+07
1.420199524222492293e+00 -1.279106578842979483e+07 4.695223582334731519e+07
1.425187053919866997e+00 -1.538824403174033202e+07 4.420090331809751689e+07
1.430174583622656481e+00 -1.732133510063872859e+07 4.141021412869686633e+07
1.435162113330804123e+00 -1.863567507108703628e+07 3.858322705612351000e+07
1.440149643044254413e+00 -1.937663281493568420e+07 3.572305806459949911e+07
1.445137172762952060e+00 -1.958958610146917775e+07 3.283287485907520354e+07
1.450124702486843331e+00 -1.931989788817046955e+07 2.991589143709278852e+07
1.455112232215874490e+00 -1.861289260762225464e+07 2.697536262514989451e+07
1.460099761949993358e+00 -1.751383271379014850e+07 2.401457867375186086e+07
1.465087291689147531e+00 -1.606789515975774825e+07 2.103685997829238325e+07
1.470074821433285939e+00 -1.432014827206644975e+07 1.804555219428170100e+07
1.475062351182357734e+00 -1.231552837576776370e+07 1.504402226623362489e+07
1.480049880936313622e+00 -1.009881716163544729e+07 1.203565723237007298e+07
1.485037410695103866e+00 -7.714618164675040171e+06 9.023872150716831908e+06
1.490024940458680058e+00 -5.207335354409235530e+06 6.012159517335771583e+06
1.495012470226994683e+00 -2.621144823077401612e+06 3.004458680642193183e+06
