# r [arcsec]	I [Jy/sr]	I_uncer [Jy/sr]
1.272617859314095550e-03 1.371740519886813965e+11 4.327326646378568649e+09
2.921189009106442414e-03 1.369971357890253906e+11 4.310609583289771080e+09
4.579495862547155495e-03 1.366795483895740356e+11 4.280669102398671627e+09
6.240002426697914550e-03 1.362224126715063934e+11 4.237664227481696606e+09
7.901343393063876494e-03 1.356274368796214905e+11 4.181845630190833569e+09
9.563088128690054243e-03 1.348968512251713104e+11 4.113541680486587048e+09
1.122505851373705593e-02 1.340333924217599487e+11 4.033155136166890621e+09
1.288716767388508287e-02 1.330402901590300903e+11 3.941160694297317505e+09
1.454936822595933807e-02 1.319212520453521271e+11 3.838102513219220161e+09
1.621163214106096165e-02 1.306804465526408081e+11 3.724591632562275887e+09
1.787394178310437384e-02 1.293224839290057068e+11 3.601303360820345879e+09
1.953628550253095827e-02 1.278523951416229706e+11 3.468974758258386135e+09
2.119865529577967186e-02 1.262756089446795197e+11 3.328402393426926613e+09
2.286104548286438387e-02 1.245979271834585724e+11 3.180440612836490154e+09
2.452345192144544592e-02 1.228254984568583527e+11 3.026000646834629059e+09
2.618587151961204035e-02 1.209647902695798187e+11 2.866050993386310577e+09
2.784830192283991451e-02 1.190225598130186462e+11 2.701619693403950214e+09
2.951074130657948408e-02 1.170058235204917755e+11 2.533799362977628708e+09
3.117318823511218417e-02 1.149218255484741669e+11 2.363756217290681839e+09
3.283564156322602012e-02 1.127780053403438873e+11 2.192744859988673687e+09
3.449810036628684490e-02 1.105819644334048462e+11 2.022131381339075565e+09
3.616056388957845924e-02 1.083414326730997772e+11 1.853428351879514933e+09
3.782303151098994481e-02 1.060642340008210144e+11 1.688346543794440746e+09
3.948550271312052662e-02 1.037582519830876007e+11 1.528869187909115314e+09
4.114797706214112089e-02 1.014313952505878143e+11 1.377353651258278131e+09
4.281045419157746001e-02 9.909156301516328430e+10 1.236658068454356194e+09
4.447293378972808769e-02 9.674661083172377014e+10 1.110266184387896061e+09
4.613541558980088775e-02 9.440431676996463013e+10 1.002324600287486196e+09
4.779789936210682849e-02 9.207234815786128235e+10 9.174044286653548479e+08
4.946038490782722619e-02 8.975822905515310669e+10 8.597277683811340332e+08
5.112287205399637657e-02 8.746930861044952393e+10 8.318071398407707214e+08
5.278536064943199074e-02 8.521273045020857239e+10 8.331094662144361734e+08
5.444785056141081270e-02 8.299540324177046204e+10 8.598236483553708792e+08
5.611034167293492414e-02 8.082397256571128845e+10 9.060499928866435289e+08
5.777283388046990098e-02 7.870479422537400818e+10 9.654781654005533457e+08
5.943532709206246489e-02 7.664390911319317627e+10 1.032538061117022634e+09
6.109782122576532665e-02 7.464701974478186035e+10 1.102808281058383942e+09
6.276031620831216962e-02 7.271946856248062134e+10 1.172968467273353100e+09
6.442281197399798987e-02 7.086621810029028320e+10 1.240590241873250723e+09
6.608530846372812073e-02 6.909183309206240845e+10 1.303919514120782852e+09
6.774780562420743002e-02 6.740046459419628906e+10 1.361700470956018209e+09
6.941030340724584080e-02 6.579583618338489532e+10 1.413046292162427902e+09
7.107280176916151715e-02 6.428123227883068085e+10 1.457347781122771978e+09
7.273530067026563739e-02 6.285948862713671112e+10 1.494209524742891312e+09
7.439780007441634813e-02 6.153298497679907990e+10 1.523405150503150225e+09
7.606029994863128252e-02 6.030363995770726776e+10 1.544845610281132698e+09
7.772280026274960840e-02 5.917290816982570648e+10 1.558556333853962660e+09
7.938530098913672284e-02 5.814177947378639221e+10 1.564660466121843338e+09
8.104780210242505667e-02 5.721078046504495239e+10 1.563366337928627014e+09
8.271030357928650656e-02 5.637997810223822784e+10 1.554957947479744911e+09
8.437280539823126257e-02 5.564898544963167572e+10 1.539787648181992769e+09
8.603530753943039455e-02 5.501696948322348022e+10 1.518270519546115398e+09
8.769780998455847798e-02 5.448266089989801025e+10 1.490880086807480812e+09
8.936031271665356712e-02 5.404436585953598785e+10 1.458145181085727453e+09
9.102281571999285004e-02 5.369997958071147919e+10 1.420647811690618038e+09
9.268531897998151525e-02 5.344700170204411316e+10 1.379021962390449524e+09
9.434782248305331742e-02 5.328255331313280487e+10 1.333953222253711700e+09
9.601032621658157906e-02 5.320339555154734802e+10 1.286179108242357254e+09
9.767283016879922675e-02 5.320594965545372009e+10 1.236489810072633505e+09
9.933533432872686253e-02 5.328631835528130341e+10 1.185728856227587461e+09
1.009978386861079547e-01 5.344030848231251526e+10 1.134792823609917164e+09
1.026603432313502873e-01 5.366345466729969788e+10 1.084628656770817280e+09
1.043228479554730720e-01 5.395104399811286163e+10 1.036226427284333944e+09
1.059853528500589448e-01 5.429814150217631531e+10 9.906045528173432350e+08
1.076478579072105424e-01 5.469961631678990936e+10 9.487839141594686508e+08
1.093103631195108394e-01 5.515016840876828766e+10 9.117475589465925694e+08
1.109728684799872744e-01 5.564435570364321136e+10 8.803846169171911478e+08
1.126353739820789568e-01 5.617662148456839752e+10 8.554213687719156742e+08
1.142978796196066349e-01 5.674132192139872742e+10 8.373487545115426779e+08
1.159603853867454265e-01 5.733275359175382233e+10 8.263616601034835577e+08
1.176228912779997832e-01 5.794518085775225067e+10 8.223271276079223156e+08
1.192853972881804531e-01 5.857286296480432892e+10 8.247931284371345043e+08
1.209479034123834701e-01 5.921008073216439056e+10 8.330378445402305126e+08
1.226104096459709192e-01 5.985116270896537018e+10 8.461472239548211098e+08
1.242729159845529646e-01 6.049051067402151489e+10 8.631021936960459948e+08
1.259354224239715991e-01 6.112262436299662018e+10 8.828584539797308445e+08
1.275979289602855449e-01 6.174212531217001343e+10 9.044084998470561504e+08
1.292604355897561952e-01 6.234377971443648529e+10 9.268229572067998648e+08
1.309229423088349165e-01 6.292252018983430481e+10 9.492735049246557951e+08
1.325854491141509606e-01 6.347346638012924194e+10 9.710419408877879381e+08
1.342479560025006402e-01 6.399194428451268768e+10 9.915201187320188284e+08
1.359104629708369483e-01 6.447350426138542175e+10 1.010204608354810238e+09
1.375729700162601765e-01 6.491393762938770294e+10 1.026688799935575485e+09
1.392354771360091448e-01 6.530929180919954681e+10 1.040654173546120048e+09
1.408979843274529020e-01 6.565588395631673431e+10 1.051861719183590531e+09
1.425604915880832879e-01 6.595031304366556549e+10 1.060144003966227531e+09
1.442229989155077718e-01 6.618947036178415680e+10 1.065398086409451246e+09
1.458855063074428748e-01 6.637054841312167358e+10 1.067579311145175219e+09
1.475480137617080634e-01 6.649104818584589386e+10 1.066695932633986115e+09
1.492105212762198374e-01 6.654878480130769348e+10 1.062804479311687589e+09
1.508730288489867621e-01 6.654189153795104218e+10 1.056005758125598431e+09
1.525355364781040279e-01 6.646882224292589569e+10 1.046441399791716933e+09
1.541980441617490649e-01 6.632835215099233246e+10 1.034290848981560469e+09
1.558605518981770188e-01 6.611957713823074341e+10 1.019768705870198607e+09
1.575230596857167542e-01 6.584191144585346985e+10 1.003122322683199883e+09
1.591855675227668576e-01 6.549508391685444641e+10 9.846295487000057697e+08
1.608480754077921959e-01 6.507913279513353729e+10 9.645964978140070438e+08
1.625105833393203636e-01 6.459439914348493195e+10 9.433551831068918705e+08
1.641730913159387406e-01 6.404151894295233154e+10 9.212608230308574438e+08
1.658355993362912173e-01 6.342141394181418610e+10 8.986885760022180080e+08
1.674981073990755853e-01 6.273528132771083069e+10 8.760294106812809706e+08
1.691606155030408176e-01 6.198458230114635468e+10 8.536847800775574446e+08
1.708231236469845982e-01 6.117102963283602905e+10 8.320597588872528076e+08
1.724856318297508795e-01 6.029657429104954529e+10 8.115543533382852077e+08
1.741481400502279120e-01 5.936339122820635986e+10 7.925528341382894516e+08
1.758106483073458848e-01 5.837386441856742859e+10 7.754112032399816513e+08
1.774731566000750660e-01 5.733057124089333344e+10 7.604432879883494377e+08
1.791356649274240265e-01 5.623626630136399841e+10 7.479064203789094687e+08
1.807981732884377246e-01 5.509386479292920685e+10 7.379881033576949835e+08
1.824606816821959798e-01 5.390642548766139221e+10 7.307953397058107853e+08
1.841231901078118072e-01 5.267713345837884521e+10 7.263482497990595102e+08
1.857856985644300296e-01 5.140928262514500427e+10 7.245791540452749729e+08
1.874482070512257237e-01 5.010625822092826080e+10 7.253375037860618830e+08
1.891107155674030538e-01 4.877151926898809052e+10 7.284001126617072821e+08
1.907732241121938566e-01 4.740858116227298737e+10 7.334853374588704109e+08
1.924357326848565586e-01 4.602099843243537140e+10 7.402694013330763578e+08
1.940982412846749550e-01 4.461234779293777466e+10 7.484030215966491699e+08
1.957607499109572380e-01 4.318621153716424561e+10 7.575268270706008673e+08
1.974232585630348313e-01 4.174616136855654907e+10 7.672845640026124716e+08
1.990857672402615297e-01 4.029574273552662659e+10 7.773336249529374838e+08
2.007482759420124996e-01 3.883845973931137848e+10 7.873528733145575523e+08
2.024107846676835298e-01 3.737776067809819794e+10 7.970480272212527990e+08
2.040732934166899215e-01 3.591702428564026642e+10 8.061550148930742741e+08
2.057358021884660160e-01 3.445954671726178741e+10 8.144417523509203196e+08
2.073983109824642512e-01 3.300852933068910980e+10 8.217087643048641682e+08
2.090608197981545235e-01 3.156706730348380280e+10 8.277890044640597105e+08
2.107233286350234380e-01 3.013813912318418503e+10 8.325471566640869379e+08
2.123858374925735870e-01 2.872459698038418961e+10 8.358786271837127209e+08
2.140483463703231337e-01 2.732915808925038910e+10 8.377083780104559660e+08
2.157108552678049240e-01 2.595439695406626511e+10 8.379897024073489904e+08
2.173733641845664311e-01 2.460273859468750381e+10 8.367030070928925276e+08
2.190358731201685061e-01 2.327645273801480865e+10 8.338546376789458990e+08
2.206983820741854618e-01 2.197764897704621887e+10 8.294757633948556185e+08
2.223608910462041566e-01 2.070827289353971863e+10 8.236213213584508896e+08
2.240234000358239386e-01 1.947010313506264496e+10 8.163690078009380102e+08
2.256859090426557024e-01 1.826474943203624725e+10 8.078182921112499237e+08
2.273484180663219723e-01 1.709365153554317856e+10 7.980894180497531891e+08
2.290109271064561247e-01 1.595807905193995857e+10 7.873223440353149176e+08
2.306734361627020280e-01 1.485913214599766541e+10 7.756755604626494646e+08
2.323359452347137921e-01 1.379774308010954475e+10 7.633247065025942326e+08
2.339984543221555469e-01 1.277467855336826324e+10 7.504608924679065943e+08
2.356609634247005536e-01 1.179054280075446320e+10 7.372886183370226622e+08
2.373234725420314828e-01 1.084578140957535934e+10 7.240231675999207497e+08
2.389859816738397480e-01 9.940685807424787521e+09 7.108873531142625809e+08
2.406484908198254224e-01 9.075398373501852036e+09 6.981075047689120770e+08
2.423109999796965175e-01 8.249918122968180656e+09 6.859086251668146849e+08
2.439735091531692601e-01 7.464106912309885979e+09 6.745087064483544827e+08
2.456360183399674824e-01 6.717696112231436729e+09 6.641123025374145508e+08
2.472985275398224547e-01 6.010293693602034569e+09 6.549035829307862520e+08
2.489610367524725254e-01 5.341391671275705338e+09 6.470392420072777271e+08
2.506235459776631203e-01 4.710373850287685394e+09 6.406417744429731369e+08
2.522860552151463542e-01 4.116523818935407162e+09 6.357937161034775972e+08
2.539485644646808371e-01 3.559033133616627693e+09 6.325334542355642319e+08
2.556110737260313126e-01 3.037009640960892200e+09 6.308531082710816860e+08
2.572735829989687417e-01 2.549485883778482914e+09 6.306987771350781918e+08
2.589360922832700251e-01 2.095427538646621704e+09 6.319731758316439390e+08
2.605986015787175591e-01 1.673741834505379200e+09 6.345404014044212103e+08
2.622611108850994577e-01 1.283285903468857765e+09 6.382323382927565575e+08
2.639236202022091082e-01 9.228750171459842920e+08 6.428560807507400513e+08
2.655861295298450053e-01 5.912906640412540436e+08 6.482017302056311369e+08
2.672486388678106950e-01 2.872884261406731606e+08 6.540500025821465254e+08
2.689111482159146083e-01 9.605615468323882669e+06 6.601792193771439791e+08
2.705736575739698391e-01 -2.430313657583462894e+08 6.663714164982434511e+08
2.722361669417941443e-01 -4.718999747218481302e+08 6.724174536770845652e+08
2.738986763192096108e-01 -6.782748176070106030e+08 6.781211248195264339e+08
2.755611857060425440e-01 -8.634213062669663429e+08 6.833023490917735100e+08
2.772236951021236906e-01 -1.028589705691609621e+09 6.877995664073688984e+08
2.788862045072874607e-01 -1.175009592743978977e+09 6.914714767675479650e+08
2.805487139213725944e-01 -1.303884743229636669e+09 6.941982594344531298e+08
2.822112233442213292e-01 -1.416388461021108150e+09 6.958823930798548460e+08
2.838737327756796214e-01 -1.513659359630506754e+09 6.964491778339706659e+08
2.855362422155972579e-01 -1.596797603284699202e+09 6.958470384986171722e+08
2.871987516638271343e-01 -1.666861611347460985e+09 6.940476672941780090e+08
2.888612611202258651e-01 -1.724865226734691381e+09 6.910460452671699524e+08
2.905237705846532292e-01 -1.771775345910753250e+09 6.868603639407752752e+08
2.921862800569720031e-01 -1.808510005080692291e+09 6.815318524173413515e+08
2.938487895370484604e-01 -1.835936914367216349e+09 6.751244991600775719e+08
2.955112990247516502e-01 -1.854872429062041998e+09 6.677246412003813982e+08
2.971738085199533974e-01 -1.866080944519582510e+09 6.594403757478321791e+08
2.988363180225286353e-01 -1.870274698873516798e+09 6.504007296133824587e+08
3.004988275323551283e-01 -1.868113965593127728e+09 6.407545005901151896e+08
3.021613370493130279e-01 -1.860207615886910200e+09 6.306686630287674665e+08
3.038238465732852611e-01 -1.847114029156312943e+09 6.203262098630722761e+08
3.054863561041573639e-01 -1.829342328109070063e+09 6.099232899098106623e+08
3.071488656418173702e-01 -1.807353913750918865e+09 5.996654994273872375e+08
3.088113751861554790e-01 -1.781564274293591261e+09 5.897632100373457670e+08
3.104738847370644983e-01 -1.752345041038467646e+09 5.804258715677839518e+08
3.121363942944395120e-01 -1.720026263565271616e+09 5.718553267055724859e+08
3.137989038581776025e-01 -1.684898875989686251e+09 5.642383164250293970e+08
3.154614134281782389e-01 -1.647217325734212637e+09 5.577385304638807774e+08
3.171239230043430002e-01 -1.607202336134520292e+09 5.524887383099662066e+08
3.187864325865753523e-01 -1.565043774282050848e+09 5.485836798038388491e+08
3.204489421747808708e-01 -1.520903595756859541e+09 5.460744501895332336e+08
3.221114517688670742e-01 -1.474918838414179564e+09 5.449650424228037596e+08
3.237739613687434237e-01 -1.427204637970628262e+09 5.452115003263452053e+08
3.254364709743211015e-01 -1.377857239013851881e+09 5.467238223895571232e+08
3.270989805855132326e-01 -1.326956975980088234e+09 5.493704068261753321e+08
3.287614902022346075e-01 -1.274571199824560881e+09 5.529845265075492859e+08
3.304239998244018484e-01 -1.220757127325276375e+09 5.573721335173659325e+08
3.320865094519330207e-01 -1.165564591402636290e+09 5.623202447452094555e+08
3.337490190847480775e-01 -1.109038672307477713e+09 5.676052374617338181e+08
3.354115287227684150e-01 -1.051222191170651913e+09 5.730005436493381262e+08
3.370740383659170392e-01 -9.921580490687940121e+08 5.782834221439539194e+08
3.387365480141183438e-01 -9.318913965811530352e+08 5.832406654247137308e+08
3.403990576672984991e-01 -8.704716205868763924e+08 5.876732375445501804e+08
3.420615673253846745e-01 -8.079541369754989147e+08 5.913999327436184883e+08
3.437240769883058711e-01 -7.444019798284723759e+08 5.942601944438810349e+08
3.453865866559921449e-01 -6.798871795559951067e+08 5.961162513825000525e+08
3.470490963283750507e-01 -6.144919244201173782e+08 5.968547227009289265e+08
3.487116060053874755e-01 -5.483095017791873217e+08 5.963878264171254635e+08
3.503741156869634166e-01 -4.814450173001175523e+08 5.946543028018656969e+08
3.520366253730383144e-01 -4.140158922500941157e+08 5.916201399591093063e+08
3.536991350635486642e-01 -3.461521407878212929e+08 5.872791653582615852e+08
3.553616447584322380e-01 -2.779964309529053569e+08 5.816535444357614517e+08
3.570241544576279180e-01 -2.097039347233929336e+08 5.747942047032357454e+08
3.586866641610758633e-01 -1.414419741443307698e+08 5.667811791654412746e+08
3.603491738687170098e-01 -7.338947202733279765e+07 5.577238336792383194e+08
3.620116835804937372e-01 -5.736217180701613426e+06 5.477609061167325974e+08
3.636741932963493684e-01 6.131804458500712365e+07 5.370602377350535393e+08
3.653367030162280593e-01 1.275646811971678585e+08 5.258180166997792721e+08
3.669992127400752979e-01 1.927873932514721155e+08 5.142572803843399286e+08
3.686617224678372939e-01 2.567635666094824672e+08 5.026253421996964812e+08
3.703242321994613118e-01 3.192657433040862083e+08 4.911897347352809310e+08
3.719867419348956150e-01 3.800631946804688573e+08 4.802322219051494598e+08
3.736492516740893000e-01 4.389235801429534554e+08 4.700404724264705181e+08
3.753117614169925176e-01 4.956146744296196699e+08 4.608971604053098559e+08
3.769742711635561405e-01 5.499061460401452780e+08 4.530666142956523299e+08
3.786367809137318741e-01 6.015713692885993719e+08 4.467796795270342231e+08
3.802992906674724227e-01 6.503892524058320522e+08 4.422181143128594160e+08
3.819618004247312126e-01 6.961460642399021387e+08 4.395004166541044116e+08
3.836243101854625026e-01 7.386372423256481886e+08 4.386712271992300153e+08
3.852868199496213841e-01 7.776691654514635801e+08 4.396961556193390489e+08
3.869493297171635593e-01 8.130608743559592962e+08 4.424630141069636941e+08
3.886118394880457849e-01 8.446457247492908239e+08 4.467892441432312131e+08
3.902743492622252064e-01 8.722729576024918556e+08 4.524341952433987260e+08
3.919368590396599683e-01 8.958091724328144789e+08 4.591142254737501740e+08
3.935993688203087704e-01 9.151396902392857075e+08 4.665184958169901967e+08
3.952618786041311449e-01 9.301697937398439646e+08 4.743237249588125348e+08
3.969243883910870685e-01 9.408258336373586655e+08 4.822068122124881148e+08
3.985868981811374612e-01 9.470561908003455400e+08 4.898548783570584059e+08
4.002494079742436872e-01 9.488320854694497585e+08 4.969727639259485602e+08
4.019119177703678880e-01 9.461482258499044180e+08 5.032883159435225129e+08
4.035744275694727046e-01 9.390232897944823503e+08 5.085559138075503707e+08
4.052369373715214440e-01 9.275002346138088703e+08 5.125586886983754635e+08
4.068994471764781906e-01 9.116464314349766970e+08 5.151098328567640781e+08
4.085619569843071952e-01 8.915536219179637432e+08 5.160533152358478904e+08
4.102244667949735413e-01 8.673376965486291647e+08 5.152642420967291594e+08
4.118869766084432005e-01 8.391382950966961384e+08 5.126490365234529972e+08
4.135494864246819224e-01 8.071182312333010435e+08 5.081455631569205523e+08
4.152119962436567890e-01 7.714627446379652023e+08 5.017232933733225465e+08
4.168745060653349932e-01 7.323785852493417263e+08 4.933835896642434597e+08
4.185370158896842829e-01 6.900929356093473434e+08 4.831601839470459819e+08
4.201995257166728504e-01 6.448521784534537792e+08 4.711199309081116319e+08
4.218620355462696647e-01 5.969205178921401501e+08 4.573639324608297348e+08
4.235245453784438063e-01 5.465784636167771816e+08 4.420291505465992093e+08
4.251870552131651881e-01 4.941211886019515395e+08 4.252906483700068593e+08
4.268495650504041117e-01 4.398567717155035138e+08 4.073646150200734138e+08
4.285120748901312115e-01 3.841043375073497295e+08 3.885123145386281610e+08
4.301745847323175664e-01 3.271921062304475904e+08 3.690450154543321729e+08
4.318370945769347546e-01 2.694553677841067314e+08 3.493297196746889949e+08
4.334996044239549096e-01 2.112343938914806545e+08 3.297949796996806860e+08
4.351621142733504422e-01 1.528723032077298164e+08 3.109350611370685697e+08
4.368246241250944295e-01 9.471289450084440410e+07 2.933089579928092360e+08
4.384871339791597822e-01 3.709846320228481293e+07 2.775283455509578586e+08
4.401496438355204099e-01 -1.963238317417239398e+07 2.642264047641156018e+08
4.418121536941504446e-01 -7.514689527519798279e+07 2.540002687574722171e+08
4.434746635550242400e-01 -1.291203224019033611e+08 2.473277500238541961e+08
4.451371734181167605e-01 -1.812380080789797008e+08 2.444754051358662248e+08
4.467996832834031928e-01 -2.311974257914787531e+08 2.454313827353337407e+08
4.484621931508591675e-01 -2.787101404735503793e+08 2.498955004443970621e+08
4.501247030204606481e-01 -3.235036817471787333e+08 2.573332805683601499e+08
4.517872128921838204e-01 -3.653233156736953259e+08 2.670687158483101130e+08
4.534497227660054253e-01 -4.039337023405776620e+08 2.783785198616962433e+08
4.551122326419027031e-01 -4.391204275678970218e+08 2.905624802352343202e+08
4.567747425198525613e-01 -4.706913977637478709e+08 3.029837151500676870e+08
4.584372523998329063e-01 -4.984780880724213123e+08 3.150849183328715563e+08
4.600997622818217003e-01 -5.223366348394778371e+08 3.263899012705050707e+08
4.617622721657972384e-01 -5.421487646960220337e+08 3.364980111857669950e+08
4.634247820517383154e-01 -5.578225535229012966e+08 3.450761354724317789e+08
4.650872919396236149e-01 -5.692930099788739681e+08 3.518507054177592993e+08
4.667498018294323758e-01 -5.765224792740894556e+08 3.566006939546438456e+08
4.684123117211442255e-01 -5.795008644104026556e+08 3.591518571121888757e+08
4.700748216147389580e-01 -5.782456630920730829e+08 3.593721335582923293e+08
4.717373315101965336e-01 -5.728018201703997850e+08 3.571679952318803072e+08
4.733998414074974126e-01 -5.632413963630545139e+08 3.524815238838454485e+08
4.750623513066224435e-01 -5.496630557867007256e+08 3.452880097005952597e+08
4.767248612075521974e-01 -5.321913755127193928e+08 3.355939046374329329e+08
4.783873711102680226e-01 -5.109759823398244381e+08 3.234349971298648715e+08
4.800498810147514894e-01 -4.861905222995918393e+08 3.088747077050846219e+08
4.817123909209840571e-01 -4.580314706668214202e+08 2.920024286768441796e+08
4.833749008289477955e-01 -4.267167900270134211e+08 2.729318542726070285e+08
4.850374107386249412e-01 -3.924844466957271695e+08 2.517992608603291810e+08
4.866999206499977859e-01 -3.555907946015594006e+08 2.287617140111860633e+08
4.883624305630492324e-01 -3.163088395314298868e+08 2.039951846390808821e+08
4.900249404777619611e-01 -2.749263935791306496e+08 1.776925724696675539e+08
4.916874503941192631e-01 -2.317441359046733379e+08 1.500616343687413931e+08
4.933499603121045407e-01 -1.870735883815763891e+08 1.213228427694609314e+08
4.950124702317013070e-01 -1.412350284560615122e+08 9.170721779485219717e+07
4.966749801528934083e-01 -9.455533836962950230e+07 6.145444332580145448e+07
4.983374900756649684e-01 -4.736585092751664668e+07 3.081358033938639238e+07
