# r [arcsec]	I [Jy/sr]	I_uncer [Jy/sr]
1.272617859314095550e-03 8.308876313272271729e+10 1.037843536571710706e+09
2.921189009106442414e-03 8.304516720763024902e+10 1.036074123275303125e+09
4.579495862547155495e-03 8.296678311630393982e+10 1.033029698460490346e+09
6.240002426697914550e-03 8.285367617509008789e+10 1.028672909062255383e+09
7.901343393063876494e-03 8.270596360269728088e+10 1.023007221385156512e+09
9.563088128690054243e-03 8.252380067396183777e+10 1.016046507454068184e+09
1.122505851373705593e-02 8.230737920138890076e+10 1.007810257410303712e+09
1.288716767388508287e-02 8.205692700802589417e+10 9.983224195382927656e+08
1.454936822595933807e-02 8.177270752257675171e+10 9.876109838369104862e+08
1.621163214106096165e-02 8.145501936398089600e+10 9.757077719530514479e+08
1.787394178310437384e-02 8.110419588667112732e+10 9.626482971769312620e+08
1.953628550253095827e-02 8.072060467898529053e+10 9.484716513299251795e+08
2.119865529577967186e-02 8.030464701289923096e+10 9.332204028683972359e+08
2.286104548286438387e-02 7.985675724500910950e+10 9.169405003483942747e+08
2.452345192144544592e-02 7.937740216942114258e+10 8.996811794838746786e+08
2.618587151961204035e-02 7.886708032350949097e+10 8.814948739707708359e+08
2.784830192283991451e-02 7.832632124770310974e+10 8.624371313052629232e+08
2.951074130657948408e-02 7.775568470057426453e+10 8.425665354922250509e+08
3.117318823511218417e-02 7.715575983062918091e+10 8.219446390406150818e+08
3.283564156322602012e-02 7.652716430624435425e+10 8.006359070697560310e+08
3.449810036628684490e-02 7.587054340533589172e+10 7.787076767499896288e+08
3.616056388957845924e-02 7.518656906635040283e+10 7.562301356912367344e+08
3.782303151098994481e-02 7.447593890229612732e+10 7.332763232608431578e+08
3.948550271312052662e-02 7.373937517955599976e+10 7.099221591399867535e+08
4.114797706214112089e-02 7.297762376331106567e+10 6.862465036625880003e+08
4.281045419157746001e-02 7.219145303144087219e+10 6.623312545333245993e+08
4.447293378972808769e-02 7.138165275883813477e+10 6.382614842618900537e+08
4.613541558980088775e-02 7.054903297410195923e+10 6.141256218597824574e+08
4.779789936210682849e-02 6.969442279064758301e+10 5.900156807115516663e+08
4.946038490782722619e-02 6.881866921427180481e+10 5.660275315808469057e+08
5.112287205399637657e-02 6.792263592930912781e+10 5.422612147810645103e+08
5.278536064943199074e-02 6.700720206546290588e+10 5.188212777095750570e+08
5.444785056141081270e-02 6.607326094752215576e+10 4.958171120142189264e+08
5.611034167293492414e-02 6.512171883010607147e+10 4.733632471730805635e+08
5.777283388046990098e-02 6.415349361967055511e+10 4.515795326796782613e+08
5.943532709206246489e-02 6.316951358597726440e+10 4.305911081462544203e+08
6.109782122576532665e-02 6.217071606526293182e+10 4.105280195559623241e+08
6.276031620831216962e-02 6.115804615735025787e+10 3.915242935809931755e+08
6.442281197399798987e-02 6.013245541892876434e+10 3.737162386033475995e+08
6.608530846372812073e-02 5.909490055525307465e+10 3.572397172065332532e+08
6.774780562420743002e-02 5.804634211248374176e+10 3.422261567796266675e+08
6.941030340724584080e-02 5.698774317288968658e+10 3.287971665450401306e+08
7.107280176916151715e-02 5.592006805512483215e+10 3.170578419371406436e+08
7.273530067026563739e-02 5.484428102174446106e+10 3.070891670019015670e+08
7.439780007441634813e-02 5.376134499615263367e+10 2.989403246006437540e+08
7.606029994863128252e-02 5.267222029108105469e+10 2.926220733268347383e+08
7.772280026274960840e-02 5.157786335072537994e+10 2.881024803189969063e+08
7.938530098913672284e-02 5.047922550859086609e+10 2.853060693781142235e+08
8.104780210242505667e-02 4.937725176307621765e+10 2.841168426547467709e+08
8.271030357928650656e-02 4.827287957278057098e+10 2.843848311055985689e+08
8.437280539823126257e-02 4.716703767345259857e+10 2.859351108835378289e+08
8.603530753943039455e-02 4.606064491849391937e+10 2.885778422815498114e+08
8.769780998455847798e-02 4.495460914480267334e+10 2.921179308728387952e+08
8.936031271665356712e-02 4.384982606576550293e+10 2.963632783029327989e+08
9.102281571999285004e-02 4.274717819308448029e+10 3.011310880330503583e+08
9.268531897998151525e-02 4.164753378908451843e+10 3.062521416971892715e+08
9.434782248305331742e-02 4.055174585108390045e+10 3.115732685813363194e+08
9.601032621658157906e-02 3.946065112932773590e+10 3.169583805413107872e+08
9.767283016879922675e-02 3.837506917991854095e+10 3.222884730107866526e+08
9.933533432872686253e-02 3.729580145410209656e+10 3.274609489571124315e+08
1.009978386861079547e-01 3.622363042518418884e+10 3.323885484649831653e+08
1.026603432313502873e-01 3.515931875428300476e+10 3.369980891204945445e+08
1.043228479554730720e-01 3.410360849602619553e+10 3.412291552379574776e+08
1.059853528500589448e-01 3.305722034523799133e+10 3.450328218456826210e+08
1.076478579072105424e-01 3.202085292554583740e+10 3.483704618601210117e+08
1.093103631195108394e-01 3.099518212079304886e+10 3.512126595449846983e+08
1.109728684799872744e-01 2.998086045000101471e+10 3.535382371993353367e+08
1.126353739820789568e-01 2.897851648659356689e+10 3.553333923672708273e+08
1.142978796196066349e-01 2.798875432245293427e+10 3.565909375782239437e+08
1.159603853867454265e-01 2.701215307733317566e+10 3.573096321480973959e+08
1.176228912779997832e-01 2.604926645402033234e+10 3.574935948010002375e+08
1.192853972881804531e-01 2.510062233958250427e+10 3.571517860812076926e+08
1.209479034123834701e-01 2.416672245292296982e+10 3.562975502384913564e+08
1.226104096459709192e-01 2.324804203878981400e+10 3.549482071937143207e+08
1.242729159845529646e-01 2.234502960827030182e+10 3.531246861468938589e+08
1.259354224239715991e-01 2.145810672575488663e+10 3.508511932748487592e+08
1.275979289602855449e-01 2.058766784220948029e+10 3.481549067275077701e+08
1.292604355897561952e-01 1.973408017456118393e+10 3.450656927465212941e+08
1.309229423088349165e-01 1.889768363087283325e+10 3.416158371938370466e+08
1.325854491141509606e-01 1.807879078092243958e+10 3.378397870980309844e+08
1.342479560025006402e-01 1.727768687170080185e+10 3.337738970213403106e+08
1.359104629708369483e-01 1.649462988727456856e+10 3.294561751460608840e+08
1.375729700162601765e-01 1.572985065236617851e+10 3.249260240102009177e+08
1.392354771360091448e-01 1.498355297893016815e+10 3.202239708377394676e+08
1.408979843274529020e-01 1.425591385492883682e+10 3.153913824652190804e+08
1.425604915880832879e-01 1.354708367443186188e+10 3.104701600416429639e+08
1.442229989155077718e-01 1.285718650809769630e+10 3.055024090580641031e+08
1.458855063074428748e-01 1.218632041301574326e+10 3.005300809514638782e+08
1.475480137617080634e-01 1.153455778083605957e+10 2.955945836283800006e+08
1.492105212762198374e-01 1.090194572303437614e+10 2.907363598692056537e+08
1.508730288489867621e-01 1.028850649210837936e+10 2.859944347773808837e+08
1.525355364781040279e-01 9.694237937439579010e+09 2.814059362533647418e+08
1.541980441617490649e-01 9.119113994507385254e+09 2.770055958467122316e+08
1.558605518981770188e-01 8.563085206079428673e+09 2.728252411072456837e+08
1.575230596857167542e-01 8.026079273960886955e+09 2.688932944313493371e+08
1.591855675227668576e-01 7.508001639848911285e+09 2.652342969671126604e+08
1.608480754077921959e-01 7.008736093778779030e+09 2.618684788896320462e+08
1.625105833393203636e-01 6.528145408630608559e+09 2.588113987431587279e+08
1.641730913159387406e-01 6.066071999120781898e+09 2.560736740835177600e+08
1.658355993362912173e-01 5.622338603674902916e+09 2.536608230328967869e+08
1.674981073990755853e-01 5.196748987556838036e+09 2.515732315441398919e+08
1.691606155030408176e-01 4.789088665602398872e+09 2.498062544634424746e+08
1.708231236469845982e-01 4.399125642887217522e+09 2.483504505126543045e+08
1.724856318297508795e-01 4.026611171651538372e+09 2.471919429637714028e+08
1.741481400502279120e-01 3.671280522783833027e+09 2.463128900279564559e+08
1.758106483073458848e-01 3.332853770164539337e+09 2.456920427268811762e+08
1.774731566000750660e-01 3.011036586169263363e+09 2.453053639109419286e+08
1.791356649274240265e-01 2.705521046627859116e+09 2.451266804438039362e+08
1.807981732884377246e-01 2.415986443540065765e+09 2.451283413241280317e+08
1.824606816821959798e-01 2.142100103864292622e+09 2.452818572830953896e+08
1.841231901078118072e-01 1.883518212694899559e+09 2.455585015974822640e+08
1.857856985644300296e-01 1.639886639171461105e+09 2.459298568306541443e+08
1.874482070512257237e-01 1.410841763476151466e+09 2.463682973367801309e+08
1.891107155674030538e-01 1.196011303295489788e+09 2.468474021375775337e+08
1.907732241121938566e-01 9.950151381555546522e+08 2.473422968656783104e+08
1.924357326848565586e-01 8.074661300608453751e+08 2.478299266904144883e+08
1.940982412846749550e-01 6.329709389057084322e+08 2.482892644593655765e+08
1.957607499109572380e-01 4.711308311550329924e+08 2.487014597691051662e+08
1.974232585630348313e-01 3.215424803369366527e+08 2.490499354417306185e+08
1.990857672402615297e-01 1.837987579227486551e+08 2.493204380845979452e+08
2.007482759420124996e-01 5.748951321931445599e+07 2.495010491991809011e+08
2.024107846676835298e-01 -5.779765906141637266e+07 2.495821628211700618e+08
2.040732934166899215e-01 -1.624766648344806433e+08 2.495564350316210985e+08
2.057358021884660160e-01 -2.569621715166679025e+08 2.494187099683255851e+08
2.073983109824642512e-01 -3.416688849176914692e+08 2.491659262522720695e+08
2.090608197981545235e-01 -4.170108432799805403e+08 2.487970070721649528e+08
2.107233286350234380e-01 -4.834007295351347327e+08 2.483127365681818724e+08
2.123858374925735870e-01 -5.412492027931987047e+08 2.477156246401924789e+08
2.140483463703231337e-01 -5.909642500137907267e+08 2.470097618854540884e+08
2.157108552678049240e-01 -6.329505587606250048e+08 2.462006660454277694e+08
2.173733641845664311e-01 -6.676089118619006872e+08 2.452951211114395261e+08
2.190358731201685061e-01 -6.953356047576297522e+08 2.443010100994641781e+08
2.206983820741854618e-01 -7.165218862279326916e+08 2.432271424498078525e+08
2.223608910462041566e-01 -7.315534231571272612e+08 2.420830770320062935e+08
2.240234000358239386e-01 -7.408097899015594721e+08 2.408789418300180137e+08
2.256859090426557024e-01 -7.446639827824889421e+08 2.396252515386376083e+08
2.273484180663219723e-01 -7.434819601473363638e+08 2.383327245078660548e+08
2.290109271064561247e-01 -7.376222083865971565e+08 2.370121007114289403e+08
2.306734361627020280e-01 -7.274353342248387337e+08 2.356739626751211584e+08
2.323359452347137921e-01 -7.132636835401257277e+08 2.343285615567130446e+08
2.339984543221555469e-01 -6.954409869048931599e+08 2.329856508026695549e+08
2.356609634247005536e-01 -6.742920319749423265e+08 2.316543299920949042e+08
2.373234725420314828e-01 -6.501323627939275503e+08 2.303429015933751166e+08
2.389859816738397480e-01 -6.232680060165686607e+08 2.290587433802072406e+08
2.406484908198254224e-01 -5.939952239965806007e+08 2.278081991646023393e+08
2.423109999796965175e-01 -5.626002946219903231e+08 2.265964902925579846e+08
2.439735091531692601e-01 -5.293593177282583714e+08 2.254276500098065138e+08
2.456360183399674824e-01 -4.945380478567473292e+08 2.243044823450596035e+08
2.472985275398224547e-01 -4.583917530780719519e+08 2.232285465948445499e+08
2.489610367524725254e-01 -4.211650995412000418e+08 2.222001678478641510e+08
2.506235459776631203e-01 -3.830920613611132503e+08 2.212184732955053151e+08
2.522860552151463542e-01 -3.443958554069938064e+08 2.202814533716220558e+08
2.539485644646808371e-01 -3.052889005073487759e+08 2.193860460920758247e+08
2.556110737260313126e-01 -2.659728005389586389e+08 2.185282423563673794e+08
2.572735829989687417e-01 -2.266383508296162486e+08 2.177032094653472304e+08
2.589360922832700251e-01 -1.874655672563315034e+08 2.169054297193067372e+08
2.605986015787175591e-01 -1.486237373902719617e+08 2.161288507081372738e+08
2.622611108850994577e-01 -1.102714929936648905e+08 2.153670437869744003e+08
2.639236202022091082e-01 -7.255690314918439090e+07 2.146133672445037365e+08
2.655861295298450053e-01 -3.561758726489530504e+07 2.138611307970583439e+08
2.672486388678106950e-01 4.191528290797290392e+05 2.131037582606578767e+08
2.689111482159146083e-01 3.543618250389642268e+07 2.123349455377151370e+08
2.705736575739698391e-01 6.932636650783209503e+07 2.115488113804408014e+08
2.722361669417941443e-01 1.019923845539964139e+08 2.107400387311196923e+08
2.738986763192096108e-01 1.333465311926488131e+08 2.099040047706723809e+08
2.755611857060425440e-01 1.633105008608543575e+08 2.090368981099682748e+08
2.772236951021236906e-01 1.918151590156148374e+08 2.081358218218657076e+08
2.788862045072874607e-01 2.188003002660097778e+08 2.071988812252337635e+08
2.805487139213725944e-01 2.442143944314877391e+08 2.062252554940313995e+08
2.822112233442213292e-01 2.680143214569364190e+08 2.052152522720879018e+08
2.838737327756796214e-01 2.901650961221120358e+08 2.041703445378590822e+08
2.855362422155972579e-01 3.106395834810759425e+08 2.030931889859414995e+08
2.871987516638271343e-01 3.294182059700649977e+08 2.019876251930088103e+08
2.888612611202258651e-01 3.464886431160980463e+08 2.008586548244569004e+08
2.905237705846532292e-01 3.618455247728949785e+08 1.997124001388572454e+08
2.921862800569720031e-01 3.754901188082788587e+08 1.985560410787419975e+08
2.938487895370484604e-01 3.874300141482705474e+08 1.973977303227511644e+08
2.955112990247516502e-01 3.976788000812540650e+08 1.962464858421492875e+08
2.971738085199533974e-01 4.062557427021592855e+08 1.951120607755567729e+08
2.988363180225286353e-01 4.131854593705734611e+08 1.940047908336388171e+08
3.004988275323551283e-01 4.184975920285407901e+08 1.929354199832206070e+08
3.021613370493130279e-01 4.222264802148173451e+08 1.919149058469108641e+08
3.038238465732852611e-01 4.244108345818203092e+08 1.909542070768169761e+08
3.054863561041573639e-01 4.250934117079381943e+08 1.900640559005697668e+08
3.071488656418173702e-01 4.243206909643837214e+08 1.892547200418693721e+08
3.088113751861554790e-01 4.221425541794116497e+08 1.885357592264832258e+08
3.104738847370644983e-01 4.186119688086104393e+08 1.879157824064943194e+08
3.121363942944395120e-01 4.137846752971704006e+08 1.874022125797137618e+08
3.137989038581776025e-01 4.077188792863308787e+08 1.870010665413347781e+08
3.154614134281782389e-01 4.004749492925870419e+08 1.867167569979914129e+08
3.171239230043430002e-01 3.921151204493349791e+08 1.865519241299147606e+08
3.187864325865753523e-01 3.827032048746645451e+08 1.865073028863651752e+08
3.204489421747808708e-01 3.723043091980649233e+08 1.865816310564090908e+08
3.221114517688670742e-01 3.609845597360639572e+08 1.867716015525425673e+08
3.237739613687434237e-01 3.488108357881036997e+08 1.870718604867898226e+08
3.254364709743211015e-01 3.358505114748240113e+08 1.874750506640718281e+08
3.270989805855132326e-01 3.221712065209074020e+08 1.879718982190338671e+08
3.287614902022346075e-01 3.078405463381474614e+08 1.885513384404544830e+08
3.304239998244018484e-01 2.929259317394111156e+08 1.892006754755455852e+08
3.320865094519330207e-01 2.774943185744898915e+08 1.899057696783967316e+08
3.337490190847480775e-01 2.616120075465204120e+08 1.906512458806668818e+08
3.354115287227684150e-01 2.453444444324856102e+08 1.914207158184345961e+08
3.370740383659170392e-01 2.287560309006673992e+08 1.921970082775667310e+08
3.387365480141183438e-01 2.119099460796650350e+08 1.929624011536682248e+08
3.403990576672984991e-01 1.948679790040661693e+08 1.936988504545683265e+08
3.420615673253846745e-01 1.776903720294428468e+08 1.943882122230025232e+08
3.437240769883058711e-01 1.604356752764742970e+08 1.950124543260050118e+08
3.453865866559921449e-01 1.431606121305333376e+08 1.955538559941936731e+08
3.470490963283750507e-01 1.259199558003341407e+08 1.959951938348148167e+08
3.487116060053874755e-01 1.087664168979860842e+08 1.963199137727211118e+08
3.503741156869634166e-01 9.175054198678024113e+07 1.965122889678152502e+08
3.520366253730383144e-01 7.492062300396887958e+07 1.965575642290405333e+08
3.536991350635486642e-01 5.832261744615973532e+07 1.964420877913866639e+08
3.553616447584322380e-01 4.200007917840453982e+07 1.961534315724975467e+08
3.570241544576279180e-01 2.599409969649367407e+07 1.956805011833376288e+08
3.586866641610758633e-01 1.034325965985266492e+07 1.950136370669995844e+08
3.603491738687170098e-01 -4.916409521251052618e+06 1.941447081825003922e+08
3.620116835804937372e-01 -1.975145427527477965e+07 1.930671996666736007e+08
3.636741932963493684e-01 -3.413101788779200613e+07 1.917762958931905925e+08
3.653367030162280593e-01 -4.802685022377884388e+07 1.902689603269007802e+08
3.669992127400752979e-01 -6.141330843966647238e+07 1.885440135312241018e+08
3.686617224678372939e-01 -7.426734899486662447e+07 1.866022106431694925e+08
3.703242321994613118e-01 -8.656851128074009717e+07 1.844463195611101687e+08
3.719867419348956150e-01 -9.829889320593066514e+07 1.820812009993579090e+08
3.736492516740893000e-01 -1.094431190822554380e+08 1.795138914151615202e+08
3.753117614169925176e-01 -1.199883001719473153e+08 1.767536895916731358e+08
3.769742711635561405e-01 -1.299239882668114007e+08 1.738122473084635437e+08
3.786367809137318741e-01 -1.392421226732786596e+08 1.707036640001236498e+08
3.802992906674724227e-01 -1.479369709933356643e+08 1.674445845022447109e+08
3.819618004247312126e-01 -1.560050640889108181e+08 1.640542978143700659e+08
3.836243101854625026e-01 -1.634451256288167536e+08 1.605548331329135001e+08
3.852868199496213841e-01 -1.702579966182314157e+08 1.569710470702354908e+08
3.869493297171635593e-01 -1.764465553113900423e+08 1.533306928109851778e+08
3.886118394880457849e-01 -1.820156329156641364e+08 1.496644578115042448e+08
3.902743492622252064e-01 -1.869719254882739484e+08 1.460059514572486877e+08
3.919368590396599683e-01 -1.913239024300940335e+08 1.423916179490688145e+08
3.935993688203087704e-01 -1.950817119803684652e+08 1.388605430360474885e+08
3.952618786041311449e-01 -1.982570841068020463e+08 1.354541169793078005e+08
3.969243883910870685e-01 -2.008632311907885075e+08 1.322155120256165266e+08
3.985868981811374612e-01 -2.029147468936918676e+08 1.291889331970887929e+08
4.002494079742436872e-01 -2.044275035896664858e+08 1.264186096774837375e+08
4.019119177703678880e-01 -2.054185487408018112e+08 1.239475138384902924e+08
4.035744275694727046e-01 -2.059060005875396132e+08 1.218158282650322467e+08
4.052369373715214440e-01 -2.059089435078787506e+08 1.200592270210447460e+08
4.068994471764781906e-01 -2.054473234066950083e+08 1.187070899128113687e+08
4.085619569843071952e-01 -2.045418434677280784e+08 1.177808156947205961e+08
4.102244667949735413e-01 -2.032138606056745648e+08 1.172924263799632937e+08
4.118869766084432005e-01 -2.014852829337421358e+08 1.172436455771819651e+08
4.135494864246819224e-01 -1.993784685594983101e+08 1.176255833224758655e+08
4.152119962436567890e-01 -1.969161259978108704e+08 1.184190757098281235e+08
4.168745060653349932e-01 -1.941212164916547537e+08 1.195956304052959979e+08
4.185370158896842829e-01 -1.910168585021905899e+08 1.211188445312474519e+08
4.201995257166728504e-01 -1.876262346306464672e+08 1.229461104618605077e+08
4.218620355462696647e-01 -1.839725012090629339e+08 1.250304156148598194e+08
4.235245453784438063e-01 -1.800787007899807394e+08 1.273220689522824436e+08
4.251870552131651881e-01 -1.759676777459012866e+08 1.297702348763273060e+08
4.268495650504041117e-01 -1.716619971790069342e+08 1.323242087922053188e+08
4.285120748901312115e-01 -1.671838673204584718e+08 1.349344152786413729e+08
4.301745847323175664e-01 -1.625550655927111804e+08 1.375531437143535316e+08
4.318370945769347546e-01 -1.577968684816083610e+08 1.401350560000356138e+08
4.334996044239549096e-01 -1.529299853598440588e+08 1.426375093990453184e+08
4.351621142733504422e-01 -1.479744963838647604e+08 1.450207375582287908e+08
4.368246241250944295e-01 -1.429497945698510706e+08 1.472479283421843350e+08
4.384871339791597822e-01 -1.378745321415618956e+08 1.492852303270929158e+08
4.401496438355204099e-01 -1.327665712293094993e+08 1.511017129391424060e+08
4.418121536941504446e-01 -1.276429389778740257e+08 1.526692986602000892e+08
4.434746635550242400e-01 -1.225197871168246567e+08 1.539626805246599317e+08
4.451371734181167605e-01 -1.174123560213246644e+08 1.549592337028946877e+08
4.467996832834031928e-01 -1.123349432854630053e+08 1.556389269556710720e+08
4.484621931508591675e-01 -1.073008768132445514e+08 1.559842371975098550e+08
4.501247030204606481e-01 -1.023224924160403013e+08 1.559800689950422347e+08
4.517872128921838204e-01 -9.741111589868061244e+07 1.556136794667510986e+08
4.534497227660054253e-01 -9.257704959544388950e+07 1.548746085955599248e+08
4.551122326419027031e-01 -8.782956331140226126e+07 1.537546142288179100e+08
4.567747425198525613e-01 -8.317688960744161904e+07 1.522476111108628511e+08
4.584372523998329063e-01 -7.862622335871094465e+07 1.503496128250597715e+08
4.600997622818217003e-01 -7.418372550297266245e+07 1.480586758807481825e+08
4.617622721657972384e-01 -6.985453088506034017e+07 1.453748447806354761e+08
4.634247820517383154e-01 -6.564276009285174310e+07 1.423000974415648282e+08
4.650872919396236149e-01 -6.155153516999875009e+07 1.388382898941740096e+08
4.667498018294323758e-01 -5.758299908326010406e+07 1.349950998743975759e+08
4.684123117211442255e-01 -5.373833880774699897e+07 1.307779683443437964e+08
4.700748216147389580e-01 -5.001781189156819135e+07 1.261960388402184844e+08
4.717373315101965336e-01 -4.642077634861304611e+07 1.212600937666815519e+08
4.733998414074974126e-01 -4.294572372142098099e+07 1.159824878553768247e+08
4.750623513066224435e-01 -3.959031515171969682e+07 1.103770779286104441e+08
4.767248612075521974e-01 -3.635142028432247788e+07 1.044591495690797269e+08
4.783873711102680226e-01 -3.322515883120849729e+07 9.824533977353860438e+07
4.800498810147514894e-01 -3.020694460928078368e+07 9.175355671827194095e+07
4.817123909209840571e-01 -2.729153186790500581e+07 8.500289554998877645e+07
4.833749008289477955e-01 -2.447306370993285999e+07 7.801355222106131911e+07
4.850374107386249412e-01 -2.174512241627758741e+07 7.080673409125839174e+07
4.866999206499977859e-01 -1.910078146716519818e+07 6.340457133592250943e+07
4.883624305630492324e-01 -1.653265906500926614e+07 5.583002852552901208e+07
4.900249404777619611e-01 -1.403297294855590165e+07 4.810682763617668301e+07
4.916874503941192631e-01 -1.159359629736590758e+07 4.025939250713291764e+07
4.933499603121045407e-01 -9.206114508761210367e+06 3.231287729919225350e+07
4.950124702317013070e-01 -6.861882658227268606e+06 2.429345832887127623e+07
4.966749801528934083e-01 -4.552083391508912668e+06 1.622990240421687067e+07
4.983374900756649684e-01 -2.267785142995433416e+06 8.164664664928347804e+06
