# r [arcsec]	I [Jy/sr]	I_uncer [Jy/sr]
3.817853577942286001e-03 1.009112337133950806e+11 1.286816028735258818e+09
8.763567027319327241e-03 1.003249914694570770e+11 1.266704336927950859e+09
1.373848758764146562e-02 9.927861467378410339e+10 1.231084384349750042e+09
1.872000728009374365e-02 9.778597240522653198e+10 1.180898547154651403e+09
2.370403017919163122e-02 9.586707696513867188e+10 1.117495918116481066e+09
2.868926438607016446e-02 9.354754523403178406e+10 1.042604767309182286e+09
3.367517554121116780e-02 9.085813033486499023e+10 9.583120967369244099e+08
3.866150302165524688e-02 8.783417980244973755e+10 8.670528057620738745e+08
4.364810467787801074e-02 8.451501954933032227e+10 7.716207990041666031e+08
4.863489642318288148e-02 8.094327436560102844e+10 6.752218326979024410e+08
5.362182534931311806e-02 7.716413831017103577e+10 5.815951817706756592e+08
5.860885650759287135e-02 7.322460954386874390e+10 4.952218292590851784e+08
6.359596588733901212e-02 6.917270480519696045e+10 4.215405322516700029e+08
6.858313644859315161e-02 6.505666898769694519e+10 3.667304823780047297e+08
7.357035576433633428e-02 6.092419517854874420e+10 3.360070080034150481e+08
7.855761455883611410e-02 5.682167007760388947e+10 3.301495580616524220e+08
8.354490576851973660e-02 5.279345895212187958e+10 3.437126200210193992e+08
8.853222391973845917e-02 4.888124321821750641e+10 3.680230171954688430e+08
9.351956470533653865e-02 4.512342240485327148e+10 3.952849296382272840e+08
9.850692468967806037e-02 4.155459068544884491e+10 4.201329779340105653e+08
1.034943010988605139e-01 3.820509639623506927e+10 4.393743355336113572e+08
1.084816916687353777e-01 3.510069104376621246e+10 4.513599258923022747e+08
1.134690945329698275e-01 3.226227228388648987e+10 4.554960809479261637e+08
1.184565081393615799e-01 2.970572327981863403e+10 4.519339490379748344e+08
1.234439311864233557e-01 2.744184876736983490e+10 4.413786692214267850e+08
1.284313625747323662e-01 2.547640611891635132e+10 4.249686434830611944e+08
1.334188013691842700e-01 2.381022775139603806e+10 4.041931284058224559e+08
1.384062467694026355e-01 2.243942941012656021e+10 3.808256430169426203e+08
1.433936980863204647e-01 2.135569721899502945e+10 3.568499175797058940e+08
1.483811547234816508e-01 2.054664495222381210e+10 3.343461951003619432e+08
1.533686161619891020e-01 1.999623178161014175e+10 3.152976292700046897e+08
1.583560819482959792e-01 1.968522980735382843e+10 3.012946176371830106e+08
1.633435516842324520e-01 1.959173000516228485e+10 2.931908455956473947e+08
1.683310250188047585e-01 1.969167482483626938e+10 2.908724803231199980e+08
1.733185016414096891e-01 1.995940555677609634e+10 2.933101810818636417e+08
1.783059812761873808e-01 2.036821273642832947e+10 2.988926189163258672e+08
1.832934636772959591e-01 2.089087826998072815e+10 3.058542636300660372e+08
1.882809486249364950e-01 2.150019861873850250e+10 3.126076625381501317e+08
1.932684359219939418e-01 2.216947925048521423e+10 3.179175689379451275e+08
1.982559253911843622e-01 2.287299162504712677e+10 3.209519560099351406e+08
2.032434168726222901e-01 2.358638519581167221e+10 3.212663918022822142e+08
2.082309102217375085e-01 2.428704824402014160e+10 3.187614952595283389e+08
2.132184053074845376e-01 2.495441278137684631e+10 3.136329150588663220e+08
2.182059020107968983e-01 2.557020022132056046e+10 3.063201395736271739e+08
2.231934002232490444e-01 2.611860599295661163e+10 2.974535032409592271e+08
2.281808998458938198e-01 2.658642271802243042e+10 2.877952818408042789e+08
2.331684007882487975e-01 2.696310295659800339e+10 2.781695247600831389e+08
2.381559029674101546e-01 2.724076382051664734e+10 2.693769156199606061e+08
2.431434063072751561e-01 2.741413692741039276e+10 2.620972223696940541e+08
2.481309107378594780e-01 2.748046819991769791e+10 2.567930607487025857e+08
2.531184161946937738e-01 2.743937288542294693e+10 2.536398234765338302e+08
2.581059226182911837e-01 2.729265186839351273e+10 2.525075745462598503e+08
2.630934299536754062e-01 2.704407586150150681e+10 2.530049769509180188e+08
2.680809381499607014e-01 2.669914439017640305e+10 2.545706464024113417e+08
2.730684471599785779e-01 2.626482662960657883e+10 2.565811731557912529e+08
2.780559569399445041e-01 2.574929111999174881e+10 2.584468870994379818e+08
2.830434674491599245e-01 2.516163118571873093e+10 2.596800506032523513e+08
2.880309786497447511e-01 2.451159253151205063e+10 2.599337437515884042e+08
2.930184905063976664e-01 2.380930900126394272e+10 2.590169948287991285e+08
2.980060029861805737e-01 2.306505188334934616e+10 2.568931254303856194e+08
3.029935160583238640e-01 2.228899745195061493e+10 2.536666952222875953e+08
3.079810296940508341e-01 2.149101667051692581e+10 2.495621413656536043e+08
3.129685438664192021e-01 2.068049017471695328e+10 2.448953496012369692e+08
3.179560585501768344e-01 1.986615082166323471e+10 2.400384364759016931e+08
3.229435737216315716e-01 1.905595526241416550e+10 2.353782420141717494e+08
3.279310893585324904e-01 1.825698518709102631e+10 2.312706065457086563e+08
3.329186054399617678e-01 1.747537812557107925e+10 2.279951957310565412e+08
3.379061219462368704e-01 1.671628697864493561e+10 2.257183341319943666e+08
3.428936388588199047e-01 1.598386681885842133e+10 2.244720909852494895e+08
3.478811561602362934e-01 1.528128694838769722e+10 2.241551650800080895e+08
3.528686738339993356e-01 1.461076574135806274e+10 2.245553836993143559e+08
3.578561918645413176e-01 1.397362543526541138e+10 2.253876162225016057e+08
3.628437102371503964e-01 1.337036377264930153e+10 2.263377030923229754e+08
3.678312289379127020e-01 1.280073922926366043e+10 2.271036674990051389e+08
3.728187479536588800e-01 1.226386649529306793e+10 2.274286527340162992e+08
3.778062672719147974e-01 1.175831889605962181e+10 2.271235395645375252e+08
3.827937868808565791e-01 1.128223454040406799e+10 2.260796292529841959e+08
3.877813067692685856e-01 1.083342315934257889e+10 2.242728408426929712e+08
3.927688269265047216e-01 1.040947083408950043e+10 2.217609406094029844e+08
3.977563473424529095e-01 1.000784009990940666e+10 2.186749091468563974e+08
4.027438680075018929e-01 9.625963238743558884e+09 2.152050633098562956e+08
4.077313889125108171e-01 9.261326927481306076e+09 2.115822693764931262e+08
4.127189100487804740e-01 8.911546778651832581e+09 2.080547210721572936e+08
4.177064314080274343e-01 8.574430685453237534e+09 2.048614471845133007e+08
4.226939529823587338e-01 8.248030253476277351e+09 2.022049137697472870e+08
4.276814747642498915e-01 7.930679958389504433e+09 2.002264150934643447e+08
4.326689967465233155e-01 7.621024004627784729e+09 1.989886686155725121e+08
4.376565189223286523e-01 7.318031168470311165e+09 1.984693746912955642e+08
4.426440412851241901e-01 7.020998184875038147e+09 1.985672793387649655e+08
4.476315638286594845e-01 6.729542477449489594e+09 1.991192498614729643e+08
4.526190865469603142e-01 6.443585232686190605e+09 1.999243845367836952e+08
4.576066094343120838e-01 6.163325981958217621e+09 2.007702443219392598e+08
4.625941324852472225e-01 5.889209977716729164e+09 2.014569746974080503e+08
4.675816556945310287e-01 5.621889734751465797e+09 2.018166556996798515e+08
4.725691790571502904e-01 5.362182154941196442e+09 2.017268171984776556e+08
4.775567025683005173e-01 5.111022666940247536e+09 2.011181694459189475e+08
4.825442262233765600e-01 4.869417793441039085e+09 1.999771294744656980e+08
4.875317500179611185e-01 4.638397511156344414e+09 1.983438230536424518e+08
4.925192739478161941e-01 4.418968695700853348e+09 1.963061258427683711e+08
4.975067980088735964e-01 4.212070848505149364e+09 1.939901642389857173e+08
5.024943221972267837e-01 4.018535189100800037e+09 1.915476660532463193e+08
5.074818465091224251e-01 3.839048066843480587e+09 1.891407269229995012e+08
5.124693709409537945e-01 3.674119504546851635e+09 1.869249723696765304e+08
5.174568954892526662e-01 3.524057535599805832e+09 1.850326782440171242e+08
5.224444201506837082e-01 3.388948838772535324e+09 1.835579577093052566e+08
5.274319449220377098e-01 3.268646013826189995e+09 1.825463193520496488e+08
5.324194698002251425e-01 3.162761678800696850e+09 1.819904749601660669e+08
5.374069947822720517e-01 3.070669408956403255e+09 1.818331947505932152e+08
5.423945198653131738e-01 2.991511380198318958e+09 1.819765840443177819e+08
5.473820450465878285e-01 2.924212428771717548e+09 1.822959119760991037e+08
5.523695703234354770e-01 2.867500096357074738e+09 1.826554927422504425e+08
5.573570956932899501e-01 2.819930097701584339e+09 1.829242105461682081e+08
5.623446211536771155e-01 2.779916528759813786e+09 1.829888771467220783e+08
5.673321467022091058e-01 2.745766029124229908e+09 1.827643728803647757e+08
5.723196723365815419e-01 2.715715025292770386e+09 1.822001742624528408e+08
5.773071980545696480e-01 2.687969112888365269e+09 1.812832934054355621e+08
5.822947238540248094e-01 2.660743587939583302e+09 1.800378572654364705e+08
5.872822497328716862e-01 2.632304111076604843e+09 1.785216172136248648e+08
5.922697756891045495e-01 2.601006484994288921e+09 1.768196970804576576e+08
5.972573017207846169e-01 2.565334545338937283e+09 1.750359442935958505e+08
6.022448278260374988e-01 2.523935208390837193e+09 1.732824008986353278e+08
6.072323540030505340e-01 2.475649785106067657e+09 1.716676737954530120e+08
6.122198802500696813e-01 2.419540759248230457e+09 1.702853101719655395e+08
6.172074065653979646e-01 2.354913335903185368e+09 1.692035591448069215e+08
6.221949329473926982e-01 2.281331193469929695e+09 1.684579649213676751e+08
6.271824593944635984e-01 2.198626014518890858e+09 1.680479606762221158e+08
6.321699859050702308e-01 2.106900525474767685e+09 1.679380068446020782e+08
6.371575124777206778e-01 2.006524938202667713e+09 1.680629976261777878e+08
6.421450391109693179e-01 1.898126854213901997e+09 1.683369066008758545e+08
6.471325658034148276e-01 1.782574860012493610e+09 1.686631908611524403e+08
6.521200925536991821e-01 1.660956205658846617e+09 1.689454141557772160e+08
6.571076193605055460e-01 1.534549113422441006e+09 1.690968113354274333e+08
6.620951462225563855e-01 1.404790405155459404e+09 1.690479359490467608e+08
6.670826731386124697e-01 1.273239261629232645e+09 1.687519521435959339e+08
6.720702001074717602e-01 1.141538030938736677e+09 1.681874566792852581e+08
6.770577271279670795e-01 1.011371083026225209e+09 1.673589233662905991e+08
6.820452541989658890e-01 8.844227609676638842e+08 1.662949746537323892e+08
6.870327813193682909e-01 7.623355051201888323e+08 1.650447468594020009e+08
6.920203084881060285e-01 6.466692226308605671e+08 1.636726689209130704e+08
6.970078357041413764e-01 5.388629420275152922e+08 1.622520490053353310e+08
7.019953629664664740e-01 4.401997314215825200e+08 1.608579683984772563e+08
7.069828902741016607e-01 3.517757708349089622e+08 1.595601029237332940e+08
7.119704176260943651e-01 2.744743567243257761e+08 1.584161892656627595e+08
7.169579450215193273e-01 2.089454830376083851e+08 1.574668722457095087e+08
7.219454724594762673e-01 1.555914918696596920e+08 1.567325606308753490e+08
7.269329999390895525e-01 1.145591222803350389e+08 1.562126686047968268e+08
7.319205274595077526e-01 8.573811277566388249e+07 1.558872654127281308e+08
7.369080550199024193e-01 6.876633626960825920e+07 1.557207813825281560e+08
7.418955826194673087e-01 6.304127106575279683e+07 1.556671228068098426e+08
7.468831102574174929e-01 6.773744249927426875e+07 1.556754009899944365e+08
7.518706379329892497e-01 8.182931212779518962e+07 1.556954976249563396e+08
7.568581656454390627e-01 1.041189491658185720e+08 1.556828338664292991e+08
7.618456933940425113e-01 1.332676961694491208e+08 1.556019224514031410e+08
7.668332211780939378e-01 1.678309411283510625e+08 1.554285023651793301e+08
7.718207489969062252e-01 2.062950337736595869e+08 1.551502456633003056e+08
7.768082768498100199e-01 2.471153369631352127e+08 1.547661710600220859e+08
7.817958047361527329e-01 2.887543855386639833e+08 1.542849998862931728e+08
7.867833326552983175e-01 3.297191353449938297e+08 1.537227547520082593e+08
7.917708606066273802e-01 3.685963235662473440e+08 1.530999367410677969e+08
7.967583885895350715e-01 4.040850268316112757e+08 1.524386260481254458e+08
8.017459166034320850e-01 4.350255935351915956e+08 1.517598324723262191e+08
8.067334446477437693e-01 4.604242387152183056e+08 1.510813737317568064e+08
8.117209727219093507e-01 4.794727202534739971e+08 1.504164813343837857e+08
8.167085008253823775e-01 4.915626602161235213e+08 1.497732315742490888e+08
8.216960289576287213e-01 4.962942306022384763e+08 1.491547854902256429e+08
8.266835571181275766e-01 4.934790841079756021e+08 1.485603132466723919e+08
8.316710853063710163e-01 4.831375731308721304e+08 1.479863926342007518e+08
8.366586135218624376e-01 4.654904595155212879e+08 1.474286212043960989e+08
8.416461417641176723e-01 4.409454690210757852e+08 1.468831725003868341e+08
8.466336700326639875e-01 4.100791839455756545e+08 1.463480566095934808e+08
8.516211983270388641e-01 3.736148909492985010e+08 1.458239055635818243e+08
8.566087266467917738e-01 3.323971055018754005e+08 1.453141836713520885e+08
8.615962549914814028e-01 2.873635767542937994e+08 1.448248100689077377e+08
8.665837833606774288e-01 2.395156348309561908e+08 1.443632650521164238e+08
8.715713117539596322e-01 1.898877750987217426e+08 1.439373239863805175e+08
8.765588401709160093e-01 1.395173801584337950e+08 1.435536148411766291e+08
8.815463686111453256e-01 8.941546013366408646e+07 1.432162211657345295e+08
8.865338970742548952e-01 4.053924608183745295e+07 1.429255474009416997e+08
8.915214255598600257e-01 -6.232598501961738802e+06 1.426776273791356385e+08
8.965089540675857949e-01 -5.012147487324237078e+07 1.424639942648172677e+08
9.014964825970653850e-01 -9.046649257174016535e+07 1.422721506533752382e+08
9.064840111479389728e-01 -1.267378235538185835e+08 1.420865940895282626e+08
9.114715397198557278e-01 -1.585454697002625465e+08 1.418902793245672286e+08
9.164590683124720361e-01 -1.856432927385608256e+08 1.416663447917435169e+08
9.214465969254520550e-01 -2.079283052134351134e+08 1.413999025887616575e+08
9.264341255584663815e-01 -2.254353695320275724e+08 1.410796888357052803e+08
9.314216542111933839e-01 -2.383275948036199212e+08 1.406993906562338173e+08
9.364091828833184250e-01 -2.468828538238326907e+08 1.402585014053331017e+08
9.413967115745327519e-01 -2.514769610486549139e+08 1.397626016468482614e+08
9.463842402845346058e-01 -2.525641530911885500e+08 1.392230158533165753e+08
9.513717690130290006e-01 -2.506555930123123229e+08 1.386558516416007578e+08
9.563592977597260569e-01 -2.462966759328850806e+08 1.380804880888799727e+08
9.613468265243425570e-01 -2.400439444566553533e+08 1.375176400365722179e+08
9.663343553066010561e-01 -2.324424270338635147e+08 1.369871817320712507e+08
9.713218841062303266e-01 -2.240041904673446417e+08 1.365059581526004970e+08
9.763094129229632490e-01 -2.151888499229028523e+08 1.360858361760054231e+08
9.812969417565396979e-01 -2.063867074661643207e+08 1.357322409987098277e+08
9.862844706067037670e-01 -1.979050955954976082e+08 1.354433804172332585e+08
9.912719994732055451e-01 -1.899583884291958511e+08 1.352102826695763767e+08
9.962595283557990067e-01 -1.826620138092591465e+08 1.350176728704984188e+08
1.001247057254244233e+00 -1.760306587637486160e+08 1.348456055247196555e+08
1.006234586168305301e+00 -1.699807131517575979e+08 1.346716746973910630e+08
1.011222115097751173e+00 -1.643368467566145658e+08 1.344735539241330922e+08
1.016209644042354920e+00 -1.588424686014810503e+08 1.342315822107737660e+08
1.021197173001895608e+00 -1.531736787585066855e+08 1.339311100737322867e+08
1.026184701976153857e+00 -1.469561971446791589e+08 1.335643448266154826e+08
1.031172230964917613e+00 -1.397846450782767236e+08 1.331314801740854830e+08
1.036159759967976379e+00 -1.312434675283701867e+08 1.326409564859101772e+08
1.041147288985125208e+00 -1.209287201620436013e+08 1.321087730745863765e+08
1.046134818016162260e+00 -1.084699078552078754e+08 1.315568629714834094e+08
1.051122347060890139e+00 -9.355105175188374519e+07 1.310106441109769493e+08
1.056109876119114777e+00 -7.593018080623638630e+07 1.304959738661302179e+08
1.061097405190645881e+00 -5.545649058882483840e+07 1.300358437101280987e+08
1.066084934275296714e+00 -3.208448562230855972e+07 1.296472355902274102e+08
1.071072463372883643e+00 -5.884519328722723760e+06 1.293385946565021724e+08
1.076059992483227479e+00 2.295073533749047667e+07 1.291083317906204611e+08
1.081047521606151030e+00 5.410421522182914615e+07 1.289446468995054662e+08
1.086035050741481101e+00 8.713697789874158800e+07 1.288267759299362749e+08
1.091022579889048050e+00 1.214953190568674654e+08 1.287275475160548985e+08
1.096010109048684011e+00 1.565223619672401547e+08 1.286169343103937060e+08
1.100997638220225783e+00 1.914738283942258060e+08 1.284661371570791751e+08
1.105985167403511937e+00 2.255375523315066993e+08 1.282516660754961520e+08
1.110972696598383935e+00 2.578561633644946516e+08 1.279588787919535637e+08
1.115960225804686790e+00 2.875522499019076228e+08 1.275844910336189419e+08
1.120947755022267955e+00 3.137552180619605780e+08 1.271376678983568996e+08
1.125935284250977553e+00 3.356289929238711596e+08 1.266394353376491666e+08
1.130922813490668366e+00 3.523996676429350376e+08 1.261203182297492027e+08
1.135910342741195622e+00 3.633821940730061531e+08 1.256163236993817538e+08
1.140897872002417213e+00 3.680052265621340871e+08 1.251636433225656003e+08
1.145885401274193693e+00 3.658332779987966418e+08 1.247927198185327947e+08
1.150872930556387619e+00 3.565854224896879196e+08 1.245225549468774945e+08
1.155860459848864208e+00 3.401498798239539266e+08 1.243562452036799341e+08
1.160847989151490678e+00 3.165939398556470871e+08 1.242786491535155326e+08
1.165835518464137355e+00 2.861688260816836953e+08 1.242567946416686773e+08
1.170823047786675675e+00 2.493092524373135865e+08 1.242431823288252652e+08
1.175810577118979738e+00 2.066275906024692059e+08 1.241816522322896272e+08
1.180798106460926311e+00 1.589027316483782232e+08 1.240150788627633601e+08
1.185785635812393490e+00 1.070638902650320381e+08 1.236939247460438758e+08
1.190773165173261150e+00 5.216975684535419196e+07 1.231846118775307387e+08
1.195760694543412272e+00 -4.616452625136981718e+06 1.224767071042586565e+08
1.200748223922731173e+00 -6.205537114350545406e+07 1.215879861635510325e+08
1.205735753311103498e+00 -1.188624950648268610e+08 1.205664970279483795e+08
1.210723282708418003e+00 -1.737409707454220951e+08 1.194888023483468145e+08
1.215710812114564332e+00 -2.254152295514467359e+08 1.184537349064870328e+08
1.220698341529434350e+00 -2.726645190095239282e+08 1.175714033903730512e+08
1.225685870952921253e+00 -3.143553782342664599e+08 1.169479875749127269e+08
1.230673400384920457e+00 -3.494721345438553691e+08 1.166680627224353254e+08
1.235660929825329379e+00 -3.771445542049052715e+08 1.167774790744136274e+08
1.240648459274045878e+00 -3.966718615444581509e+08 1.172705545512557179e+08
1.245635988730970478e+00 -4.075424444999746084e+08 1.180848783664298356e+08
1.250623518196004813e+00 -4.094486876710444093e+08 1.191052770106308311e+08
1.255611047669052738e+00 -4.022965121932466030e+08 1.201761689580372572e+08
1.260598577150018551e+00 -3.862093509975941181e+08 1.211197151993077695e+08
1.265586106638808772e+00 -3.615264437327902913e+08 1.217565511093274653e+08
1.270573636135331475e+00 -3.287954931894967556e+08 1.219263772306572348e+08
1.275561165639495398e+00 -2.887598799278121591e+08 1.215066961478336900e+08
1.280548695151212168e+00 -2.423407795750979483e+08 1.204289010064046830e+08
1.285536224670393413e+00 -1.906146638855682909e+08 1.186913987727540284e+08
1.290523754196952311e+00 -1.347867884723825753e+08 1.163693651347639561e+08
1.295511283730804264e+00 -7.616137402808821201e+07 1.136200360845865011e+08
1.300498813271864673e+00 -1.610927127868089825e+07 1.106811298725979626e+08
1.305486342820051382e+00 4.396603900068759173e+07 1.078582727901683003e+08
1.310473872375283122e+00 1.026632221187592000e+08 1.054961456182175577e+08
1.315461401937479291e+00 1.586177396113530993e+08 1.039297756861995012e+08
1.320448931506561285e+00 2.105354819644142687e+08 1.034197771735700369e+08
1.325436461082451389e+00 2.572245264327558279e+08 1.040876577016443610e+08
1.330423990665072775e+00 2.976242183535274267e+08 1.058758465417007655e+08
1.335411520254350393e+00 3.308308502337741852e+08 1.085503822486515939e+08
1.340399049850209634e+00 3.561193064702771902e+08 1.117435434604617804e+08
1.345386579452577447e+00 3.729601500283264518e+08 1.150161576371150762e+08
1.350374109061381667e+00 3.810317478082073927e+08 1.179178159853110313e+08
1.355361638676551461e+00 3.802271604053012133e+08 1.200333696049734056e+08
1.360349168298016442e+00 3.706556562536482215e+08 1.210144780728821605e+08
1.365336697925707776e+00 3.526388461869511008e+08 1.206001028247392178e+08
1.370324227559557517e+00 3.267015690042697191e+08 1.186306492999395132e+08
1.375311757199498608e+00 2.935577882829980254e+08 1.150596052417633384e+08
1.380299286845465101e+00 2.540918825226730704e+08 1.099656608441952914e+08
1.385286816497391715e+00 2.093358217298482358e+08 1.035678933783683330e+08
1.390274346155214724e+00 1.604428214425584674e+08 9.624614198043780029e+07
1.395261875818870623e+00 1.086581475681094527e+08 8.856607909004274011e+07
1.400249405488297016e+00 5.528781072780285031e+07 8.129796829245178401e+07
1.405236935163432621e+00 1.665935458094808273e+06 7.538967697333963215e+07
1.410224464844216596e+00 -5.087838301514415443e+07 7.181294612586151063e+07
1.415211994530589656e+00 -1.010539144235955775e+08 7.122930286264513433e+07
1.420199524222492293e+00 -1.476390139249009788e+08 7.363889372725720704e+07
1.425187053919866997e+00 -1.895114519010657668e+08 7.835038814060075581e+07
1.430174583622656481e+00 -2.256756279747896791e+08 8.430666791858586669e+07
1.435162113330804123e+00 -2.552865121264420748e+08 9.043849188259606063e+07
1.440149643044254413e+00 -2.776697389251695871e+08 9.584197832886321843e+07
1.445137172762952060e+00 -2.923373780533291101e+08 9.981656220270091295e+07
1.450124702486843331e+00 -2.989990119912611246e+08 1.018494134363019466e+08
1.455112232215874490e+00 -2.975678687490428686e+08 1.015914412388438880e+08
1.460099761949993358e+00 -2.881618792674658298e+08 9.883784524900776148e+07
1.465087291689147531e+00 -2.710996549239637852e+08 9.351382591704432666e+07
1.470074821433285939e+00 -2.468915043784971237e+08 8.566320196889822185e+07
1.475062351182357734e+00 -2.162257319457827806e+08 7.543778371209158003e+07
1.480049880936313622e+00 -1.799505728804234862e+08 6.308604925879412889e+07
1.485037410695103866e+00 -1.390522306813870668e+08 4.894031864527154714e+07
1.490024940458680058e+00 -9.462957010483987629e+07 3.340211951537698135e+07
1.495012470226994683e+00 -4.786611504744125158e+07 1.692584178955807164e+07
