# r [arcsec]	I [Jy/sr]	I_uncer [Jy/sr]
3.817853577942286001e-03 4.802888023414521027e+10 8.447132880192446709e+08
8.763567027319327241e-03 4.798353278648088074e+10 8.362179261316769123e+08
1.373848758764146562e-02 4.790181740404570770e+10 8.211034840277525187e+08
1.872000728009374365e-02 4.778349467815995026e+10 7.996504711896731853e+08
2.370403017919163122e-02 4.762825297441126251e+10 7.722638413191657066e+08
2.868926438607016446e-02 4.743570522462722778e+10 7.394645067263721228e+08
3.367517554121116780e-02 4.720540167777410126e+10 7.018828368107590675e+08
3.866150302165524688e-02 4.693684660774792480e+10 6.602523581643497944e+08
4.364810467787801074e-02 4.662951780210004425e+10 6.154044730549980402e+08
4.863489642318288148e-02 4.628288837577193451e+10 5.682654730995514393e+08
5.362182534931311806e-02 4.589645052060769653e+10 5.198574351559873223e+08
5.860885650759287135e-02 4.546974078661373138e+10 4.713046460493386984e+08
6.359596588733901212e-02 4.500236646459383392e+10 4.238463663448813558e+08
6.858313644859315161e-02 4.449403261481663513e+10 3.788533125651690364e+08
7.357035576433633428e-02 4.394456926608305359e+10 3.378355675653301477e+08
7.855761455883611410e-02 4.335395829515055847e+10 3.024084572090969682e+08
8.354490576851973660e-02 4.272235948863180542e+10 2.741516748704330325e+08
8.853222391973845917e-02 4.205013528860771179e+10 2.542910778696707189e+08
9.351956470533653865e-02 4.133787372962840271e+10 2.432397218734076321e+08
9.850692468967806037e-02 4.058640908870742035e+10 2.402652535722147524e+08
1.034943010988605139e-01 3.979683979146360779e+10 2.436111567458136976e+08
1.084816916687353777e-01 3.897054314674710083e+10 2.510376430833486915e+08
1.134690945329698275e-01 3.810918651878186798e+10 2.603937103392783403e+08
1.184565081393615799e-01 3.721473458984451294e+10 2.699381646412224770e+08
1.234439311864233557e-01 3.628945241745080566e+10 2.784142103635936379e+08
1.284313625747323662e-01 3.533590404740013885e+10 2.849984056427590251e+08
1.334188013691842700e-01 3.435694650729532242e+10 2.892157654986842275e+08
1.384062467694026355e-01 3.335571907349117279e+10 2.908611081767538190e+08
1.433936980863204647e-01 3.233562777702762604e+10 2.899368392493651509e+08
1.483811547234816508e-01 3.130032518992559052e+10 2.866059593872730136e+08
1.533686161619891020e-01 3.025368561120898819e+10 2.811562638195893764e+08
1.583560819482959792e-01 2.919977585093114471e+10 2.739717463910485506e+08
1.633435516842324520e-01 2.814282188910049820e+10 2.655078229349575937e+08
1.683310250188047585e-01 2.708717176330813980e+10 2.562674540609681308e+08
1.733185016414096891e-01 2.603725511279265213e+10 2.467755490393541455e+08
1.783059812761873808e-01 2.499753987611083221e+10 2.375494771866673529e+08
1.832934636772959591e-01 2.397248670328589630e+10 2.290646267510066628e+08
1.882809486249364950e-01 2.296650169982275391e+10 2.217162565445037782e+08
1.932684359219939418e-01 2.198388816810711288e+10 2.157823547412964106e+08
1.982559253911843622e-01 2.102879805028210068e+10 2.113955794503994584e+08
2.032434168726222901e-01 2.010518380461142349e+10 2.085331406210586131e+08
2.082309102217375085e-01 1.921675146379207230e+10 2.070297483675298691e+08
2.132184053074845376e-01 1.836691562786967468e+10 2.066114920005739033e+08
2.182059020107968983e-01 1.755875713587331390e+10 2.069417806760940552e+08
2.231934002232490444e-01 1.679498413872738647e+10 2.076681311018596888e+08
2.281808998458938198e-01 1.607789726128959656e+10 2.084610828836159408e+08
2.331684007882487975e-01 1.540935949379825592e+10 2.090412535997564793e+08
2.381559029674101546e-01 1.479077139289195633e+10 2.091946368075795770e+08
2.431434063072751561e-01 1.422305210049558067e+10 2.087784251667684317e+08
2.481309107378594780e-01 1.370662660609797859e+10 2.077201276518281996e+08
2.531184161946937738e-01 1.324141958548357391e+10 2.060123095013972223e+08
2.581059226182911837e-01 1.282685604825084305e+10 2.037045607273970842e+08
2.630934299536754062e-01 1.246186891896847343e+10 2.008936418336154222e+08
2.680809381499607014e-01 1.214491356449254799e+10 1.977122922248440087e+08
2.730684471599785779e-01 1.187398916458651543e+10 1.943169422470534742e+08
2.780559569399445041e-01 1.164666670670831490e+10 1.908745375588321984e+08
2.830434674491599245e-01 1.146012327070850563e+10 1.875488487868563235e+08
2.880309786497447511e-01 1.131118215739528465e+10 1.844869596991087496e+08
2.930184905063976664e-01 1.119635830862466431e+10 1.818070084140803814e+08
2.980060029861805737e-01 1.111190836786436462e+10 1.795885359717718959e+08
3.029935160583238640e-01 1.105388464105073738e+10 1.778667835715378225e+08
3.079810296940508341e-01 1.101819213991228294e+10 1.766318511823179722e+08
3.129685438664192021e-01 1.100064782542569733e+10 1.758328367091228664e+08
3.179560585501768344e-01 1.099704111921605682e+10 1.753861606959099472e+08
3.229435737216315716e-01 1.100319471669947433e+10 1.751865724989531040e+08
3.279310893585324904e-01 1.101502471857508659e+10 1.751190591864318252e+08
3.329186054399617678e-01 1.102859909749453926e+10 1.750700589898261726e+08
3.379061219462368704e-01 1.104019353472340393e+10 1.749368572624801993e+08
3.428936388588199047e-01 1.104634369728013611e+10 1.746345947932424843e+08
3.478811561602362934e-01 1.104389307904865837e+10 1.741007782509549558e+08
3.528686738339993356e-01 1.103003559895337105e+10 1.732974787369045913e+08
3.578561918645413176e-01 1.100235223440809250e+10 1.722115440504661500e+08
3.628437102371503964e-01 1.095884106750609779e+10 1.708531795890443921e+08
3.678312289379127020e-01 1.089794023310754967e+10 1.692532243014298975e+08
3.728187479536588800e-01 1.081854338014412880e+10 1.674594038886889219e+08
3.778062672719147974e-01 1.072000738791264343e+10 1.655318110325378180e+08
3.827937868808565791e-01 1.060215221542510414e+10 1.635378561576167047e+08
3.877813067692685856e-01 1.046525290155277443e+10 1.615469551544092000e+08
3.927688269265047216e-01 1.031002387401842690e+10 1.596252651120310724e+08
3.977563473424529095e-01 1.013759586363866234e+10 1.578308277543814182e+08
4.027438680075018929e-01 9.949485853856382370e+09 1.562095073721899688e+08
4.077313889125108171e-01 9.747560621958335876e+09 1.547920885397843122e+08
4.127189100487804740e-01 9.533994544916641235e+09 1.535928106542924941e+08
4.177064314080274343e-01 9.311222447202030182e+09 1.526094627253818214e+08
4.226939529823587338e-01 9.081888358106697083e+09 1.518249682822543383e+08
4.276814747642498915e-01 8.848791120213718414e+09 1.512101998553892374e+08
4.326689967465233155e-01 8.614827847147022247e+09 1.507276202324245274e+08
4.376565189223286523e-01 8.382936266449521065e+09 1.503352831347966790e+08
4.426440412851241901e-01 8.156037001525207520e+09 1.499907435729224086e+08
4.476315638286594845e-01 7.936976844646799088e+09 1.496545095523182750e+08
4.526190865469603142e-01 7.728474051025736809e+09 1.492927818598503172e+08
4.576066094343120838e-01 7.533066642265844345e+09 1.488793480036378801e+08
4.625941324852472225e-01 7.353064646955327988e+09 1.483965997796761096e+08
4.675816556945310287e-01 7.190507127847466469e+09 1.478357224726282060e+08
4.725691790571502904e-01 7.047124750598219872e+09 1.471961574322643876e+08
4.775567025683005173e-01 6.924308540230256081e+09 1.464844736261246502e+08
4.825442262233765600e-01 6.823085350506762505e+09 1.457128037664502561e+08
4.875317500179611185e-01 6.744100440709634781e+09 1.448970113566521704e+08
4.925192739478161941e-01 6.687607416465634346e+09 1.440547586536372602e+08
4.975067980088735964e-01 6.653465649072914124e+09 1.432036418562355042e+08
5.024943221972267837e-01 6.641145144069178581e+09 1.423595470520376861e+08
5.074818465091224251e-01 6.649738687444641113e+09 1.415353566539005637e+08
5.124693709409537945e-01 6.677980959785883904e+09 1.407401005455128253e+08
5.174568954892526662e-01 6.724274177499279022e+09 1.399786005672456324e+08
5.224444201506837082e-01 6.786719698701556206e+09 1.392516055701210201e+08
5.274319449220377098e-01 6.863154921797659874e+09 1.385563633134676516e+08
5.324194698002251425e-01 6.951194709322868347e+09 1.378875318243177235e+08
5.374069947822720517e-01 7.048276490155467987e+09 1.372383022254347801e+08
5.423945198653131738e-01 7.151708131208567619e+09 1.366015907966010869e+08
5.473820450465878285e-01 7.258717626335803986e+09 1.359711605570078492e+08
5.523695703234354770e-01 7.366503626137305260e+09 1.353425498004084826e+08
5.573570956932899501e-01 7.472285828015645027e+09 1.347137130811509192e+08
5.623446211536771155e-01 7.573354261075938225e+09 1.340853150000009686e+08
5.673321467022091058e-01 7.667116534841330528e+09 1.334606550197289735e+08
5.723196723365815419e-01 7.751142173359973907e+09 1.328452394079979807e+08
5.773071980545696480e-01 7.823203225860227585e+09 1.322460518049754500e+08
5.822947238540248094e-01 7.881310430077800751e+09 1.316706046062553376e+08
5.872822497328716862e-01 7.923744302795126915e+09 1.311258769878332615e+08
5.922697756891045495e-01 7.949080641857025146e+09 1.306172594570499808e+08
5.972573017207846169e-01 7.956210042545388222e+09 1.301476269547768384e+08
6.022448278260374988e-01 7.944351156158025742e+09 1.297166512928216308e+08
6.072323540030505340e-01 7.913057547301721573e+09 1.293204392788348049e+08
6.122198802500696813e-01 7.862218136044761658e+09 1.289515476171460599e+08
6.172074065653979646e-01 7.792051339002914429e+09 1.285993840224224776e+08
6.221949329473926982e-01 7.703093147013055801e+09 1.282509616953261793e+08
6.271824593944635984e-01 7.596179493793890953e+09 1.278919371763974875e+08
6.321699859050702308e-01 7.472423377553855896e+09 1.275078341383580267e+08
6.371575124777206778e-01 7.333187293803548813e+09 1.270853402614989728e+08
6.421450391109693179e-01 7.180051620819767952e+09 1.266135609987303913e+08
6.471325658034148276e-01 7.014779667761835098e+09 1.260851209797682315e+08
6.521200925536991821e-01 6.839280148170970917e+09 1.254970183177236170e+08
6.571076193605055460e-01 6.655567877641118050e+09 1.248511564889290035e+08
6.620951462225563855e-01 6.465723513373960495e+09 1.241545008219571114e+08
6.670826731386124697e-01 6.271853155014616013e+09 1.234188310468568355e+08
6.720702001074717602e-01 6.076048610893608093e+09 1.226600878104174435e+08
6.770577271279670795e-01 5.880349102186556816e+09 1.218973399399404377e+08
6.820452541989658890e-01 5.686705130554433823e+09 1.211514305638246089e+08
6.870327813193682909e-01 5.496945173772046089e+09 1.204433928237339109e+08
6.920203084881060285e-01 5.312745800330106735e+09 1.197927568864362538e+08
6.970078357041413764e-01 5.135605709731081963e+09 1.192158944178410918e+08
7.019953629664664740e-01 4.966824112275227547e+09 1.187245585659601539e+08
7.069828902741016607e-01 4.807483762631263733e+09 1.183247712023320943e+08
7.119704176260943651e-01 4.658438857724053383e+09 1.180161816867193729e+08
7.169579450215193273e-01 4.520307903699054718e+09 1.177919742068222165e+08
7.219454724594762673e-01 4.393471551276742935e+09 1.176393403004671484e+08
7.269329999390895525e-01 4.278075295917821884e+09 1.175404697412253171e+08
7.319205274595077526e-01 4.174036841023449898e+09 1.174739577004893869e+08
7.369080550199024193e-01 4.081057830899310112e+09 1.174164877731671333e+08
7.418955826194673087e-01 3.998639577218019962e+09 1.173446332004915476e+08
7.468831102574174929e-01 3.926102329796931267e+09 1.172366214759308100e+08
7.518706379329892497e-01 3.862607581003891945e+09 1.170739256910298914e+08
7.568581656454390627e-01 3.807182844044932365e+09 1.168425730618788451e+08
7.618456933940425113e-01 3.758748309533834457e+09 1.165340911562612206e+08
7.668332211780939378e-01 3.716144762524151325e+09 1.161460413433607370e+08
7.718207489969062252e-01 3.678162133738596439e+09 1.156821151174089015e+08
7.768082768498100199e-01 3.643568063879642487e+09 1.151517923795489371e+08
7.817958047361527329e-01 3.611135878183849812e+09 1.145695829178092778e+08
7.867833326552983175e-01 3.579671399031321526e+09 1.139538949619244635e+08
7.917708606066273802e-01 3.548038066466978550e+09 1.133255989906919450e+08
7.967583885895350715e-01 3.515179888670937061e+09 1.127063807233358622e+08
8.017459166034320850e-01 3.480141805356874466e+09 1.121170022635816783e+08
8.067334446477437693e-01 3.442087115170161247e+09 1.115756104928656816e+08
8.117209727219093507e-01 3.400311691745119572e+09 1.110962414766401947e+08
8.167085008253823775e-01 3.354254790389148712e+09 1.106876634520693123e+08
8.216960289576287213e-01 3.303506326597368240e+09 1.103526756761213988e+08
8.266835571181275766e-01 3.247810586986376286e+09 1.100879368167023063e+08
8.316710853063710163e-01 3.187066411037602425e+09 1.098843401847245991e+08
8.366586135218624376e-01 3.121323956587692738e+09 1.097278931929895729e+08
8.416461417641176723e-01 3.050778231807010174e+09 1.096010054436608553e+08
8.466336700326639875e-01 2.975759640043467522e+09 1.094840523556865603e+08
8.516211983270388641e-01 2.896721840225261211e+09 1.093570636116686165e+08
8.566087266467917738e-01 2.814227273468063354e+09 1.092013874402188957e+08
8.615962549914814028e-01 2.728930745387809753e+09 1.090011985658074915e+08
8.665837833606774288e-01 2.641561482767090797e+09 1.087447434876607805e+08
8.715713117539596322e-01 2.552904102390376568e+09 1.084252458058139384e+08
8.765588401709160093e-01 2.463778938928012371e+09 1.080414224846798778e+08
8.815463686111453256e-01 2.375022177842702866e+09 1.075975872963340878e+08
8.865338970742548952e-01 2.287466228805590153e+09 1.071033402416138053e+08
8.915214255598600257e-01 2.201920755536463261e+09 1.065728628001082242e+08
8.965089540675857949e-01 2.119154750113408327e+09 1.060238601165237874e+08
9.014964825970653850e-01 2.039880004485426903e+09 1.054762138980288059e+08
9.064840111479389728e-01 1.964736290223417044e+09 1.049504337809839696e+08
9.114715397198557278e-01 1.894278510564302206e+09 1.044660182662251741e+08
9.164590683124720361e-01 1.828966037785818338e+09 1.040398551155046225e+08
9.214465969254520550e-01 1.769154395113782167e+09 1.036848001385744363e+08
9.264341255584663815e-01 1.715089387020088911e+09 1.034085675128868073e+08
9.314216542111933839e-01 1.666903726150734901e+09 1.032130411827741861e+08
9.364091828833184250e-01 1.624616150467932224e+09 1.030940763369079828e+08
9.413967115745327519e-01 1.588132971651438951e+09 1.030418077980519533e+08
9.463842402845346058e-01 1.557251946440228939e+09 1.030414271894380897e+08
9.513717690130290006e-01 1.531668317368586540e+09 1.030743427887868583e+08
9.563592977597260569e-01 1.510982829088558435e+09 1.031196029272079468e+08
9.613468265243425570e-01 1.494711491856771708e+09 1.031554494425306618e+08
9.663343553066010561e-01 1.482296835322124958e+09 1.031608712409761250e+08
9.713218841062303266e-01 1.473120373892467260e+09 1.031170450891176015e+08
9.763094129229632490e-01 1.466515989836423159e+09 1.030085753553009033e+08
9.812969417565396979e-01 1.461783932026374578e+09 1.028244708414330781e+08
9.862844706067037670e-01 1.458205126669706821e+09 1.025588209274732322e+08
9.912719994732055451e-01 1.455055501335330725e+09 1.022111528247264773e+08
9.962595283557990067e-01 1.451620034628577471e+09 1.017864664453610331e+08
1.001247057254244233e+00 1.447206260530793905e+09 1.012949542142834216e+08
1.006234586168305301e+00 1.441156978082250357e+09 1.007514217983919680e+08
1.011222115097751173e+00 1.432861943068997383e+09 1.001744341726801246e+08
1.016209644042354920e+00 1.421768347892155647e+09 9.958522143044689298e+07
1.021197173001895608e+00 1.407389928091903687e+09 9.900639137566944957e+07
1.026184701976153857e+00 1.389314568188770771e+09 9.846051123697140813e+07
1.031172230964917613e+00 1.367210314792729616e+09 9.796863742474271357e+07
1.036159759967976379e+00 1.340829740475463390e+09 9.754888722426126897e+07
1.041147288985125208e+00 1.310012636923655987e+09 9.721515565047685802e+07
1.046134818016162260e+00 1.274687049643246651e+09 9.697608018501819670e+07
1.051122347060890139e+00 1.234868698308089495e+09 9.683434282042822242e+07
1.056109876119114777e+00 1.190658856130268335e+09 9.678637244933764637e+07
1.061097405190645881e+00 1.142240787882236242e+09 9.682247425247131288e+07
1.066084934275296714e+00 1.089874869007044077e+09 9.692737238648280501e+07
1.071072463372883643e+00 1.033892527309161425e+09 9.708111525640387833e+07
1.076059992483227479e+00 9.746891638251197338e+08 9.726026532999914885e+07
1.081047521606151030e+00 9.127162205355178118e+08 9.743928135100510716e+07
1.086035050741481101e+00 8.484725695944411755e+08 9.759199992646023631e+07
1.091022579889048050e+00 7.824954018388348818e+08 9.769313277500016987e+07
1.096010109048684011e+00 7.153507916686294079e+08 9.771971075547808409e+07
1.100997638220225783e+00 6.476241112405869961e+08 9.765242133689744771e+07
1.105985167403511937e+00 5.799104596271657944e+08 9.747679858275416493e+07
1.110972696598383935e+00 5.128052625453450084e+08 9.718423164659692347e+07
1.115960225804686790e+00 4.468951858875486851e+08 9.677275835316833854e+07
1.120947755022267955e+00 3.827494920584788322e+08 9.624760511011123657e+07
1.125935284250977553e+00 3.209119524877569675e+08 9.562142473021353781e+07
1.130922813490668366e+00 2.618934131389894485e+08 9.491417247881957889e+07
1.135910342741195622e+00 2.061650928159892857e+08 9.415255193174153566e+07
1.140897872002417213e+00 1.541526770021628439e+08 9.336896182370582223e+07
1.145885401274193693e+00 1.062312532681572884e+08 9.259989028200449049e+07
1.150872930556387619e+00 6.272111827373038977e+07 9.188374129614529014e+07
1.155860459848864208e+00 2.388447137988968194e+07 9.125814511826080084e+07
1.160847989151490678e+00 -1.007700388692696579e+07 9.075689774628488719e+07
1.165835518464137355e+00 -3.902368165082862228e+07 9.040678137642629445e+07
1.170823047786675675e+00 -6.287868075344605744e+07 9.022461122964729369e+07
1.175810577118979738e+00 -8.162772831330128014e+07 9.021490008657744527e+07
1.180798106460926311e+00 -9.531823870442637801e+07 9.036850124833422899e+07
1.185785635812393490e+00 -1.040576530485425889e+08 9.066247625407597423e+07
1.190773165173261150e+00 -1.080110890592853725e+08 9.106125917427271605e+07
1.195760694543412272e+00 -1.073983545338110924e+08 9.151900262782649696e+07
1.200748223922731173e+00 -1.024903801257756650e+08 9.198284349393087626e+07
1.205735753311103498e+00 -9.360512844946682453e+07 9.239675140043677390e+07
1.210723282708418003e+00 -8.110303723142237961e+07 9.270562346706253290e+07
1.215710812114564332e+00 -6.538205437942797691e+07 9.285934262507577240e+07
1.220698341529434350e+00 -4.687232263012734056e+07 9.281659179707428813e+07
1.225685870952921253e+00 -2.603057107649304345e+07 9.254828308431266248e+07
1.230673400384920457e+00 -3.334270489641694352e+06 9.204050053280371428e+07
1.235660929825329379e+00 2.072439091962493584e+07 9.129685757099978626e+07
1.240648459274045878e+00 4.564465473459198326e+07 9.034013326322495937e+07
1.245635988730970478e+00 7.092340582462421060e+07 8.921297761734062433e+07
1.250623518196004813e+00 9.606139492022901773e+07 8.797737549719947577e+07
1.255611047669052738e+00 1.205694124311861247e+08 8.671245749864615500e+07
1.260598577150018551e+00 1.439743548105685413e+08 8.551019943643541634e+07
1.265586106638808772e+00 1.658251238411858380e+08 8.446865086450347304e+07
1.270573636135331475e+00 1.856982983209082186e+08 8.368268511656139791e+07
1.275561165639495398e+00 2.032035169159298539e+08 8.323292209907738864e+07
1.280548695151212168e+00 2.179885105754888952e+08 8.317432321692438424e+07
1.285536224670393413e+00 2.297437230431135893e+08 8.352663670054987073e+07
1.290523754196952311e+00 2.382064588146450222e+08 8.426890658238360286e+07
1.295511283730804264e+00 2.431644995432628095e+08 8.533940775424954295e+07
1.300498813271864673e+00 2.444591325303928852e+08 8.664092275675804913e+07
1.305486342820051382e+00 2.419875386694532931e+08 8.804993471749989688e+07
1.310473872375283122e+00 2.357044921488019824e+08 8.942768174485030770e+07
1.315461401937479291e+00 2.256233303963956535e+08 9.063120935368505120e+07
1.320448931506561285e+00 2.118161602012007535e+08 9.152323404014222324e+07
1.325436461082451389e+00 1.944132746475928426e+08 9.198036194330608845e+07
1.330423990665072775e+00 1.736017653627701402e+08 9.189973217538340390e+07
1.335411520254350393e+00 1.496233255225379169e+08 9.120442653408318758e+07
1.340399049850209634e+00 1.227712508966844082e+08 8.984807528680250049e+07
1.345386579452577447e+00 9.338665877286197245e+07 8.781908214736875892e+07
1.350374109061381667e+00 6.185395763684684038e+07 8.514484787916344404e+07
1.355361638676551461e+00 2.859561373706736043e+07 8.189629553973494470e+07
1.360349168298016442e+00 -5.933726143253671937e+06 7.819282207165251672e+07
1.365336697925707776e+00 -4.125368355954229087e+07 7.420733380268074572e+07
1.370324227559557517e+00 -7.686508463112442195e+07 7.016989997829163074e+07
1.375311757199498608e+00 -1.122572881528236866e+08 6.636626825521026552e+07
1.380299286845465101e+00 -1.469158002451569736e+08 6.312394432529805601e+07
1.385286816497391715e+00 -1.803300618693660200e+08 6.077591834259914607e+07
1.390274346155214724e+00 -2.120012890252295732e+08 5.959710689944060892e+07
1.395261875818870623e+00 -2.414502409768415987e+08 5.972805172733764350e+07
1.400249405488297016e+00 -2.682247895945498645e+08 6.112396120641923696e+07
1.405236935163432621e+00 -2.919071629883879423e+08 6.356277948217537999e+07
1.410224464844216596e+00 -3.121207391279593706e+08 6.670571706600028276e+07
1.415211994530589656e+00 -3.285362701152309775e+08 7.017122340015009046e+07
1.420199524222492293e+00 -3.408774251698254943e+08 7.359020098850478232e+07
1.425187053919866997e+00 -3.489255501256898642e+08 7.663508655893163383e+07
1.430174583622656481e+00 -3.525235531510008574e+08 7.903030179113598168e+07
1.435162113330804123e+00 -3.515788403417496085e+08 8.055333343725436926e+07
1.440149643044254413e+00 -3.460652404893847704e+08 8.103238062570020556e+07
1.445137172762952060e+00 -3.360238754711278081e+08 8.034332414309036732e+07
1.450124702486843331e+00 -3.215629509494838715e+08 7.840693588469254971e+07
1.455112232215874490e+00 -3.028564611158151031e+08 7.518642698534014821e+07
1.460099761949993358e+00 -2.801418205955991745e+08 7.068515031814827025e+07
1.465087291689147531e+00 -2.537164560792874992e+08 6.494422356796081364e+07
1.470074821433285939e+00 -2.239334091763207912e+08 5.803987675889252871e+07
1.475062351182357734e+00 -1.911960202663406134e+08 5.008038844182129949e+07
1.480049880936313622e+00 -1.559517799917801619e+08 4.120253718087834865e+07
1.485037410695103866e+00 -1.186854507114263624e+08 3.156754839748886973e+07
1.490024940458680058e+00 -7.991157342587859929e+07 2.135657138033246249e+07
1.495012470226994683e+00 -4.016648808743639290e+07 1.076583836642637476e+07
