# r [arcsec]	I [Jy/sr]	I_uncer [Jy/sr]
1.272617859314095550e-03 3.544989755910941772e+11 6.298559140766208649e+09
2.921189009106442414e-03 3.539673662981839600e+11 6.266385579314428329e+09
4.579495862547155495e-03 3.530138190441380615e+11 6.208853052350128174e+09
6.240002426697914550e-03 3.516429995089403687e+11 6.126502613766676903e+09
7.901343393063876494e-03 3.498618825916307983e+11 6.020136053531791687e+09
9.563088128690054243e-03 3.476795360847380371e+11 5.890794846378010750e+09
1.122505851373705593e-02 3.451070409860894165e+11 5.739751125006986618e+09
1.288716767388508287e-02 3.421574105377557373e+11 5.568498836782938957e+09
1.454936822595933807e-02 3.388454980031094971e+11 5.378744507414718628e+09
1.621163214106096165e-02 3.351878922903946533e+11 5.172397994027038574e+09
1.787394178310437384e-02 3.312028018995182495e+11 4.951563847733641624e+09
1.953628550253095827e-02 3.269099280208623047e+11 4.718534057176333427e+09
2.119865529577967186e-02 3.223303277674459229e+11 4.475783072224863052e+09
2.286104548286438387e-02 3.174862686182374878e+11 4.225966095375944138e+09
2.452345192144544592e-02 3.124010752240187988e+11 3.971921613445591450e+09
2.618587151961204035e-02 3.070989697859126587e+11 3.716678883962063789e+09
2.784830192283991451e-02 3.016049072632667847e+11 3.463470315212547302e+09
2.951074130657948408e-02 2.959444067023927002e+11 3.215746886213327408e+09
3.117318823511218417e-02 2.901433800011215820e+11 2.977191116731669426e+09
3.283564156322602012e-02 2.842279594360198975e+11 2.751715464815746784e+09
3.449810036628684490e-02 2.782243252796757812e+11 2.543423368676029682e+09
3.616056388957845924e-02 2.721585348245571594e+11 2.356496193370459557e+09
3.782303151098994481e-02 2.660563541082123413e+11 2.194958314127534866e+09
3.948550271312052662e-02 2.599430936016311646e+11 2.062280961079157114e+09
4.114797706214112089e-02 2.538434490796950073e+11 1.960837957666289806e+09
4.281045419157746001e-02 2.477813488392956238e+11 1.891331561041309834e+09
4.447293378972808769e-02 2.417798083684642029e+11 1.852412216687434673e+09
4.613541558980088775e-02 2.358607934984417725e+11 1.840710143317095757e+09
4.779789936210682849e-02 2.300450929915483704e+11 1.851322135010866165e+09
4.946038490782722619e-02 2.243522014311559448e+11 1.878568159462831259e+09
5.112287205399637657e-02 2.188002131873294067e+11 1.916737073996260166e+09
5.278536064943199074e-02 2.134057281332169800e+11 1.960625096457746506e+09
5.444785056141081270e-02 2.081837696846100464e+11 2.005820039161397457e+09
5.611034167293492414e-02 2.031477156282821045e+11 2.048784626069934368e+09
5.777283388046990098e-02 1.983092420959431152e+11 2.086819386790270805e+09
5.943532709206246489e-02 1.936782809295856628e+11 2.117970576468631744e+09
6.109782122576532665e-02 1.892629905728293762e+11 2.140923371629968405e+09
6.276031620831216962e-02 1.850697405117397156e+11 2.154900365937690258e+09
6.442281197399798987e-02 1.811031091788843384e+11 2.159572999370201588e+09
6.608530846372812073e-02 1.773658951269767456e+11 2.154987182274819851e+09
6.774780562420743002e-02 1.738591411740960083e+11 2.141501605092877865e+09
6.941030340724584080e-02 1.705821711222800903e+11 2.119736298577071667e+09
7.107280176916151715e-02 1.675326385558237915e+11 2.090528898244334698e+09
7.273530067026563739e-02 1.647065871357521667e+11 2.054896239925122738e+09
7.439780007441634813e-02 1.620985217235687561e+11 2.013999128821602821e+09
7.606029994863128252e-02 1.597014895905400696e+11 1.969108298144278049e+09
7.772280026274960840e-02 1.575071708998751831e+11 1.921569710100391150e+09
7.938530098913672284e-02 1.555059775878165283e+11 1.872767516938032627e+09
8.104780210242505667e-02 1.536871597169098206e+11 1.824083305524587154e+09
8.271030357928650656e-02 1.520389183305513000e+11 1.776850839511401415e+09
8.437280539823126257e-02 1.505485238025767212e+11 1.732306524308118105e+09
8.603530753943039455e-02 1.492024386495838928e+11 1.691537302818466902e+09
8.769780998455847798e-02 1.479864437563563843e+11 1.655429504746144533e+09
8.936031271665356712e-02 1.468857669569874878e+11 1.624623905643405199e+09
9.102281571999285004e-02 1.458852129151461487e+11 1.599483246204128981e+09
9.268531897998151525e-02 1.449692932567543945e+11 1.580078040336402178e+09
9.434782248305331742e-02 1.441223559268575745e+11 1.566194344959906101e+09
9.601032621658157906e-02 1.433287127689905701e+11 1.557363639286072493e+09
9.767283016879922675e-02 1.425727643599786072e+11 1.552911096338385105e+09
9.933533432872686253e-02 1.418391211749937744e+11 1.552015578848144293e+09
1.009978386861079547e-01 1.411127202066007996e+11 1.553773518876276493e+09
1.026603432313502873e-01 1.403789362167284851e+11 1.557259543096381664e+09
1.043228479554730720e-01 1.396236868614760742e+11 1.561578699644076824e+09
1.059853528500589448e-01 1.388335309948177185e+11 1.565907569628301382e+09
1.076478579072105424e-01 1.379957595277163696e+11 1.569523689259804726e+09
1.093103631195108394e-01 1.370984782935863800e+11 1.571824194190000772e+09
1.109728684799872744e-01 1.361306824481957245e+11 1.572335378675294399e+09
1.126353739820789568e-01 1.350823220119106293e+11 1.570715084699793339e+09
1.142978796196066349e-01 1.339443582431959839e+11 1.566749705579377890e+09
1.159603853867454265e-01 1.327088106144732361e+11 1.560347286035091877e+09
1.176228912779997832e-01 1.313687942434218750e+11 1.551527852022761822e+09
1.192853972881804531e-01 1.299185477144950714e+11 1.540411780783536196e+09
1.209479034123834701e-01 1.283534513055605316e+11 1.527206757813445330e+09
1.226104096459709192e-01 1.266700357129543762e+11 1.512193672918598890e+09
1.242729159845529646e-01 1.248659814438372498e+11 1.495711681474293470e+09
1.259354224239715991e-01 1.229401091174744415e+11 1.478142594896884441e+09
1.275979289602855449e-01 1.208923609855753326e+11 1.459894760875692368e+09
1.292604355897561952e-01 1.187237740466591187e+11 1.441386643159807682e+09
1.309229423088349165e-01 1.164364451890404510e+11 1.423030404037798643e+09
1.325854491141509606e-01 1.140334888518667450e+11 1.405215916132343054e+09
1.342479560025006402e-01 1.115189877428031921e+11 1.388295762003138542e+09
1.359104629708369483e-01 1.088979371945261841e+11 1.372571890597575903e+09
1.375729700162601765e-01 1.061761837795579681e+11 1.358284654287740707e+09
1.392354771360091448e-01 1.033603588342584229e+11 1.345604917145509005e+09
1.408979843274529020e-01 1.004578075677701416e+11 1.334629784863586903e+09
1.425604915880832879e-01 9.747651445022042847e+10 1.325382262012092113e+09
1.442229989155077718e-01 9.442502558667742920e+10 1.317814822177629709e+09
1.458855063074428748e-01 9.131236878917845154e+10 1.311816532174069881e+09
1.475480137617080634e-01 8.814797205878080750e+10 1.307223063731665134e+09
1.492105212762198374e-01 8.494158118308012390e+10 1.303828708303366423e+09
1.508730288489867621e-01 8.170317714235411072e+10 1.301399414475280046e+09
1.525355364781040279e-01 7.844289399954545593e+10 1.299685895967727661e+09
1.541980441617490649e-01 7.517093792615942383e+10 1.298435988864066839e+09
1.558605518981770188e-01 7.189750798789732361e+10 1.297405631505544901e+09
1.575230596857167542e-01 6.863271928118071747e+10 1.296368058227536440e+09
1.591855675227668576e-01 6.538652897490272522e+10 1.295121004284146786e+09
1.608480754077921959e-01 6.216866577101119995e+10 1.293491891387034893e+09
1.625105833393203636e-01 5.898856325383240509e+10 1.291341091288433313e+09
1.641730913159387406e-01 5.585529755134484100e+10 1.288563448808442116e+09
1.658355993362912173e-01 5.277752968275002289e+10 1.285088291996669531e+09
1.674981073990755853e-01 4.976345291603355408e+10 1.280878174805574656e+09
1.691606155030408176e-01 4.682074540723992157e+10 1.275926596017629623e+09
1.708231236469845982e-01 4.395652834049050140e+10 1.270254925137618780e+09
1.724856318297508795e-01 4.117732973480112457e+10 1.263908747476835966e+09
1.741481400502279120e-01 3.848905403093448639e+10 1.256953820708781242e+09
1.758106483073458848e-01 3.589695751943750763e+10 1.249471815962847233e+09
1.774731566000750660e-01 3.340562962004035568e+10 1.241555998948854446e+09
1.791356649274240265e-01 3.101897997312727356e+10 1.233306990586880922e+09
1.807981732884377246e-01 2.874023125648480988e+10 1.224828731484629631e+09
1.824606816821959798e-01 2.657191759539496231e+10 1.216224759410670996e+09
1.841231901078118072e-01 2.451588839151982880e+10 1.207594892659615517e+09
1.857856985644300296e-01 2.257331735647688293e+10 1.199032394105404377e+09
1.874482070512257237e-01 2.074471649957710648e+10 1.190621670395867348e+09
1.891107155674030538e-01 1.902995478620112610e+10 1.182436538207405567e+09
1.907732241121938566e-01 1.742828115394616699e+10 1.174539065401755333e+09
1.924357326848565586e-01 1.593835154800929832e+10 1.166978970410126925e+09
1.940982412846749550e-01 1.455825961553502083e+10 1.159793539714788437e+09
1.957607499109572380e-01 1.328557068073770523e+10 1.153008002546481609e+09
1.974232585630348313e-01 1.211735860872076988e+10 1.146636285436232567e+09
1.990857672402615297e-01 1.105024515585247803e+10 1.140682058312873363e+09
2.007482759420124996e-01 1.008044139842841339e+10 1.135139979133691072e+09
2.024107846676835298e-01 9.203790828933328629e+09 1.129997045714996815e+09
2.040732934166899215e-01 8.415813710525873184e+09 1.125233970971823692e+09
2.057358021884660160e-01 7.711752285064206123e+09 1.120826510142164230e+09
2.073983109824642512e-01 7.086616438161476135e+09 1.116746684351589680e+09
2.090608197981545235e-01 6.535229435871371269e+09 1.112963862449748039e+09
2.107233286350234380e-01 6.052273361773249626e+09 1.109445680837249994e+09
2.123858374925735870e-01 5.632333899875884056e+09 1.106158797550500154e+09
2.140483463703231337e-01 5.269944127958148003e+09 1.103069491034406662e+09
2.157108552678049240e-01 4.959627007095785141e+09 1.100144124999437332e+09
2.173733641845664311e-01 4.695936276267814636e+09 1.097349508073506117e+09
2.190358731201685061e-01 4.473495485432096481e+09 1.094653180528028488e+09
2.206983820741854618e-01 4.287034926402678490e+09 1.092023660367388010e+09
2.223608910462041566e-01 4.131426247574409008e+09 1.089430677971839190e+09
2.240234000358239386e-01 4.001714566107734680e+09 1.086845422876357317e+09
2.256859090426557024e-01 3.893147919019023895e+09 1.084240818894170761e+09
2.273484180663219723e-01 3.801203922689406395e+09 1.081591835396821499e+09
2.290109271064561247e-01 3.721613538172578812e+09 1.078875833921373844e+09
2.306734361627020280e-01 3.650381867246586800e+09 1.076072941066430330e+09
2.323359452347137921e-01 3.583805931080072880e+09 1.073166431467398763e+09
2.339984543221555469e-01 3.518489409548104763e+09 1.070143098980306745e+09
2.356609634247005536e-01 3.451354344359470844e+09 1.066993590388597250e+09
2.373234725420314828e-01 3.379649833171354294e+09 1.063712674195357800e+09
2.389859816738397480e-01 3.300957764525749207e+09 1.060299417432405353e+09
2.406484908198254224e-01 3.213195664680747509e+09 1.056757245889407516e+09
2.423109999796965175e-01 3.114616747084435463e+09 1.053093867588055372e+09
2.439735091531692601e-01 3.003807273284379959e+09 1.049321045475604534e+09
2.456360183399674824e-01 2.879681350399729729e+09 1.045454212894116521e+09
2.472985275398224547e-01 2.741473304850091457e+09 1.041511934011365414e+09
2.489610367524725254e-01 2.588727784867244244e+09 1.037515220650757074e+09
2.506235459776631203e-01 2.421287755297257423e+09 1.033486726322124839e+09
2.522860552151463542e-01 2.239280557466109753e+09 1.029449847181190848e+09
2.539485644646808371e-01 2.043102214343947887e+09 1.025427767540153861e+09
2.556110737260313126e-01 1.833400167038502932e+09 1.021442493815887690e+09
2.572735829989687417e-01 1.611054632730129242e+09 1.017513924857492328e+09
2.589360922832700251e-01 1.377158776712706327e+09 1.013659007966201901e+09
2.605986015787175591e-01 1.132997892167339325e+09 1.009891028258451581e+09
2.622611108850994577e-01 8.800277808906146288e+08 1.006219074179683208e+09
2.639236202022091082e-01 6.198525263885085583e+08 1.002647714073182225e+09
2.655861295298450053e-01 3.542018477222405076e+08 9.991769080701704025e+08
2.672486388678106950e-01 8.490821830472777784e+07 9.958021668537127972e+08
2.689111482159146083e-01 -1.861160713910708427e+08 9.925149548260984421e+08
2.705736575739698391e-01 -4.569017344549682736e+08 9.893033208664704561e+08
2.722361669417941443e-01 -7.254450257484842539e+08 9.861527261457967758e+08
2.738986763192096108e-01 -9.897298397656177282e+08 9.830470263150388002e+08
2.755611857060425440e-01 -1.247749218645690441e+09 9.799695555534284115e+08
2.772236951021236906e-01 -1.497526129821507692e+09 9.769042530364369154e+08
2.788862045072874607e-01 -1.737133382293003798e+09 9.738367686944971085e+08
2.805487139213725944e-01 -1.964712560345056772e+09 9.707554848038904667e+08
2.822112233442213292e-01 -2.178491863724030018e+09 9.676523929155881405e+08
2.838737327756796214e-01 -2.376802753699227810e+09 9.645237716842894554e+08
2.855362422155972579e-01 -2.558095315008879662e+09 9.613706200134723186e+08
2.871987516638271343e-01 -2.720952254417667866e+09 9.581988112532563210e+08
2.888612611202258651e-01 -2.864101467356276989e+09 9.550189475899671316e+08
2.905237705846532292e-01 -2.986427114911734104e+09 9.518459088569171429e+08
2.921862800569720031e-01 -3.086979164159625530e+09 9.486981062999725342e+08
2.938487895370484604e-01 -3.164981355542480469e+09 9.455964687659147978e+08
2.955112990247516502e-01 -3.219837571545843124e+09 9.425632056496227980e+08
2.971738085199533974e-01 -3.251136591409353256e+09 9.396204068321158886e+08
2.988363180225286353e-01 -3.258655226857204914e+09 9.367885537414001226e+08
3.004988275323551283e-01 -3.242359843990492344e+09 9.340850264099770784e+08
3.021613370493130279e-01 -3.202406286354708672e+09 9.315226978510007858e+08
3.038238465732852611e-01 -3.139138223896208763e+09 9.291087082154223919e+08
3.054863561041573639e-01 -3.053083961938625336e+09 9.268435063457686901e+08
3.071488656418173702e-01 -2.944951753497597218e+09 9.247202352876778841e+08
3.088113751861554790e-01 -2.815623667108407021e+09 9.227245214244844913e+08
3.104738847370644983e-01 -2.666148070909937859e+09 9.208347051241527796e+08
3.121363942944395120e-01 -2.497730801952228546e+09 9.190225256395504475e+08
3.137989038581776025e-01 -2.311725097562113762e+09 9.172542463128010035e+08
3.154614134281782389e-01 -2.109620373032239914e+09 9.154921798814837933e+08
3.171239230043430002e-01 -1.893029936980512857e+09 9.136965496610922813e+08
3.187864325865753523e-01 -1.663677742270376682e+09 9.118276020555504560e+08
3.204489421747808708e-01 -1.423384276455264330e+09 9.098478701334359646e+08
3.221114517688670742e-01 -1.174051701303163767e+09 9.077244773149840832e+08
3.237739613687434237e-01 -9.176483558587125540e+08 9.054313644456983805e+08
3.254364709743211015e-01 -6.561927419251836538e+08 9.029513222908098698e+08
3.270989805855132326e-01 -3.917371144896654487e+08 9.002777142540606260e+08
3.287614902022346075e-01 -1.263508026674941182e+08 8.974157804773598909e+08
3.304239998244018484e-01 1.378966110305802822e+08 8.943834242683175802e+08
3.320865094519330207e-01 3.989521237912263274e+08 8.912113952548882961e+08
3.337490190847480775e-01 6.547960279661167860e+08 8.879428014047780037e+08
3.354115287227684150e-01 9.034583790936763287e+08 8.846319049993951321e+08
3.370740383659170392e-01 1.143035087702199459e+09 8.813421868151240349e+08
3.387365480141183438e-01 1.371703508051136255e+09 8.781436988354209661e+08
3.403990576672984991e-01 1.587737399822194099e+09 8.751097687725782394e+08
3.420615673253846745e-01 1.789521142570776701e+09 8.723131682120356560e+08
3.437240769883058711e-01 1.975563087432839394e+09 8.698219073735437393e+08
3.453865866559921449e-01 2.144507936234241486e+09 8.676948685591911077e+08
3.470490963283750507e-01 2.295148044705958366e+09 8.659775310632330179e+08
3.487116060053874755e-01 2.426433553921272278e+09 8.646980656735087633e+08
3.503741156869634166e-01 2.537481262403494358e+09 8.638640805931773186e+08
3.520366253730383144e-01 2.627582160435916424e+09 8.634602785246754885e+08
3.536991350635486642e-01 2.696207558004860401e+09 8.634472363492754698e+08
3.553616447584322380e-01 2.743013748395284653e+09 8.637614481893659830e+08
3.570241544576279180e-01 2.767845160654980183e+09 8.643166875933239460e+08
3.586866641610758633e-01 2.770735965956052303e+09 8.650066556691753864e+08
3.603491738687170098e-01 2.751910115103384018e+09 8.657088001711446047e+08
3.620116835804937372e-01 2.711779797065812111e+09 8.662891249071027040e+08
3.636741932963493684e-01 2.650942321307984352e+09 8.666077649043209553e+08
3.653367030162280593e-01 2.570175439741888523e+09 8.665250817521163225e+08
3.669992127400752979e-01 2.470431137241573811e+09 8.659080326579724550e+08
3.686617224678372939e-01 2.352827932690896511e+09 8.646365804138747454e+08
3.703242321994613118e-01 2.218641745409515381e+09 8.626099326410429478e+08
3.719867419348956150e-01 2.069295394341958046e+09 8.597524202888703346e+08
3.736492516740893000e-01 1.906346809540313721e+09 8.560188412394205332e+08
3.753117614169925176e-01 1.731476047056483030e+09 8.513991003043700457e+08
3.769742711635561405e-01 1.546471209283446550e+09 8.459219689888688326e+08
3.786367809137318741e-01 1.353213382985122681e+09 8.396577662252889872e+08
3.802992906674724227e-01 1.153660716499349833e+09 8.327197264868105650e+08
3.819618004247312126e-01 9.498317659860872030e+08 8.252637793129745722e+08
3.836243101854625026e-01 7.437882478044477701e+08 8.174864241129943132e+08
3.852868199496213841e-01 5.376173402701932192e+08 8.096203621719273329e+08
3.869493297171635593e-01 3.334136829522904158e+08 8.019275670568696260e+08
3.886118394880457849e-01 1.332612253122303635e+08 7.946895636597352028e+08
3.902743492622252064e-01 -6.078492115954505652e+07 7.881948734462453127e+08
3.919368590396599683e-01 -2.467164721608276963e+08 7.827238863762145042e+08
3.935993688203087704e-01 -4.225896464045750499e+08 7.785318282398146391e+08
3.952618786041311449e-01 -5.865423750166851282e+08 7.758309523962718248e+08
3.969243883910870685e-01 -7.368108946553202868e+08 7.747734955015342236e+08
3.985868981811374612e-01 -8.717455789130212069e+08 7.754371657325977087e+08
4.002494079742436872e-01 -9.898258684112952948e+08 7.778148610151815414e+08
4.019119177703678880e-01 -1.089674167027045012e+09 7.818098965508096218e+08
4.035744275694727046e-01 -1.170068580018639565e+09 7.872373186341512203e+08
4.052369373715214440e-01 -1.229954379181810617e+09 7.938310611795836687e+08
4.068994471764781906e-01 -1.268454090752163649e+09 8.012559711060800552e+08
4.085619569843071952e-01 -1.284876113139935493e+09 8.091232580391635895e+08
4.102244667949735413e-01 -1.278721784012440920e+09 8.170077830523611307e+08
4.118869766084432005e-01 -1.249690829265373230e+09 8.244657536795072556e+08
4.135494864246819224e-01 -1.197685140257390976e+09 8.310517317282131910e+08
4.152119962436567890e-01 -1.122810839861565590e+09 8.363342644272832870e+08
4.168745060653349932e-01 -1.025378612677531719e+09 8.399098222860976458e+08
4.185370158896842829e-01 -9.059022895634599924e+08 8.414150162906700373e+08
4.201995257166728504e-01 -7.650956918494948149e+08 8.405372596907221079e+08
4.218620355462696647e-01 -6.038677555540100336e+08 8.370241479701166153e+08
4.235245453784438063e-01 -4.233159709699926972e+08 8.306918773455313444e+08
4.251870552131651881e-01 -2.247181875577670336e+08 8.214330295605245829e+08
4.268495650504041117e-01 -9.522848472503339872e+06 8.092240341515116692e+08
4.285120748901312115e-01 2.206622673196713328e+08 7.941325836390367746e+08
4.301745847323175664e-01 4.640827041412371397e+08 7.763252135424020290e+08
4.318370945769347546e-01 7.188512865182861090e+08 7.560751410423436165e+08
4.334996044239549096e-01 9.829632589074000120e+08 7.337702316425879002e+08
4.351621142733504422e-01 1.254312482833986759e+09 7.099205464466520548e+08
4.368246241250944295e-01 1.530708556528507948e+09 6.851641897601022720e+08
4.384871339791597822e-01 1.809894713938068151e+09 6.602689856718109846e+08
4.401496438355204099e-01 2.089566352828839064e+09 6.361257895201098919e+08
4.418121536941504446e-01 2.367390036053754807e+09 6.137271999629210234e+08
4.434746635550242400e-01 2.641022805457736492e+09 5.941239695839694738e+08
4.451371734181167605e-01 2.908131645019220352e+09 5.783524529908676147e+08
4.467996832834031928e-01 3.166412927990623474e+09 5.673326163064213991e+08
4.484621931508591675e-01 3.413611682755488873e+09 5.617486516834945679e+08
4.501247030204606481e-01 3.647540513156919479e+09 5.619391517856950760e+08
4.517872128921838204e-01 3.866098011857643604e+09 5.678308902087119818e+08
4.534497227660054253e-01 4.067286509126024246e+09 5.789399758149899244e+08
4.551122326419027031e-01 4.249229005078596115e+09 5.944390644467998743e+08
4.567747425198525613e-01 4.410185139881639481e+09 6.132652800325837135e+08
4.584372523998329063e-01 4.548566064712630272e+09 6.342353116139689684e+08
4.600997622818217003e-01 4.662948085165520668e+09 6.561425413720226288e+08
4.617622721657972384e-01 4.752084959513646126e+09 6.778258535653293133e+08
4.634247820517383154e-01 4.814918745180567741e+09 6.982114276831558943e+08
4.650872919396236149e-01 4.850589099624917030e+09 7.163341992433779240e+08
4.667498018294323758e-01 4.858440954425895691e+09 7.313462937669688463e+08
4.684123117211442255e-01 4.838030495938062668e+09 7.425181765831732750e+08
4.700748216147389580e-01 4.789129399635519028e+09 7.492362881726450920e+08
4.717373315101965336e-01 4.711727281118797302e+09 7.509993233606593609e+08
4.733998414074974126e-01 4.606032341135866165e+09 7.474142257150905132e+08
4.750623513066224435e-01 4.472470198651314735e+09 7.381923184704900980e+08
4.767248612075521974e-01 4.311680920333148003e+09 7.231456438042145967e+08
4.783873711102680226e-01 4.124514271969286919e+09 7.021834153084229231e+08
4.800498810147514894e-01 3.912023230831180096e+09 6.753084265742518902e+08
4.817123909209840571e-01 3.675455815342578411e+09 6.426132502698292732e+08
4.833749008289477955e-01 3.416245300159996510e+09 6.042760819315713644e+08
4.850374107386249412e-01 3.135998902274987698e+09 5.605561117008683681e+08
4.866999206499977859e-01 2.836485032460801601e+09 5.117883423708810210e+08
4.883624305630492324e-01 2.519619224746924400e+09 4.583778033522745967e+08
4.900249404777619611e-01 2.187448859904610634e+09 4.007931440421751142e+08
4.916874503941192631e-01 1.842136820841730595e+09 3.395596152420929670e+08
4.933499603121045407e-01 1.485944209953159094e+09 2.752514806460781097e+08
4.950124702317013070e-01 1.121212293917086601e+09 2.084839276039799154e+08
4.966749801528934083e-01 7.503437988180052042e+08 1.399046781389850974e+08
4.983374900756649684e-01 3.757838087109465003e+08 7.018645530679023266e+07
