# r [arcsec]	I [Jy/sr]	I_uncer [Jy/sr]
1.272617859314095550e-03 2.239419372982105408e+11 4.470744083607375145e+09
2.921189009106442414e-03 2.233228442442854919e+11 4.445138857165260315e+09
4.579495862547155495e-03 2.222122948246352234e+11 4.399414443287624359e+09
6.240002426697914550e-03 2.206155833036001282e+11 4.334081559933060646e+09
7.901343393063876494e-03 2.185406364226025391e+11 4.249897634242999077e+09
9.563088128690054243e-03 2.159977669916583252e+11 4.147845181504624367e+09
1.122505851373705593e-02 2.129995881529831848e+11 4.029121931934777737e+09
1.288716767388508287e-02 2.095609276106631775e+11 3.895131076741996765e+09
1.454936822595933807e-02 2.056987300646033936e+11 3.747471086584018230e+09
1.621163214106096165e-02 2.014319466616513062e+11 3.587925498373828888e+09
1.787394178310437384e-02 1.967814118527016296e+11 3.418453262676545143e+09
1.953628550253095827e-02 1.917697084403086243e+11 3.241180309195351601e+09
2.119865529577967186e-02 1.864210217671854553e+11 3.058392947742882729e+09
2.286104548286438387e-02 1.807609840999237061e+11 2.872533499534926414e+09
2.452345192144544592e-02 1.748165103425405579e+11 2.686197983634772301e+09
2.618587151961204035e-02 1.686156262807791443e+11 2.502134474763725758e+09
2.784830192283991451e-02 1.621872906133959045e+11 2.323238443637012959e+09
2.951074130657948408e-02 1.555612120715567627e+11 2.152537392663796425e+09
3.117318823511218417e-02 1.487676629619961243e+11 1.993150950980310440e+09
3.283564156322602012e-02 1.418372904936641235e+11 1.848204867422553301e+09
3.449810036628684490e-02 1.348009272609644470e+11 1.720671535238829851e+09
3.616056388957845924e-02 1.276894022592817535e+11 1.613114550854723930e+09
3.782303151098994481e-02 1.205333538002091064e+11 1.527343424090475082e+09
3.948550271312052662e-02 1.133630456747441711e+11 1.464042769529330254e+09
4.114797706214112089e-02 1.062081878828129272e+11 1.422504333782821178e+09
4.281045419157746001e-02 9.909776320697943115e+10 1.400601205451402187e+09
4.447293378972808769e-02 9.205986085740756226e+10 1.395058273407352209e+09
4.613541558980088775e-02 8.512151835436474609e+10 1.401934462875947952e+09
4.779789936210682849e-02 7.830857274436076355e+10 1.417146971156084538e+09
4.946038490782722619e-02 7.164552216681912231e+10 1.436890755338997126e+09
5.112287205399637657e-02 6.515539870072763824e+10 1.457893034772592783e+09
5.278536064943199074e-02 5.885965332564653778e+10 1.477518320504978895e+09
5.444785056141081270e-02 5.277805372963155365e+10 1.493772057325220585e+09
5.611034167293492414e-02 4.692859558884259033e+10 1.505249940704199791e+09
5.777283388046990098e-02 4.132742783088108063e+10 1.511065738489023447e+09
5.943532709206246489e-02 3.598879227711024475e+10 1.510776088147861719e+09
6.109782122576532665e-02 3.092497793950742340e+10 1.504310687286384344e+09
6.276031620831216962e-02 2.614629012595727158e+10 1.491910477119992733e+09
6.442281197399798987e-02 2.166103438545447540e+10 1.474073485804619789e+09
6.608530846372812073e-02 1.747551520257395172e+10 1.451506705374595642e+09
6.774780562420743002e-02 1.359404922986214066e+10 1.425081907358516932e+09
6.941030340724584080e-02 1.001899272864991570e+10 1.395793222133089066e+09
7.107280176916151715e-02 6.750782774248104095e+09 1.364714441685778618e+09
7.273530067026563739e-02 3.787991671644304276e+09 1.332954348299016714e+09
7.439780007441634813e-02 1.127393923670359135e+09 1.301609014404519558e+09
7.606029994863128252e-02 -1.235955003886045218e+09 1.271711079327274799e+09
7.772280026274960840e-02 -3.308628965674650192e+09 1.244177532322513580e+09
7.938530098913672284e-02 -5.098731395706461906e+09 1.219759368072368622e+09
8.104780210242505667e-02 -6.615786541266247749e+09 1.198998191129887581e+09
8.271030357928650656e-02 -7.870622733988416672e+09 1.182195740599058628e+09
8.437280539823126257e-02 -8.875248812670803070e+09 1.169401705653914213e+09
8.603530753943039455e-02 -9.642724854084396362e+09 1.160422853827658176e+09
8.769780998455847798e-02 -1.018702839866898727e+10 1.154852889277508259e+09
8.936031271665356712e-02 -1.052291737737601471e+10 1.152118743874215126e+09
9.102281571999285004e-02 -1.066579095394530869e+10 1.151536441018542290e+09
9.268531897998151525e-02 -1.063154949359211731e+10 1.152368989980361938e+09
9.434782248305331742e-02 -1.043645485460645866e+10 1.153879866648898125e+09
9.601032621658157906e-02 -1.009699217395335388e+10 1.155377790374251842e+09
9.767283016879922675e-02 -9.629734282002744675e+09 1.156250842595756054e+09
9.933533432872686253e-02 -9.051209835478132248e+09 1.155989860824609518e+09
1.009978386861079547e-01 -8.377776202177745819e+09 1.154202226752911806e+09
1.026603432313502873e-01 -7.625498066642440796e+09 1.150617692152750492e+09
1.043228479554730720e-01 -6.810032653508022308e+09 1.145087936897567987e+09
1.059853528500589448e-01 -5.946522385582939148e+09 1.137581335236974955e+09
1.076478579072105424e-01 -5.049495707657127380e+09 1.128174080879839897e+09
1.093103631195108394e-01 -4.132776715622008801e+09 1.117038492156359673e+09
1.109728684799872744e-01 -3.209404134646975040e+09 1.104429042506126404e+09
1.126353739820789568e-01 -2.291560090973510265e+09 1.090666466617920399e+09
1.142978796196066349e-01 -1.390509020369494200e+09 1.076120191903228521e+09
1.159603853867454265e-01 -5.165469535250293612e+08 1.061189345095765829e+09
1.176228912779997832e-01 3.210386843001189828e+08 1.046282685407323360e+09
1.192853972881804531e-01 1.113998724196272135e+09 1.031798009325104356e+09
1.209479034123834701e-01 1.855141420174494743e+09 1.018101830069646478e+09
1.226104096459709192e-01 2.538341293917668343e+09 1.005510404396873832e+09
1.242729159845529646e-01 3.158537913893630981e+09 9.942733841154847145e+08
1.259354224239715991e-01 3.711724954049272537e+09 9.845614221974643469e+08
1.275979289602855449e-01 4.194929960853644848e+09 9.764588932696360350e+08
1.292604355897561952e-01 4.606185334841502190e+09 9.699624747908654213e+08
1.309229423088349165e-01 4.944491103311635971e+09 9.649857293550404310e+08
1.325854491141509606e-01 5.209770123925230026e+09 9.613691485262570381e+08
1.342479560025006402e-01 5.402816414117432594e+09 9.588945144544280767e+08
1.359104629708369483e-01 5.525237348092221260e+09 9.573020369112281799e+08
1.375729700162601765e-01 5.579390501437769890e+09 9.563085959458858967e+08
1.392354771360091448e-01 5.568315952848601341e+09 9.556255509183547497e+08
1.408979843274529020e-01 5.495664872990482330e+09 9.549748906905906200e+08
1.425604915880832879e-01 5.365625242189414978e+09 9.541028971387066841e+08
1.442229989155077718e-01 5.182845541430171013e+09 9.527908841712917089e+08
1.458855063074428748e-01 4.952357255321598053e+09 9.508628966441439390e+08
1.475480137617080634e-01 4.679497011476227760e+09 9.481904820937800407e+08
1.492105212762198374e-01 4.369829158498904228e+09 9.446947847054204941e+08
1.508730288489867621e-01 4.029069554936383247e+09 9.403462731713793278e+08
1.525355364781040279e-01 3.663011304565755844e+09 9.351624258207911253e+08
1.541980441617490649e-01 3.277453129901548386e+09 9.292036805180865526e+08
1.558605518981770188e-01 2.878131026324665546e+09 9.225679320534011126e+08
1.575230596857167542e-01 2.470653784536140919e+09 9.153838396385767460e+08
1.591855675227668576e-01 2.060442909727446556e+09 9.078032001928672791e+08
1.608480754077921959e-01 1.652677402737721443e+09 8.999926532322647572e+08
1.625105833393203636e-01 1.252243802267856359e+09 8.921250098172664642e+08
1.641730913159387406e-01 8.636918187144010067e+08 8.843705362218263149e+08
1.658355993362912173e-01 4.911958201634365916e+08 8.768885635915699005e+08
1.674981073990755853e-01 1.385223603189222813e+08 8.698198252976735830e+08
1.691606155030408176e-01 -1.909961326145604551e+08 8.632799298837275505e+08
1.708231236469845982e-01 -4.944814570402689576e+08 8.573543469168146849e+08
1.724856318297508795e-01 -7.695235485067567825e+08 8.520952084062299728e+08
1.741481400502279120e-01 -1.014188285408509493e+09 8.475201109556707144e+08
1.758106483073458848e-01 -1.227019339051707029e+09 8.436129545518276691e+08
1.774731566000750660e-01 -1.407034277322150469e+09 8.403266923939763308e+08
1.791356649274240265e-01 -1.553715187231420517e+09 8.375877161258770227e+08
1.807981732884377246e-01 -1.666994133167594910e+09 8.353014842801915407e+08
1.824606816821959798e-01 -1.747233814307066917e+09 8.333589336707296371e+08
1.841231901078118072e-01 -1.795203825957556725e+09 8.316431987220296860e+08
1.857856985644300296e-01 -1.812052965315078259e+09 8.300361970769973993e+08
1.874482070512257237e-01 -1.799278051960405350e+09 8.284247087338343859e+08
1.891107155674030538e-01 -1.758689757243894339e+09 8.267056646695306301e+08
1.907732241121938566e-01 -1.692375954378052473e+09 8.247904544101821184e+08
1.924357326848565586e-01 -1.602663112564461470e+09 8.226081487263967991e+08
1.940982412846749550e-01 -1.492076263833545446e+09 8.201076065802713633e+08
1.957607499109572380e-01 -1.363298070584227324e+09 8.172584919870767593e+08
1.974232585630348313e-01 -1.219127515219670296e+09 8.140512672922387123e+08
1.990857672402615297e-01 -1.062438721024025559e+09 8.104962572581714392e+08
2.007482759420124996e-01 -8.961403957647213936e+08 8.066218969196814299e+08
2.024107846676835298e-01 -7.231363667931511402e+08 8.024722889558337927e+08
2.040732934166899215e-01 -5.462876490052171946e+08 7.981042062100096941e+08
2.057358021884660160e-01 -3.683764553527485728e+08 7.935836838257139921e+08
2.073983109824642512e-01 -1.920725241141740680e+08 7.889823539166799784e+08
2.090608197981545235e-01 -1.990209833354963362e+07 7.843736832708669901e+08
2.107233286350234380e-01 1.457801487570456564e+08 7.798292797847338915e+08
2.123858374925735870e-01 3.028159923804737926e+08 7.754154339449564219e+08
2.140483463703231337e-01 4.492651345366294384e+08 7.711900552849564552e+08
2.157108552678049240e-01 5.834231243413745165e+08 7.672001482600299120e+08
2.173733641845664311e-01 7.038356100255652666e+08 7.634799462806720734e+08
2.190358731201685061e-01 8.093088595897887945e+08 7.600497870281050205e+08
2.206983820741854618e-01 8.989165339401025772e+08 7.569157686491130590e+08
2.223608910462041566e-01 9.720027421344605684e+08 7.540701785268596411e+08
2.240234000358239386e-01 1.028181452625906587e+09 7.514926386292965412e+08
2.256859090426557024e-01 1.067332376628114462e+09 7.491518687581877708e+08
2.273484180663219723e-01 1.089593479510977030e+09 7.470079355397161245e+08
2.290109271064561247e-01 1.095350313037612200e+09 7.450148335130491257e+08
2.306734361627020280e-01 1.085222394937652349e+09 7.431232362322571278e+08
2.323359452347137921e-01 1.060046892427568436e+09 7.412832591660203934e+08
2.339984543221555469e-01 1.020859892590473533e+09 7.394470902333024740e+08
2.356609634247005536e-01 9.688755647714388371e+08 7.375713650951136351e+08
2.373234725420314828e-01 9.054635381760849953e+08 7.356191896783283949e+08
2.389859816738397480e-01 8.321248315511600971e+08 7.335617390056644678e+08
2.406484908198254224e-01 7.504666811163194180e+08 7.313793870932056904e+08
2.423109999796965175e-01 6.621766178007073402e+08 7.290623460863740444e+08
2.439735091531692601e-01 5.689961453442468643e+08 7.266108133552277088e+08
2.456360183399674824e-01 4.726943670573872328e+08 7.240346429778733253e+08
2.472985275398224547e-01 3.750419011343892813e+08 7.213525733252352476e+08
2.489610367524725254e-01 2.777854125580667257e+08 7.185910559018820524e+08
2.506235459776631203e-01 1.826230740717930794e+08 7.157827427378749847e+08
2.522860552151463542e-01 9.118124967846669257e+07 7.129647007878750563e+08
2.539485644646808371e-01 4.992671972549505532e+06 7.101764319689496756e+08
2.556110737260313126e-01 -7.452364034176905453e+07 7.074577862710504532e+08
2.572735829989687417e-01 -1.460805057881021798e+08 7.048468620489450693e+08
2.589360922832700251e-01 -2.085385547938597202e+08 7.023779911453384161e+08
2.605986015787175591e-01 -2.609198972842042744e+08 7.000799058113831282e+08
2.622611108850994577e-01 -3.024193570949732661e+08 6.979741785472476482e+08
2.639236202022091082e-01 -3.324131802560653090e+08 6.960740144504880905e+08
2.655861295298450053e-01 -3.504651577276706696e+08 6.943834585184860229e+08
2.672486388678106950e-01 -3.563301366921148896e+08 6.928970584160873890e+08
2.689111482159146083e-01 -3.499549275908514857e+08 6.915999980110030174e+08
2.705736575739698391e-01 -3.314766463646411300e+08 6.904686905488831997e+08
2.722361669417941443e-01 -3.012185624289819002e+08 6.894717949628524780e+08
2.738986763192096108e-01 -2.596835524458825886e+08 6.885715966491560936e+08
2.755611857060425440e-01 -2.075452876173200011e+08 6.877256767791815996e+08
2.772236951021236906e-01 -1.456373077206647396e+08 6.868887828744329214e+08
2.788862045072874607e-01 -7.494015818901477754e+07 6.860148081691292524e+08
2.805487139213725944e-01 3.433213038199131377e+06 6.850587877541686296e+08
2.822112233442213292e-01 8.825358456619334221e+07 6.839788246284171343e+08
2.838737327756796214e-01 1.781928875700126588e+08 6.827378672983572483e+08
2.855362422155972579e-01 2.718426883410431743e+08 6.813052711390928030e+08
2.871987516638271343e-01 3.677334785534529686e+08 6.796580872254216671e+08
2.888612611202258651e-01 4.643545192865011692e+08 6.777820339111139774e+08
2.905237705846532292e-01 5.601739828555610180e+08 6.756721176236839294e+08
2.921862800569720031e-01 6.536591376612985134e+08 6.733328800455681086e+08
2.938487895370484604e-01 7.432963254645348787e+08 6.707782592751384974e+08
2.955112990247516502e-01 8.276104876271728277e+08 6.680310631424307823e+08
2.971738085199533974e-01 9.051840067685899734e+08 6.651220641019184589e+08
2.988363180225286353e-01 9.746746427919255495e+08 6.620887375424311161e+08
3.004988275323551283e-01 1.034832357130199194e+09 6.589736792490540743e+08
3.021613370493130279e-01 1.084514836119399548e+09 6.558227531189745665e+08
3.038238465732852611e-01 1.122701543365257263e+09 6.526830366125705242e+08
3.054863561041573639e-01 1.148506151579754353e+09 6.496006478475089073e+08
3.071488656418173702e-01 1.161187226325919628e+09 6.466185531966353655e+08
3.088113751861554790e-01 1.160157057156747341e+09 6.437744658246350288e+08
3.104738847370644983e-01 1.144988555448907614e+09 6.410989516823958158e+08
3.121363942944395120e-01 1.115420162540903330e+09 6.386138581558349133e+08
3.137989038581776025e-01 1.071358736279350400e+09 6.363311704983257055e+08
3.154614134281782389e-01 1.012880408473989725e+09 6.342523820014023781e+08
3.171239230043430002e-01 9.402294297774609327e+08 6.323684364287308455e+08
3.187864325865753523e-01 8.538150418757696152e+08 6.306602676295709610e+08
3.204489421747808708e-01 7.542064393386753798e+08 6.290999244869636297e+08
3.221114517688670742e-01 6.421259047953393459e+08 6.276522329360110760e+08
3.237739613687434237e-01 5.184402210635343194e+08 6.262769140470471382e+08
3.254364709743211015e-01 3.841504822425827384e+08 6.249310507138140202e+08
3.270989805855132326e-01 2.403804424398039877e+08 6.235717768318189383e+08
3.287614902022346075e-01 8.836355554681445658e+07 6.221590522638081312e+08
3.304239998244018484e-01 -7.057112778604580462e+07 6.206583835796877146e+08
3.320865094519330207e-01 -2.350140292278153002e+08 6.190433530436749458e+08
3.337490190847480775e-01 -4.034908927625982761e+08 6.172978248731721640e+08
3.354115287227684150e-01 -5.744792243280293941e+08 6.154177069536974430e+08
3.370740383659170392e-01 -7.464251259853229523e+08 6.134121571064118147e+08
3.387365480141183438e-01 -9.177603279446969032e+08 6.113041357060258389e+08
3.403990576672984991e-01 -1.086919222479701519e+09 6.091302219332453012e+08
3.420615673253846745e-01 -1.252355706681534052e+09 6.069396310726097822e+08
3.437240769883058711e-01 -1.412559646068523169e+09 6.047923974435184002e+08
3.453865866559921449e-01 -1.566072778175799370e+09 6.027567241849398613e+08
3.470490963283750507e-01 -1.711503884304594755e+09 6.009055488012605906e+08
3.487116060053874755e-01 -1.847543068448558331e+09 5.993124319239484072e+08
3.503741156869634166e-01 -1.972974994933869839e+09 5.980469431900292635e+08
3.520366253730383144e-01 -2.086690950279782295e+09 5.971697861149448156e+08
3.536991350635486642e-01 -2.187699610097141743e+09 5.967279637055971622e+08
3.553616447584322380e-01 -2.275136408240705490e+09 5.967503266988826990e+08
3.570241544576279180e-01 -2.348271422767331600e+09 5.972438555707229376e+08
3.586866641610758633e-01 -2.406515711274027824e+09 5.981909983827679157e+08
3.603491738687170098e-01 -2.449426046731630802e+09 5.995483182583421469e+08
3.620116835804937372e-01 -2.476708023723589897e+09 6.012466039867349863e+08
3.636741932963493684e-01 -2.488217523880388737e+09 6.031924792512060404e+08
3.653367030162280593e-01 -2.483960548016572475e+09 6.052714284201103449e+08
3.669992127400752979e-01 -2.464091440835708618e+09 6.073520572013653517e+08
3.686617224678372939e-01 -2.428909551861121655e+09 6.092913372844498158e+08
3.703242321994613118e-01 -2.378854393289287090e+09 6.109405505221896172e+08
3.719867419348956150e-01 -2.314499371538246155e+09 6.121516478647869825e+08
3.736492516740893000e-01 -2.236544184242341995e+09 6.127837631447973251e+08
3.753117614169925176e-01 -2.145805988121716022e+09 6.127096610687664747e+08
3.769742711635561405e-01 -2.043209455434232950e+09 6.118219413963978291e+08
3.786367809137318741e-01 -1.929775847428548098e+09 6.100388578729138374e+08
3.802992906674724227e-01 -1.806611242296782255e+09 6.073096339580739737e+08
3.819618004247312126e-01 -1.674894062446909904e+09 6.036191628907539845e+08
3.836243101854625026e-01 -1.535862051452763319e+09 5.989919639563986063e+08
3.852868199496213841e-01 -1.390798854708699226e+09 5.934952281332380772e+08
3.869493297171635593e-01 -1.241020359643126965e+09 5.872407243213137388e+08
3.886118394880457849e-01 -1.087860951279047489e+09 5.803852548308560848e+08
3.902743492622252064e-01 -9.326598370504583120e+08 5.731292542842428684e+08
3.919368590396599683e-01 -7.767475910821630955e+08 5.657130382852483988e+08
3.935993688203087704e-01 -6.214330627429085970e+08 5.584101609031163454e+08
3.952618786041311449e-01 -4.679907872152085304e+08 5.515173846587032080e+08
3.969243883910870685e-01 -3.176490272667006850e+08 5.453409675762299299e+08
3.985868981811374612e-01 -1.715785654138276279e+08 5.401793867248535156e+08
4.002494079742436872e-01 -3.088235445545835420e+07 5.363032600836271048e+08
4.019119177703678880e-01 1.034138779922297746e+08 5.339340203116269708e+08
4.035744275694727046e-01 2.303699885587607622e+08 5.332236362035385370e+08
4.052369373715214440e-01 3.491386723983811736e+08 5.342380826536596417e+08
4.068994471764781906e-01 4.589715588193134665e+08 5.369470664505494833e+08
4.085619569843071952e-01 5.592241093316515684e+08 5.412216458728141785e+08
4.102244667949735413e-01 6.493592942098048925e+08 5.468400393071535826e+08
4.118869766084432005e-01 7.289500387165503502e+08 5.535005238892067671e+08
4.135494864246819224e-01 7.976804448904201984e+08 5.608393190442003012e+08
4.152119962436567890e-01 8.553458091888347864e+08 5.684509781403228045e+08
4.168745060653349932e-01 9.018514699994304180e+08 5.759090460746302605e+08
4.185370158896842829e-01 9.372105320447207689e+08 5.827853553510342836e+08
4.201995257166728504e-01 9.615405267084543705e+08 5.886670537371134758e+08
4.218620355462696647e-01 9.750590783188401461e+08 5.931710790985511541e+08
4.235245453784438063e-01 9.780786561474196911e+08 5.959562290079375505e+08
4.251870552131651881e-01 9.710005003833934069e+08 5.967332124753857851e+08
4.268495650504041117e-01 9.543078173694148064e+08 5.952731642536685467e+08
4.285120748901312115e-01 9.285583450442278385e+08 5.914151046911454201e+08
4.301745847323175664e-01 8.943763936110538244e+08 5.850727852049261332e+08
4.318370945769347546e-01 8.524444691094071865e+08 5.762412974171779156e+08
4.334996044239549096e-01 8.034945886158300638e+08 5.650037482514060736e+08
4.351621142733504422e-01 7.482993954810619354e+08 5.515381969491959810e+08
4.368246241250944295e-01 6.876631811388170719e+08 5.361248687491304278e+08
4.384871339791597822e-01 6.224129169253431559e+08 5.191533226986562014e+08
4.401496438355204099e-01 5.533893948392355442e+08 5.011286294278870225e+08
4.418121536941504446e-01 4.814385706497487426e+08 4.826745392000182867e+08
4.434746635550242400e-01 4.074031960414022803e+08 4.645299461015870571e+08
4.451371734181167605e-01 3.321148190312508345e+08 4.475327695304409266e+08
4.467996832834031928e-01 2.563862235005979240e+08 4.325834404791033268e+08
4.484621931508591675e-01 1.810043698886867464e+08 4.205804801330779195e+08
4.501247030204606481e-01 1.067238896471077651e+08 4.123262889755049348e+08
4.517872128921838204e-01 3.426117655627290159e+07 4.084141762095195651e+08
4.534497227660054253e-01 -3.571089185182712972e+07 4.091240018207599521e+08
4.551122326419027031e-01 -1.025675790608203411e+08 4.143618222933034897e+08
4.567747425198525613e-01 -1.657362464691479802e+08 4.236672542485356927e+08
4.584372523998329063e-01 -2.246996373162410259e+08 4.362844734075608253e+08
4.600997622818217003e-01 -2.789984913976063132e+08 4.512681336933915615e+08
4.617622721657972384e-01 -3.282335021567828059e+08 4.675899686447660923e+08
4.634247820517383154e-01 -3.720666353491815925e+08 4.842234797251548171e+08
4.650872919396236149e-01 -4.102218347428042293e+08 5.002000321351818442e+08
4.667498018294323758e-01 -4.424851463271389008e+08 5.146402881893761754e+08
4.684123117211442255e-01 -4.687042969075279236e+08 5.267685913465863466e+08
4.700748216147389580e-01 -4.887877671902428269e+08 5.359173132075748444e+08
4.717373315101965336e-01 -5.027034018395147920e+08 5.415261017974289656e+08
4.733998414074974126e-01 -5.104766014271765947e+08 5.431389691216506958e+08
4.750623513066224435e-01 -5.121881415143113732e+08 5.404007229013533592e+08
4.767248612075521974e-01 -5.079716649282584786e+08 5.330533736162284017e+08
4.783873711102680226e-01 -4.980108916362391114e+08 5.209326732517279387e+08
4.800498810147514894e-01 -4.825365901913418770e+08 5.039647166793527603e+08
4.817123909209840571e-01 -4.618233512166769505e+08 4.821624482409203053e+08
4.833749008289477955e-01 -4.361862022933133841e+08 4.556219025628714561e+08
4.850374107386249412e-01 -4.059770983426182866e+08 4.245180265583921075e+08
4.866999206499977859e-01 -3.715813207010447383e+08 3.890999658046376109e+08
4.883624305630492324e-01 -3.334138108032251000e+08 3.496857340944620371e+08
4.900249404777619611e-01 -2.919154652455658913e+08 3.066562269323135614e+08
4.916874503941192631e-01 -2.475494083705882132e+08 2.604485706785316765e+08
4.933499603121045407e-01 -2.007972646857356131e+08 2.115488423418778777e+08
4.950124702317013070e-01 -1.521554338006378710e+08 1.604842282927703261e+08
4.966749801528934083e-01 -1.021313961385918707e+08 1.078148621560026556e+08
4.983374900756649684e-01 -5.124000184997581691e+07 5.412682561393319070e+07
