# r [arcsec]	I [Jy/sr]	I_uncer [Jy/sr]
1.272617859314095550e-03 2.399164307146190186e+11 5.478752412164276123e+09
2.921189009106442414e-03 2.397445882561490784e+11 5.470085688345502853e+09
4.579495862547155495e-03 2.394356763027643433e+11 5.454546390069669724e+09
6.240002426697914550e-03 2.389900469669017029e+11 5.432169566867268562e+09
7.901343393063876494e-03 2.384082986275407715e+11 5.403021008880731583e+09
9.563088128690054243e-03 2.376912209169017639e+11 5.367188645873769760e+09
1.122505851373705593e-02 2.368397881744094849e+11 5.324781194418751717e+09
1.288716767388508287e-02 2.358551566800436096e+11 5.275927637324559212e+09
1.454936822595933807e-02 2.347386622430679321e+11 5.220776830596142769e+09
1.621163214106096165e-02 2.334918176251492615e+11 5.159497118398833275e+09
1.787394178310437384e-02 2.321163096871230774e+11 5.092275930243059158e+09
1.953628550253095827e-02 2.306139962329003601e+11 5.019319356106564522e+09
2.119865529577967186e-02 2.289869025467491760e+11 4.940851702028314590e+09
2.286104548286438387e-02 2.272372176274841919e+11 4.857115031612651825e+09
2.452345192144544592e-02 2.253672901263027649e+11 4.768368700561743736e+09
2.618587151961204035e-02 2.233796239964943542e+11 4.674888892622239113e+09
2.784830192283991451e-02 2.212768738643283386e+11 4.576968166357747078e+09
2.951074130657948408e-02 2.190618401312098389e+11 4.474915023235204697e+09
3.117318823511218417e-02 2.167374638178336487e+11 4.369053508443350792e+09
3.283564156322602012e-02 2.143068211616861877e+11 4.259722856857777119e+09
3.449810036628684490e-02 2.117731179797936401e+11 4.147277197396756172e+09
3.616056388957845924e-02 2.091396838090848999e+11 4.032085329696492195e+09
3.782303151098994481e-02 2.064099658372619934e+11 3.914530587391537189e+09
3.948550271312052662e-02 2.035875226374249573e+11 3.795010802084396362e+09
4.114797706214112089e-02 2.006760177201954346e+11 3.673938381000830173e+09
4.281045419157746001e-02 1.976792129173375549e+11 3.551740508875599384e+09
4.447293378972808769e-02 1.946009616112948303e+11 3.428859480036146641e+09
4.613541558980088775e-02 1.914452018252698669e+11 3.305753159031738281e+09
4.779789936210682849e-02 1.882159491888194885e+11 3.182895556023457050e+09
4.946038490782722619e-02 1.849172897940278931e+11 3.060777484746695995e+09
5.112287205399637657e-02 1.815533729576662598e+11 2.939907243709934235e+09
5.278536064943199074e-02 1.781284039046916504e+11 2.820811222603296280e+09
5.444785056141081270e-02 1.746466363887547302e+11 2.704034282295616627e+09
5.611034167293492414e-02 1.711123652652387390e+11 2.590139685299194813e+09
5.777283388046990098e-02 1.675299190325762329e+11 2.479708262324437618e+09
5.943532709206246489e-02 1.639036523574242554e+11 2.373336391020373821e+09
6.109782122576532665e-02 1.602379385993260193e+11 2.271632243156215191e+09
6.276031620831216962e-02 1.565371623503837280e+11 2.175209645365270138e+09
6.442281197399798987e-02 1.528057120053130798e+11 2.084678831261830568e+09
6.608530846372812073e-02 1.490479723771392517e+11 2.000633394293662310e+09
6.774780562420743002e-02 1.452683173735742493e+11 1.923632953330822706e+09
6.941030340724584080e-02 1.414711027488947754e+11 1.854181491599033117e+09
7.107280176916151715e-02 1.376606589458999939e+11 1.792702067405859232e+09
7.273530067026563739e-02 1.338412840421747742e+11 1.739509583079317093e+09
7.439780007441634813e-02 1.300172368146625214e+11 1.694784364091029167e+09
7.606029994863128252e-02 1.261927299360695038e+11 1.658550127036081314e+09
7.772280026274960840e-02 1.223719233163490601e+11 1.630660115859959602e+09
7.938530098913672284e-02 1.185589176020167847e+11 1.610794469892115355e+09
8.104780210242505667e-02 1.147577478456542816e+11 1.598470254394982815e+09
8.271030357928650656e-02 1.109723773574782715e+11 1.593063413997082710e+09
8.437280539823126257e-02 1.072066917503144531e+11 1.593839846232643843e+09
8.603530753943039455e-02 1.034644931889148407e+11 1.599991460929378033e+09
8.769780998455847798e-02 9.974949485383599854e+10 1.610672811544461966e+09
8.936031271665356712e-02 9.606531562973234558e+10 1.625034566875094414e+09
9.102281571999285004e-02 9.241547502720549011e+10 1.642251348907041073e+09
9.268531897998151525e-02 8.880338834678338623e+10 1.661542834839795828e+09
9.434782248305331742e-02 8.523236209304803467e+10 1.682188162392796278e+09
9.601032621658157906e-02 8.170558964622607422e+10 1.703534428828122854e+09
9.767283016879922675e-02 7.822614719796855164e+10 1.725000437493052244e+09
9.933533432872686253e-02 7.479698995739498901e+10 1.746076912289071798e+09
1.009978386861079547e-01 7.142094863278506470e+10 1.766324284662297487e+09
1.026603432313502873e-01 6.810072619369169617e+10 1.785368957396265507e+09
1.043228479554730720e-01 6.483889491751470184e+10 1.802898731642839909e+09
1.059853528500589448e-01 6.163789372396826935e+10 1.818657885787121534e+09
1.076478579072105424e-01 5.850002580013264465e+10 1.832442232773807764e+09
1.093103631195108394e-01 5.542745651816816711e+10 1.844094359133719921e+09
1.109728684799872744e-01 5.242221164702674866e+10 1.853499159977161169e+09
1.126353739820789568e-01 4.948617585889633942e+10 1.860579723164287567e+09
1.142978796196066349e-01 4.662109153037417603e+10 1.865293575871617317e+09
1.159603853867454265e-01 4.382855783776702118e+10 1.867629281965068817e+09
1.176228912779997832e-01 4.111003014519600677e+10 1.867603364264453411e+09
1.192853972881804531e-01 3.846681968361376953e+10 1.865257518395349979e+09
1.209479034123834701e-01 3.590009351812879944e+10 1.860656081965770245e+09
1.226104096459709192e-01 3.341087480048050308e+10 1.853883722504051208e+09
1.242729159845529646e-01 3.100004330282542801e+10 1.845043308788054466e+09
1.259354224239715991e-01 2.866833622849131393e+10 1.834253932136870146e+09
1.275979289602855449e-01 2.641634929467188263e+10 1.821649046440278053e+09
1.292604355897561952e-01 2.424453808157574463e+10 1.807374697942106724e+09
1.309229423088349165e-01 2.215321964191945267e+10 1.791587817950467825e+09
1.325854491141509606e-01 2.014257436419233704e+10 1.774454553711292267e+09
1.342479560025006402e-01 1.821264808256791306e+10 1.756148614734056234e+09
1.359104629708369483e-01 1.636335442590627670e+10 1.736849614021615982e+09
1.375729700162601765e-01 1.459447739779255676e+10 1.716741386105688810e+09
1.392354771360091448e-01 1.290567417915048218e+10 1.696010266722353697e+09
1.408979843274529020e-01 1.129647814454670906e+10 1.674843322603315592e+09
1.425604915880832879e-01 9.766302082927593231e+09 1.653426524398790121e+09
1.442229989155077718e-01 8.314441613166496277e+09 1.631942861379509926e+09
1.458855063074428748e-01 6.940078784464773178e+09 1.610570403360769272e+09
1.475480137617080634e-01 5.642285851364455223e+09 1.589480323248812914e+09
1.492105212762198374e-01 4.420029212828126907e+09 1.568834902537846565e+09
1.508730288489867621e-01 3.272173504612584591e+09 1.548785551601099253e+09
1.525355364781040279e-01 2.197485833937217712e+09 1.529470886125371456e+09
1.541980441617490649e-01 1.194640145252737284e+09 1.511014909709504366e+09
1.558605518981770188e-01 2.622217057619099319e+08 1.493525359501971960e+09
1.575230596857167542e-01 -6.012683008020747900e+08 1.477092275740439177e+09
1.591855675227668576e-01 -1.397408083725821733e+09 1.461786856216164351e+09
1.608480754077921959e-01 -2.127850469869276762e+09 1.447660652253094912e+09
1.625105833393203636e-01 -2.794318054933570862e+09 1.434745153500096798e+09
1.641730913159387406e-01 -3.398598293182036400e+09 1.423051794881794453e+09
1.658355993362912173e-01 -3.942538537343050957e+09 1.412572401301912546e+09
1.674981073990755853e-01 -4.428041040380772591e+09 1.403280065523892641e+09
1.691606155030408176e-01 -4.857057930757717133e+09 1.395130433863716841e+09
1.708231236469845982e-01 -5.231586172733062744e+09 1.388063354850842476e+09
1.724856318297508795e-01 -5.553662523098406792e+09 1.382004829656798840e+09
1.741481400502279120e-01 -5.825358495637464523e+09 1.376869191268117666e+09
1.758106483073458848e-01 -6.048775344400945663e+09 1.372561432904089212e+09
1.774731566000750660e-01 -6.226039076719025612e+09 1.368979605231796026e+09
1.791356649274240265e-01 -6.359295506630172729e+09 1.366017206033433199e+09
1.807981732884377246e-01 -6.450705359192107201e+09 1.363565494195492506e+09
1.824606816821959798e-01 -6.502439435851977348e+09 1.361515670976270676e+09
1.841231901078118072e-01 -6.516673850794743538e+09 1.359760884139922619e+09
1.857856985644300296e-01 -6.495585347861275673e+09 1.358198023492325306e+09
1.874482070512257237e-01 -6.441346707318977356e+09 1.356729288595161915e+09
1.891107155674030538e-01 -6.356122251426631927e+09 1.355263520245206118e+09
1.907732241121938566e-01 -6.242063457366262436e+09 1.353717296250986576e+09
1.924357326848565586e-01 -6.101304685748567581e+09 1.352015798946000099e+09
1.940982412846749550e-01 -5.935959032507311821e+09 1.350093466789910555e+09
1.957607499109572380e-01 -5.748114311594114304e+09 1.347894445520220757e+09
1.974232585630348313e-01 -5.539829175464297295e+09 1.345372855896669626e+09
1.990857672402615297e-01 -5.313129379925985336e+09 1.342492895446595430e+09
2.007482759420124996e-01 -5.070004199478020668e+09 1.339228791086673737e+09
2.024107846676835298e-01 -4.812402998820023537e+09 1.335564618347340822e+09
2.040732934166899215e-01 -4.542231965759149551e+09 1.331494001418799877e+09
2.057358021884660160e-01 -4.261351010283059597e+09 1.327019706576331854e+09
2.073983109824642512e-01 -3.971570834095140457e+09 1.322153139895102739e+09
2.090608197981545235e-01 -3.674650174435027599e+09 1.316913758666538000e+09
2.107233286350234380e-01 -3.372293225547288895e+09 1.311328404669732571e+09
2.123858374925735870e-01 -3.066147240666195393e+09 1.305430566515940905e+09
2.140483463703231337e-01 -2.757800316919839382e+09 1.299259577712440968e+09
2.157108552678049240e-01 -2.448779365084414959e+09 1.292859756930331707e+09
2.173733641845664311e-01 -2.140548265628745317e+09 1.286279497198547125e+09
2.190358731201685061e-01 -1.834506212043468714e+09 1.279570311411498785e+09
2.206983820741854618e-01 -1.531986241952637196e+09 1.272785842570885420e+09
2.223608910462041566e-01 -1.234253956075368881e+09 1.265980848552993298e+09
2.240234000358239386e-01 -9.425064246211012602e+08 1.259210172818714142e+09
2.256859090426557024e-01 -6.578712802787950039e+08 1.252527714252811193e+09
2.273484180663219723e-01 -3.814059965015177131e+08 1.245985411112876654e+09
2.290109271064561247e-01 -1.140973493705027401e+08 1.239632255711585045e+09
2.306734361627020280e-01 1.431389390983409882e+08 1.233513357797347069e+09
2.323359452347137921e-01 3.894583787616583109e+08 1.227669075440986156e+09
2.339984543221555469e-01 6.240877132004350424e+08 1.222134232439915180e+09
2.356609634247005536e-01 8.463247489555171728e+08 1.216937440653337955e+09
2.373234725420314828e-01 1.055538015831182599e+09 1.212100544227692127e+09
2.389859816738397480e-01 1.251166262327584505e+09 1.207638200306106806e+09
2.406484908198254224e-01 1.432717790575456381e+09 1.203557607620333910e+09
2.423109999796965175e-01 1.599769635504280567e+09 1.199858390438257694e+09
2.439735091531692601e-01 1.751966593244469643e+09 1.196532640906011581e+09
2.456360183399674824e-01 1.889020104081809282e+09 1.193565118110693693e+09
2.472985275398224547e-01 2.010706995540052891e+09 1.190933597505822420e+09
2.489610367524725254e-01 2.116868091422723532e+09 1.188609359936468840e+09
2.506235459776631203e-01 2.207406692884139538e+09 1.186557805677006960e+09
2.522860552151463542e-01 2.282286937810830116e+09 1.184739175815610886e+09
2.539485644646808371e-01 2.341532044995398045e+09 1.183109361160672665e+09
2.556110737260313126e-01 2.385222449756381512e+09 1.181620777636662006e+09
2.572735829989687417e-01 2.413493837823192120e+09 1.180223286887109518e+09
2.589360922832700251e-01 2.426535084437197685e+09 1.178865141395881414e+09
2.605986015787175591e-01 2.424586105732136726e+09 1.177493934772055626e+09
2.622611108850994577e-01 2.407935629576860428e+09 1.176057539699560165e+09
2.639236202022091082e-01 2.376918893109365940e+09 1.174505018292645693e+09
2.655861295298450053e-01 2.331915274277522564e+09 1.172787491993781328e+09
2.672486388678106950e-01 2.273345864723867893e+09 1.170858960573021889e+09
2.689111482159146083e-01 2.201670991376339912e+09 1.168677062071141243e+09
2.705736575739698391e-01 2.117387694105548859e+09 1.166203767585273266e+09
2.722361669417941443e-01 2.021027166787477970e+09 1.163406006536863327e+09
2.738986763192096108e-01 1.913152169078253984e+09 1.160256219454867125e+09
2.755611857060425440e-01 1.794354416140450954e+09 1.156732836326171160e+09
2.772236951021236906e-01 1.665251953497737646e+09 1.152820679218850374e+09
2.788862045072874607e-01 1.526486524090656519e+09 1.148511288188763380e+09
2.805487139213725944e-01 1.378720934512070894e+09 1.143803169476027966e+09
2.822112233442213292e-01 1.222636427252289534e+09 1.138701964717075348e+09
2.838737327756796214e-01 1.058930065673060536e+09 1.133220539402975798e+09
2.855362422155972579e-01 8.883121382411248684e+08 1.127378988152797461e+09
2.871987516638271343e-01 7.115035884054648876e+08 1.121204553616807699e+09
2.888612611202258651e-01 5.292334763047944307e+08 1.114731455051858187e+09
2.905237705846532292e-01 3.422364782914444208e+08 1.108000621901887417e+09
2.921862800569720031e-01 1.512504300592502356e+08 1.101059327195267916e+09
2.938487895370484604e-01 -4.298608107368542999e+07 1.093960715315876722e+09
2.955112990247516502e-01 -2.397360694027393758e+08 1.086763218900709867e+09
2.971738085199533974e-01 -4.382664445138737559e+08 1.079529860349267244e+09
2.988363180225286353e-01 -6.378502405750482082e+08 1.072327434888181448e+09
3.004988275323551283e-01 -8.377687766762944460e+08 1.065225574415800214e+09
3.021613370493130279e-01 -1.037313743923369884e+09 1.058295694578259587e+09
3.038238465732852611e-01 -1.235789215264766455e+09 1.051609831721261501e+09
3.054863561041573639e-01 -1.432513574312284231e+09 1.045239381500885010e+09
3.071488656418173702e-01 -1.626821359707029581e+09 1.039253756849071383e+09
3.088113751861554790e-01 -1.818065021867557287e+09 1.033718989404517651e+09
3.104738847370644983e-01 -2.005616589255048990e+09 1.028696305000252366e+09
3.121363942944395120e-01 -2.188869241584271908e+09 1.024240709795062304e+09
3.137989038581776025e-01 -2.367238787712401867e+09 1.020399628505481124e+09
3.154614134281782389e-01 -2.540165046226833820e+09 1.017211639258019805e+09
3.171239230043430002e-01 -2.707113127061866760e+09 1.014705350251340747e+09
3.187864325865753523e-01 -2.867574612767486572e+09 1.012898461248853326e+09
3.204489421747808708e-01 -3.021068638342799664e+09 1.011797047740315437e+09
3.221114517688670742e-01 -3.167142868853644371e+09 1.011395097577605605e+09
3.237739613687434237e-01 -3.305374374328577518e+09 1.011674319493053436e+09
3.254364709743211015e-01 -3.435370401724884987e+09 1.012604230955157399e+09
3.270989805855132326e-01 -3.556769044023774147e+09 1.014142520320345759e+09
3.287614902022346075e-01 -3.669239806806487560e+09 1.016235666282906413e+09
3.304239998244018484e-01 -3.772484072908583641e+09 1.018819787212816834e+09
3.320865094519330207e-01 -3.866235466035567760e+09 1.021821684909156322e+09
3.337490190847480775e-01 -3.950260114454889297e+09 1.025160042058586001e+09
3.354115287227684150e-01 -4.024356816139423370e+09 1.028746730436373472e+09
3.370740383659170392e-01 -4.088357106971786976e+09 1.032488187440638781e+09
3.387365480141183438e-01 -4.142125233837363243e+09 1.036286821478061080e+09
3.403990576672984991e-01 -4.185558034667600155e+09 1.040042411435414433e+09
3.420615673253846745e-01 -4.218584727689155102e+09 1.043653471325830579e+09
3.437240769883058711e-01 -4.241166612336589813e+09 1.047018557552518010e+09
3.453865866559921449e-01 -4.253296684478148937e+09 1.050037502565862775e+09
3.470490963283750507e-01 -4.254999168769500256e+09 1.052612564580582738e+09
3.487116060053874755e-01 -4.246328971120266914e+09 1.054649488190427661e+09
3.503741156869634166e-01 -4.227371054411720276e+09 1.056058475041951776e+09
3.520366253730383144e-01 -4.198239740735417366e+09 1.056755067137206435e+09
3.536991350635486642e-01 -4.159077943566028118e+09 1.056660947902985334e+09
3.553616447584322380e-01 -4.110056333372323036e+09 1.055704667952711940e+09
3.570241544576279180e-01 -4.051372440311627865e+09 1.053822303615497231e+09
3.586866641610758633e-01 -3.983249697696045399e+09 1.050958056938609958e+09
3.603491738687170098e-01 -3.905936430049368382e+09 1.047064806094949961e+09
3.620116835804937372e-01 -3.819704789596224308e+09 1.042104615068727255e+09
3.636741932963493684e-01 -3.724849645105596066e+09 1.036049211208630204e+09
3.653367030162280593e-01 -3.621687427051541805e+09 1.028880438805618048e+09
3.669992127400752979e-01 -3.510554933067862988e+09 1.020590696277224898e+09
3.686617224678372939e-01 -3.391808097715943813e+09 1.011183363830124021e+09
3.703242321994613118e-01 -3.265820730571439743e+09 1.000673227574891806e+09
3.719867419348956150e-01 -3.132983226650558949e+09 9.890869049088754654e+08
3.736492516740893000e-01 -2.993701253163769722e+09 9.764632744247372150e+08
3.753117614169925176e-01 -2.848394416575971603e+09 9.628539114709997177e+08
3.769742711635561405e-01 -2.697494913907831192e+09 9.483235275204421282e+08
3.786367809137318741e-01 -2.541446172166090012e+09 9.329504073786611557e+08
3.802992906674724227e-01 -2.380701479745553493e+09 9.168268325610359907e+08
3.819618004247312126e-01 -2.215722613568368912e+09 9.000594714056911469e+08
3.836243101854625026e-01 -2.046978465665561199e+09 8.827697061128389835e+08
3.852868199496213841e-01 -1.874943672817281485e+09 8.650938533828004599e+08
3.869493297171635593e-01 -1.700097252778801203e+09 8.471832182601797581e+08
3.886118394880457849e-01 -1.522921250534253120e+09 8.292039001487076283e+08
3.902743492622252064e-01 -1.343899397898323774e+09 8.113362464069483280e+08
3.919368590396599683e-01 -1.163515789694942474e+09 7.937738243503926992e+08
3.935993688203087704e-01 -9.822535796174397469e+08 7.767217605515726805e+08
3.952618786041311449e-01 -8.005936987522894144e+08 7.603942831319296360e+08
3.969243883910870685e-01 -6.190135996330468655e+08 7.450113070442085266e+08
3.985868981811374612e-01 -4.379860285484557748e+08 7.307939350778946877e+08
4.002494079742436872e-01 -2.579778287082438767e+08 7.179588196390670538e+08
4.019119177703678880e-01 -7.944877671666882932e+07 7.067114497410140038e+08
4.035744275694727046e-01 9.714954530867829919e+07 6.972385922353775501e+08
4.052369373715214440e-01 2.713748398188959360e+08 6.897003089603278637e+08
4.068994471764781906e-01 4.427951440541770458e+08 6.842221566444336176e+08
4.085619569843071952e-01 6.109898385399056673e+08 6.808883040227501392e+08
4.102244667949735413e-01 7.755506120936917067e+08 6.797363193674286604e+08
4.118869766084432005e-01 9.360823817646949291e+08 6.807542590917775631e+08
4.135494864246819224e-01 1.092204166237089872e+09 6.838804296567323208e+08
4.152119962436567890e-01 1.243549911414530516e+09 6.890058499165210724e+08
4.168745060653349932e-01 1.389769267005455971e+09 6.959790893585785627e+08
4.185370158896842829e-01 1.530528313115181684e+09 7.046128819344393015e+08
4.201995257166728504e-01 1.665510235955196381e+09 7.146917708748232126e+08
4.218620355462696647e-01 1.794415951951658249e+09 7.259800392447735071e+08
4.235245453784438063e-01 1.916964679651535749e+09 7.382292963065907955e+08
4.251870552131651881e-01 2.032894458974221468e+09 7.511852708342196941e+08
4.268495650504041117e-01 2.141962617478396893e+09 7.645935577176067829e+08
4.285120748901312115e-01 2.243946183459037304e+09 7.782042349933819771e+08
4.301745847323175664e-01 2.338642245789461136e+09 7.917753949495426416e+08
4.318370945769347546e-01 2.425868260584410191e+09 8.050757113900264502e+08
4.334996044239549096e-01 2.505462304834090710e+09 8.178862022399182320e+08
4.351621142733504422e-01 2.577283277317497253e+09 8.300013534557443857e+08
4.368246241250944295e-01 2.641211047176186085e+09 8.412297580516457558e+08
4.384871339791597822e-01 2.697146550669036865e+09 8.513944021438857317e+08
4.401496438355204099e-01 2.745011836701484680e+09 8.603327048703356981e+08
4.418121536941504446e-01 2.784750061847579002e+09 8.678963947773550749e+08
4.434746635550242400e-01 2.816325435648292542e+09 8.739512839829486609e+08
4.451371734181167605e-01 2.839723117089041233e+09 8.783769837900441885e+08
4.467996832834031928e-01 2.854949063210802078e+09 8.810665915744136572e+08
4.484621931508591675e-01 2.862029830921033382e+09 8.819263681916239262e+08
4.501247030204606481e-01 2.861012333110733509e+09 8.808754174237204790e+08
4.517872128921838204e-01 2.851963550295519352e+09 8.778453734188836813e+08
4.534497227660054253e-01 2.834970199015007973e+09 8.727800982962642908e+08
4.551122326419027031e-01 2.810138358339339256e+09 8.656353895146003962e+08
4.567747425198525613e-01 2.777593055833960533e+09 8.563786950579600334e+08
4.584372523998329063e-01 2.737477814444246769e+09 8.449888335198345184e+08
4.600997622818217003e-01 2.689954161741145611e+09 8.314557157794425488e+08
4.617622721657972384e-01 2.635201103097656250e+09 8.157800647781199217e+08
4.634247820517383154e-01 2.573414560305603027e+09 7.979731300656514168e+08
4.650872919396236149e-01 2.504806777290375710e+09 7.780563939435944557e+08
4.667498018294323758e-01 2.429605694492487431e+09 7.560612664366335869e+08
4.684123117211442255e-01 2.348054293643841267e+09 7.320287665881075859e+08
4.700748216147389580e-01 2.260409914552086353e+09 7.060091880815141201e+08
4.717373315101965336e-01 2.166943545678372383e+09 6.780617474472175837e+08
4.733998414074974126e-01 2.067939090146376848e+09 6.482542136598557234e+08
4.750623513066224435e-01 1.963692609029183865e+09 6.166625181266356707e+08
4.767248612075521974e-01 1.854511543539781570e+09 5.833703446396884918e+08
4.783873711102680226e-01 1.740713918047212362e+09 5.484686989613746405e+08
4.800498810147514894e-01 1.622627525496000051e+09 5.120554583350735307e+08
4.817123909209840571e-01 1.500589097241359711e+09 4.742349011667889357e+08
4.833749008289477955e-01 1.374943458788083315e+09 4.351172178737388253e+08
4.850374107386249412e-01 1.246042673577133179e+09 3.948180036426496506e+08
4.866999206499977859e-01 1.114245176121534348e+09 3.534577349076738954e+08
4.883624305630492324e-01 9.799148969081181288e+08 3.111612308688862324e+08
4.900249404777619611e-01 8.434203799384676218e+08 2.680571034671080112e+08
4.916874503941192631e-01 7.051338959696050882e+08 2.242771993929158151e+08
4.933499603121045407e-01 5.654305512401136160e+08 1.799560467653095424e+08
4.950124702317013070e-01 4.246873966922412515e+08 1.352303412552891076e+08
4.966749801528934083e-01 2.832825333943828344e+08 9.023865976925043762e+07
4.983374900756649684e-01 1.415942338656356633e+08 4.512293502352439612e+07
