# r [arcsec]	I [Jy/sr]	I_uncer [Jy/sr]
3.817853577942286001e-03 4.431363316185290527e+10 5.777574834125841856e+08
8.763567027319327241e-03 4.429016219226269531e+10 5.767794901329846382e+08
1.373848758764146562e-02 4.424796883874790955e+10 5.750262858602031469e+08
1.872000728009374365e-02 4.418709973053291321e+10 5.725021617846115828e+08
2.370403017919163122e-02 4.410763447671127319e+10 5.692150703953598738e+08
2.868926438607016446e-02 4.400967814638629913e+10 5.651756271517720222e+08
3.367517554121116780e-02 4.389336036683338928e+10 5.603969511618306637e+08
3.866150302165524688e-02 4.375883493615451050e+10 5.548946016637750864e+08
4.364810467787801074e-02 4.360627948284622192e+10 5.486865288233714104e+08
4.863489642318288148e-02 4.343589510121295166e+10 5.417930251638417244e+08
5.362182534931311806e-02 4.324790594759880066e+10 5.342366747716369629e+08
5.860885650759287135e-02 4.304255879394204712e+10 5.260422999265213609e+08
6.359596588733901212e-02 4.282012253826356506e+10 5.172369056109802127e+08
6.858313644859315161e-02 4.258088767271246338e+10 5.078496227185347676e+08
7.357035576433633428e-02 4.232516571024710846e+10 4.979116509951711297e+08
7.855761455883611410e-02 4.205328857122903442e+10 4.874562029244100451e+08
8.354490576851973660e-02 4.176560793138894653e+10 4.765184499113652110e+08
8.853222391973845917e-02 4.146249453270756531e+10 4.651354722692309022e+08
9.351956470533653865e-02 4.114433745888274384e+10 4.533462146490219831e+08
9.850692468967806037e-02 4.081154337712325287e+10 4.411914486847728491e+08
1.034943010988605139e-01 4.046453574810129547e+10 4.287137447345964909e+08
1.084816916687353777e-01 4.010375400596246338e+10 4.159574546678498387e+08
1.134690945329698275e-01 3.972965271037397003e+10 4.029687076534349918e+08
1.184565081393615799e-01 3.934270067262877655e+10 3.897954207870729566e+08
1.234439311864233557e-01 3.894338005791833496e+10 3.764873261050205231e+08
1.284313625747323662e-01 3.853218546589523315e+10 3.630960149503889680e+08
1.334188013691842700e-01 3.810962299172818756e+10 3.496749996566158533e+08
1.384062467694026355e-01 3.767620926986621094e+10 3.362797908817570806e+08
1.433936980863204647e-01 3.723247050277608490e+10 3.229679863988292813e+08
1.483811547234816508e-01 3.677894147693455505e+10 3.097993633604229093e+08
1.533686161619891020e-01 3.631616456838874817e+10 2.968359605768076777e+08
1.583560819482959792e-01 3.584468874019368744e+10 2.841421296741674542e+08
1.633435516842324520e-01 3.536506853407228088e+10 2.717845236751567721e+08
1.683310250188047585e-01 3.487786305860823822e+10 2.598319783158182800e+08
1.733185016414096891e-01 3.438363497631871033e+10 2.483552255932779610e+08
1.783059812761873808e-01 3.388294949190552139e+10 2.374263620415046215e+08
1.832934636772959591e-01 3.337637334399202347e+10 2.271179793433446586e+08
1.882809486249364950e-01 3.286447380262331009e+10 2.175018580753230453e+08
1.932684359219939418e-01 3.234781767476703644e+10 2.086471357265210748e+08
1.982559253911843622e-01 3.182697032003956985e+10 2.006178989973548651e+08
2.032434168726222901e-01 3.130249467881929016e+10 1.934702281335723996e+08
2.082309102217375085e-01 3.077495031487733459e+10 1.872488405317627192e+08
2.132184053074845376e-01 3.024489247460187912e+10 1.819836287080097497e+08
2.182059020107968983e-01 2.971287116482406235e+10 1.776865280588338673e+08
2.231934002232490444e-01 2.917943025121556091e+10 1.743492278878698349e+08
2.281808998458938198e-01 2.864510657912894440e+10 1.719422007097938955e+08
2.331684007882487975e-01 2.811042911871433258e+10 1.704153471361005008e+08
2.381559029674101546e-01 2.757591813603913498e+10 1.697002697885740101e+08
2.431434063072751561e-01 2.704208439187958145e+10 1.697138846527710259e+08
2.481309107378594780e-01 2.650942836976135635e+10 1.703628517454287708e+08
2.531184161946937738e-01 2.597843953472631073e+10 1.715482244749316573e+08
2.581059226182911837e-01 2.544959562424390030e+10 1.731697822914427519e+08
2.630934299536754062e-01 2.492336197254232025e+10 1.751296748290737569e+08
2.680809381499607014e-01 2.440019086959204483e+10 1.773351987395533323e+08
2.730684471599785779e-01 2.388052095582955170e+10 1.797006946810040176e+08
2.780559569399445041e-01 2.336477665363071442e+10 1.821486635141219795e+08
2.830434674491599245e-01 2.285336763643605423e+10 1.846102555818413794e+08
2.880309786497447511e-01 2.234668833632000732e+10 1.870252978792684674e+08
2.930184905063976664e-01 2.184511749069013214e+10 1.893420080154633224e+08
2.980060029861805737e-01 2.134901772870133972e+10 1.915165157942219377e+08
3.029935160583238640e-01 2.085873519785051346e+10 1.935122829061112404e+08
3.079810296940508341e-01 2.037459923112170792e+10 1.952994840284817815e+08
3.129685438664192021e-01 1.989692205492864609e+10 1.968543907286358774e+08
3.179560585501768344e-01 1.942599853800907516e+10 1.981587831835516989e+08
3.229435737216315716e-01 1.896210598130049896e+10 1.991994031698023677e+08
3.279310893585324904e-01 1.850550394874082565e+10 1.999674540298288167e+08
3.329186054399617678e-01 1.805643413880675888e+10 2.004581483919794261e+08
3.379061219462368704e-01 1.761512029652859116e+10 2.006703014770016968e+08
3.428936388588199047e-01 1.718176816558857727e+10 2.006059662119725645e+08
3.478811561602362934e-01 1.675656548003698349e+10 2.002701056231583059e+08
3.528686738339993356e-01 1.633968199503947830e+10 1.996702977536807954e+08
3.578561918645413176e-01 1.593126955599590302e+10 1.988164684349392951e+08
3.628437102371503964e-01 1.553146220526229477e+10 1.977206474728269279e+08
3.678312289379127020e-01 1.514037632563410187e+10 1.963967441093548834e+08
3.728187479536588800e-01 1.475811081964556503e+10 1.948603379244326651e+08
3.778062672719147974e-01 1.438474732368707657e+10 1.931284816249023974e+08
3.827937868808565791e-01 1.402035045583031654e+10 1.912195124153749645e+08
3.877813067692685856e-01 1.366496809621269417e+10 1.891528688563146889e+08
3.927688269265047216e-01 1.331863169873679161e+10 1.869489103011368811e+08
3.977563473424529095e-01 1.298135663279424286e+10 1.846287361805329323e+08
4.027438680075018929e-01 1.265314255365142250e+10 1.822140025925760269e+08
4.077313889125108171e-01 1.233397380008964348e+10 1.797267338898223639e+08
4.127189100487804740e-01 1.202381981783775330e+10 1.771891272647918761e+08
4.177064314080274343e-01 1.172263560728532791e+10 1.746233487565793395e+08
4.226939529823587338e-01 1.143036219393599129e+10 1.720513196716345847e+08
4.276814747642498915e-01 1.114692712001486397e+10 1.694944931622290909e+08
4.326689967465233155e-01 1.087224495561950111e+10 1.669736216544394791e+08
4.376565189223286523e-01 1.060621782777746201e+10 1.645085169681006074e+08
4.426440412851241901e-01 1.034873596575620079e+10 1.621178062926880419e+08
4.476315638286594845e-01 1.009967826095340919e+10 1.598186886181861758e+08
4.526190865469603142e-01 9.858912839688385010e+09 1.576266976612902582e+08
4.576066094343120838e-01 9.626297647209981918e+09 1.555554786390833259e+08
4.625941324852472225e-01 9.401681041241903305e+09 1.536165872494126856e+08
4.675816556945310287e-01 9.184902393384983063e+09 1.518193197444174290e+08
4.725691790571502904e-01 8.975792696707651138e+09 1.501705828631016612e+08
4.775567025683005173e-01 8.774175177883167267e+09 1.486748115155984461e+08
4.825442262233765600e-01 8.579865912230894089e+09 1.473339404504239857e+08
4.875317500179611185e-01 8.392674440064059258e+09 1.461474337663758993e+08
4.925192739478161941e-01 8.212404382762595177e+09 1.451123732322930992e+08
4.975067980088735964e-01 8.038854057026862144e+09 1.442236032243435681e+08
5.024943221972267837e-01 7.871817085806241989e+09 1.434739270048788786e+08
5.074818465091224251e-01 7.711083004434888840e+09 1.428543463720578551e+08
5.124693709409537945e-01 7.556437860551104546e+09 1.423543346766823232e+08
5.174568954892526662e-01 7.407664806430460930e+09 1.419621320047413707e+08
5.224444201506837082e-01 7.264544682403447151e+09 1.416650510198860765e+08
5.274319449220377098e-01 7.126856590092145920e+09 1.414497824905532897e+08
5.324194698002251425e-01 6.994378454251386642e+09 1.413026907409080863e+08
5.374069947822720517e-01 6.866887572063418388e+09 1.412100909552026689e+08
5.423945198653131738e-01 6.744161148787213326e+09 1.411585022054936886e+08
5.473820450465878285e-01 6.625976818743308067e+09 1.411348720529414415e+08
5.523695703234354770e-01 6.512113150659740448e+09 1.411267704242607951e+08
5.573570956932899501e-01 6.402350136490298271e+09 1.411225520678837597e+08
5.623446211536771155e-01 6.296469662870045662e+09 1.411114881865300834e+08
5.673321467022091058e-01 6.194255964449875832e+09 1.410838688028129637e+08
5.723196723365815419e-01 6.095496058418362617e+09 1.410310780591035783e+08
5.773071980545696480e-01 5.999980159588015556e+09 1.409456450210672021e+08
5.822947238540248094e-01 5.907502075497146606e+09 1.408212726950153112e+08
5.872822497328716862e-01 5.817859581043895721e+09 1.406528479372479022e+08
5.922697756891045495e-01 5.730854772241610527e+09 1.404364347778762579e+08
5.972573017207846169e-01 5.646294398755480766e+09 1.401692534473803639e+08
6.022448278260374988e-01 5.563990174943832397e+09 1.398496471166247725e+08
6.072323540030505340e-01 5.483759069200786591e+09 1.394770380688368082e+08
6.122198802500696813e-01 5.405423571461163521e+09 1.390518747362315953e+08
6.172074065653979646e-01 5.328811938792346001e+09 1.385755707690003514e+08
6.221949329473926982e-01 5.253758419063228607e+09 1.380504370709472895e+08
6.271824593944635984e-01 5.180103452743108749e+09 1.374796075413921475e+08
6.321699859050702308e-01 5.107693852940578461e+09 1.368669591104774773e+08
6.371575124777206778e-01 5.036382963852693558e+09 1.362170265484084487e+08
6.421450391109693179e-01 4.966030797850339890e+09 1.355349124698485732e+08
6.471325658034148276e-01 4.896504151476920128e+09 1.348261929422400892e+08
6.521200925536991821e-01 4.827676700692518234e+09 1.340968191428098232e+08
6.571076193605055460e-01 4.759429075738925934e+09 1.333530155890312940e+08
6.620951462225563855e-01 4.691648916052098274e+09 1.326011755909229666e+08
6.670826731386124697e-01 4.624230905686570168e+09 1.318477547324507684e+08
6.720702001074717602e-01 4.557076789761346817e+09 1.310991633781757653e+08
6.770577271279670795e-01 4.490095372467193604e+09 1.303616594065107852e+08
6.820452541989658890e-01 4.423202497220711708e+09 1.296412425817682594e+08
6.870327813193682909e-01 4.356321009567132950e+09 1.289435521737057716e+08
6.920203084881060285e-01 4.289380703477758884e+09 1.282737696003142148e+08
6.970078357041413764e-01 4.222318251699583054e+09 1.276365279857080579e+08
7.019953629664664740e-01 4.155077120848582268e+09 1.270358305728710443e+08
7.069828902741016607e-01 4.087607471947856426e+09 1.264749798953693509e+08
7.119704176260943651e-01 4.019866047136155605e+09 1.259565194821874201e+08
7.169579450215193273e-01 3.951816043281652927e+09 1.254821896423393637e+08
7.219454724594762673e-01 3.883426973245831013e+09 1.250528985543018132e+08
7.269329999390895525e-01 3.814674515555767059e+09 1.246687094841971397e+08
7.319205274595077526e-01 3.745540353241711617e+09 1.243288444946979433e+08
7.369080550199024193e-01 3.676012002603461266e+09 1.240317045122464597e+08
7.418955826194673087e-01 3.606082632669188023e+09 1.237749051242683977e+08
7.468831102574174929e-01 3.535750876105939388e+09 1.235553270103990287e+08
7.518706379329892497e-01 3.465020632338213921e+09 1.233691795035118759e+08
7.568581656454390627e-01 3.393900863622565269e+09 1.232120754485474676e+08
7.618456933940425113e-01 3.322405384819200993e+09 1.230791152972817868e+08
7.668332211780939378e-01 3.250552647588121414e+09 1.229649782509388626e+08
7.718207489969062252e-01 3.178365519726043224e+09 1.228640182397879660e+08
7.768082768498100199e-01 3.105871060344644070e+09 1.227703625987109691e+08
7.817958047361527329e-01 3.033100291576046944e+09 1.226780114465439022e+08
7.867833326552983175e-01 2.960087967470441341e+09 1.225809359845232964e+08
7.917708606066273802e-01 2.886872340736665726e+09 1.224731741766499281e+08
7.967583885895350715e-01 2.813494927949727535e+09 1.223489225400973856e+08
8.017459166034320850e-01 2.740000273834602356e+09 1.222026230408347547e+08
8.067334446477437693e-01 2.666435715208591461e+09 1.220290443424427658e+08
8.117209727219093507e-01 2.592851145142465591e+09 1.218233568833503574e+08
8.167085008253823775e-01 2.519298777879235744e+09 1.215812014511727691e+08
8.216960289576287213e-01 2.445832915021998405e+09 1.212987510788382143e+08
8.266835571181275766e-01 2.372509713477656364e+09 1.209727662025735676e+08
8.316710853063710163e-01 2.299386955623809814e+09 1.206006430972941965e+08
8.366586135218624376e-01 2.226523822131099224e+09 1.201804556430786252e+08
8.416461417641176723e-01 2.153980667859505177e+09 1.197109904785854965e+08
8.466336700326639875e-01 2.081818801211592674e+09 1.191917755675271899e+08
8.516211983270388641e-01 2.010100267310466528e+09 1.186231021472107023e+08
8.566087266467917738e-01 1.938887635335796833e+09 1.180060399452986270e+08
8.615962549914814028e-01 1.868243790337580442e+09 1.173424454493619949e+08
8.665837833606774288e-01 1.798231729814420462e+09 1.166349628950172365e+08
8.715713117539596322e-01 1.728914365324277163e+09 1.158870175104071945e+08
8.765588401709160093e-01 1.660354329376688242e+09 1.151028004222366065e+08
8.815463686111453256e-01 1.592613787823104382e+09 1.142872444993804693e+08
8.865338970742548952e-01 1.525754257954025269e+09 1.134459902967306077e+08
8.915214255598600257e-01 1.459836432480780840e+09 1.125853411742592454e+08
8.965089540675857949e-01 1.394920009567149401e+09 1.117122066220855266e+08
9.014964825970653850e-01 1.331063529052671909e+09 1.108340328396620005e+08
9.064840111479389728e-01 1.268324214997771740e+09 1.099587197168113738e+08
9.114715397198557278e-01 1.206757824656649828e+09 1.090945235672453791e+08
9.164590683124720361e-01 1.146418503976879358e+09 1.082499452932010740e+08
9.214465969254520550e-01 1.087358649701660156e+09 1.074336041266002655e+08
9.264341255584663815e-01 1.029628778143639684e+09 1.066540977060483098e+08
9.314216542111933839e-01 9.732774006830879450e+08 1.059198500012979507e+08
9.364091828833184250e-01 9.183509060311442614e+08 1.052389494632000327e+08
9.413967115745327519e-01 8.648934492902204990e+08 1.046189807089156508e+08
9.463842402845346058e-01 8.129468478327389956e+08 1.040668539787904769e+08
9.513717690130290006e-01 7.625504840086355209e+08 1.035886374321738780e+08
9.563592977597260569e-01 7.137412146859458685e+08 1.031893979811764359e+08
9.613468265243425570e-01 6.665532876231161356e+08 1.028730566907915473e+08
9.663343553066010561e-01 6.210182646565425396e+08 1.026422647157889754e+08
9.713218841062303266e-01 5.771649516952202320e+08 1.024983052465266287e+08
9.763094129229632490e-01 5.350193354916658401e+08 1.024410259939305335e+08
9.812969417565396979e-01 4.946045271711958051e+08 1.024688054112991244e+08
9.862844706067037670e-01 4.559407124807493091e+08 1.025785542335905433e+08
9.912719994732055451e-01 4.190451087290896177e+08 1.027657521608528048e+08
9.962595283557990067e-01 3.839319283758798838e+08 1.030245177910314649e+08
1.001247057254244233e+00 3.506123492310226560e+08 1.033477083790577799e+08
1.006234586168305301e+00 3.190944912179763913e+08 1.037270447988681644e+08
1.011222115097751173e+00 2.893833996579036713e+08 1.041532562972187102e+08
1.016209644042354920e+00 2.614810350213552117e+08 1.046162392816426158e+08
1.021197173001895608e+00 2.353862690990971327e+08 1.051052244585466236e+08
1.026184701976153857e+00 2.110948875369570851e+08 1.056089470620601028e+08
1.031172230964917613e+00 1.885995986784739196e+08 1.061158155996991098e+08
1.036159759967976379e+00 1.678900486558410525e+08 1.066140753836690634e+08
1.041147288985125208e+00 1.489528426686837077e+08 1.070919640211603045e+08
1.046134818016162260e+00 1.317715723842967600e+08 1.075378569206131846e+08
1.051122347060890139e+00 1.163268493927024752e+08 1.079404016773234904e+08
1.056109876119114777e+00 1.025963446444045752e+08 1.082886408893363625e+08
1.061097405190645881e+00 9.055483379497079551e+07 1.085721235109101832e+08
1.066084934275296714e+00 8.017424837811562419e+07 1.087810052721297443e+08
1.071072463372883643e+00 7.142373272036795318e+07 1.089061389906422496e+08
1.076059992483227479e+00 6.426970650973649323e+07 1.089391557932783067e+08
1.081047521606151030e+00 5.867593292199123651e+07 1.088725383700447828e+08
1.086035050741481101e+00 5.460359220250026882e+07 1.086996874213755429e+08
1.091022579889048050e+00 5.201136059633013606e+07 1.084149824502204359e+08
1.096010109048684011e+00 5.085549451002849638e+07 1.080138380074971020e+08
1.100997638220225783e+00 5.108991978288464248e+07 1.074927564349090010e+08
1.105985167403511937e+00 5.266632593505771458e+07 1.068493780698743463e+08
1.110972696598383935e+00 5.553426525450588018e+07 1.060825297867896557e+08
1.115960225804686790e+00 5.964125657047785819e+07 1.051922726466617733e+08
1.120947755022267955e+00 6.493289355803447962e+07 1.041799493066562265e+08
1.125935284250977553e+00 7.135295740268146992e+07 1.030482316941583753e+08
1.130922813490668366e+00 7.884353364574901760e+07 1.018011692583486885e+08
1.135910342741195622e+00 8.734513302335283160e+07 1.004442378560573608e+08
1.140897872002417213e+00 9.679681609375770390e+07 9.898438897538127005e+07
1.145885401274193693e+00 1.071363214452168643e+08 9.743009851271542907e+07
1.150872930556387619e+00 1.183001972581501901e+08 9.579141364687231183e+07
1.155860459848864208e+00 1.302239359869593084e+08 9.407999544039623439e+07
1.160847989151490678e+00 1.428421119167751670e+08 9.230915357987931371e+07
1.165835518464137355e+00 1.560885213334785104e+08 9.049386808378459513e+07
1.170823047786675675e+00 1.698963250406403542e+08 8.865079081621123850e+07
1.175810577118979738e+00 1.841981929402577281e+08 8.679821725379100442e+07
1.180798106460926311e+00 1.989264503854012191e+08 8.495601625627101958e+07
1.185785635812393490e+00 2.140132260034175217e+08 8.314550283413420618e+07
1.190773165173261150e+00 2.293906006732451618e+08 8.138923655761361122e+07
1.195760694543412272e+00 2.449907573363931477e+08 7.971072706403352320e+07
1.200748223922731173e+00 2.607461313073516488e+08 7.813402915788793564e+07
1.205735753311103498e+00 2.765895607424306870e+08 7.668321454356101155e+07
1.210723282708418003e+00 2.924544369163625836e+08 7.538171651997944713e+07
1.215710812114564332e+00 3.082748539520764351e+08 7.425155868771031499e+07
1.220698341529434350e+00 3.239857576371758580e+08 7.331249832186895609e+07
1.225685870952921253e+00 3.395230929609110355e+08 7.258113710388870537e+07
1.230673400384920457e+00 3.548239499967778325e+08 7.207007183365496993e+07
1.235660929825329379e+00 3.698267077547791600e+08 7.178716959992779791e+07
1.240648459274045878e+00 3.844711756221205592e+08 7.173505010075500607e+07
1.245635988730970478e+00 3.986987320164031386e+08 7.191083960892888904e+07
1.250623518196004813e+00 4.124524598643196225e+08 7.230622844525080919e+07
1.255611047669052738e+00 4.256772785347373486e+08 7.290782360175323486e+07
1.260598577150018551e+00 4.383200718426517248e+08 7.369774997231771052e+07
1.265586106638808772e+00 4.503298117578605413e+08 7.465442637058877945e+07
1.270573636135331475e+00 4.616576774463095069e+08 7.575343114482522011e+07
1.275561165639495398e+00 4.722571692896278501e+08 7.696837662072418630e+07
1.280548695151212168e+00 4.820842175258523822e+08 7.827172759697273374e+07
1.285536224670393413e+00 4.910972851742502451e+08 7.963552064137823880e+07
1.290523754196952311e+00 4.992574649091526866e+08 8.103196243242688477e+07
1.295511283730804264e+00 5.065285695683439374e+08 8.243390313281881809e+07
1.300498813271864673e+00 5.128772159893479347e+08 8.381519317633637786e+07
1.305486342820051382e+00 5.182729018855623603e+08 8.515093895118816197e+07
1.310473872375283122e+00 5.226880754895951152e+08 8.641767568951675296e+07
1.315461401937479291e+00 5.260981977119037509e+08 8.759347573437607288e+07
1.320448931506561285e+00 5.284817965750599504e+08 8.865800848829624057e+07
1.325436461082451389e+00 5.298205137169502974e+08 8.959256568401208520e+07
1.330423990665072775e+00 5.300991427610944510e+08 9.038006280269162357e+07
1.335411520254350393e+00 5.293056593941118717e+08 9.100502484967027605e+07
1.340399049850209634e+00 5.274312429957935810e+08 9.145356246913890541e+07
1.345386579452577447e+00 5.244702897073013783e+08 9.171334257099215686e+07
1.350374109061381667e+00 5.204204168365726471e+08 9.177355624982972443e+07
1.355361638676551461e+00 5.152824585376543999e+08 9.162488572724406421e+07
1.360349168298016442e+00 5.090604527136213779e+08 9.125947129692490399e+07
1.365336697925707776e+00 5.017616191391311884e+08 9.067087871726964414e+07
1.370324227559557517e+00 4.933963288034555316e+08 8.985406714377208054e+07
1.375311757199498608e+00 4.839780645293171406e+08 8.880535745628163218e+07
1.380299286845465101e+00 4.735233729228032231e+08 8.752240070445361733e+07
1.385286816497391715e+00 4.620518077700782418e+08 8.600414631365600228e+07
1.390274346155214724e+00 4.495858649891880155e+08 8.425080967349109054e+07
1.395261875818870623e+00 4.361509093146126270e+08 8.226383872441312671e+07
1.400249405488297016e+00 4.217750928740559816e+08 8.004587919070938230e+07
1.405236935163432621e+00 4.064892658968856931e+08 7.760073813130615652e+07
1.410224464844216596e+00 3.903268797633787394e+08 7.493334553647704422e+07
1.415211994530589656e+00 3.733238826932990551e+08 7.204971372902967036e+07
1.420199524222492293e+00 3.555186083291678429e+08 6.895689439541338384e+07
1.425187053919866997e+00 3.369516575723571777e+08 6.566293309885038435e+07
1.430174583622656481e+00 3.176657739645014405e+08 6.217682119892590493e+07
1.435162113330804123e+00 2.977057130356236696e+08 5.850844511836198717e+07
1.440149643044254413e+00 2.771181059331366420e+08 5.466853297675668448e+07
1.445137172762952060e+00 2.559513178264001012e+08 5.066859861074472964e+07
1.450124702486843331e+00 2.342553014007129967e+08 4.652088309403278679e+07
1.455112232215874490e+00 2.120814460225655138e+08 4.223829384579855204e+07
1.460099761949993358e+00 1.894824228550172448e+08 3.783434154663235694e+07
1.465087291689147531e+00 1.665120266362414658e+08 3.332307502729029953e+07
1.470074821433285939e+00 1.432250142760149837e+08 2.871901454491027817e+07
1.475062351182357734e+00 1.196769412448151410e+08 2.403708387737527490e+07
1.480049880936313622e+00 9.592399554007790983e+07 1.929254271683447808e+07
1.485037410695103866e+00 7.202283094223089516e+07 1.450092338236609474e+07
1.490024940458680058e+00 4.803039786561802030e+07 9.677993617459056899e+06
1.495012470226994683e+00 2.400377892699869722e+07 4.839922468140455894e+06
