# r [arcsec]	I [Jy/sr]	I_uncer [Jy/sr]
3.817853577942286001e-03 9.894732586603460693e+10 8.995529420955026150e+08
8.763567027319327241e-03 9.883909120526606750e+10 8.948774769020930529e+08
1.373848758764146562e-02 9.864485777080497742e+10 8.865141200015711784e+08
1.872000728009374365e-02 9.836541712046670532e+10 8.745394297046761513e+08
2.370403017919163122e-02 9.800196275205535889e+10 8.590664911452597380e+08
2.868926438607016446e-02 9.755604843145796204e+10 8.402422368009461164e+08
3.367517554121116780e-02 9.702957502118664551e+10 8.182462895950946808e+08
3.866150302165524688e-02 9.642477770938999939e+10 7.932898315332245827e+08
4.364810467787801074e-02 9.574421157062631226e+10 7.656144386409182549e+08
4.863489642318288148e-02 9.499073523541345215e+10 7.354909472686990499e+08
5.362182534931311806e-02 9.416749271845916748e+10 7.032184538596329689e+08
5.860885650759287135e-02 9.327789352218457031e+10 6.691235797874478102e+08
6.359596588733901212e-02 9.232559115851403809e+10 6.335601640755879879e+08
6.858313644859315161e-02 9.131446024759167480e+10 5.969095791263858080e+08
7.357035576433633428e-02 9.024857236363549805e+10 5.595818910117605925e+08
7.855761455883611410e-02 8.913217080728968811e+10 5.220180876469930410e+08
8.354490576851973660e-02 8.796964449118280029e+10 4.846935328083024621e+08
8.853222391973845917e-02 8.676550113103637695e+10 4.481225832503945231e+08
9.351956470533653865e-02 8.552433993860635376e+10 4.128637620364613533e+08
9.850692468967806037e-02 8.425082401512890625e+10 3.795237309917164445e+08
1.034943010988605139e-01 8.294965264456372070e+10 3.487561780934674740e+08
1.084816916687353777e-01 8.162553368502928162e+10 3.212484464340004325e+08
1.134690945329698275e-01 8.028315625427436829e+10 2.976851563310605884e+08
1.184565081393615799e-01 7.892716390088099670e+10 2.786777580800638199e+08
1.234439311864233557e-01 7.756212844734667969e+10 2.646587526804636717e+08
1.284313625747323662e-01 7.619252468402769470e+10 2.557638276605024636e+08
1.334188013691842700e-01 7.482270608454632568e+10 2.517527719916819632e+08
1.384062467694026355e-01 7.345688170347229004e+10 2.520196651685207188e+08
1.433936980863204647e-01 7.209909440617980957e+10 2.556982142119955420e+08
1.483811547234816508e-01 7.075320056875509644e+10 2.618137785977577567e+08
1.533686161619891020e-01 6.942285137283920288e+10 2.694194703844912052e+08
1.583560819482959792e-01 6.811147580643583679e+10 2.776819119151018858e+08
1.633435516842324520e-01 6.682226546721286011e+10 2.859166694228022695e+08
1.683310250188047585e-01 6.555816124959123993e+10 2.935900440901216269e+08
1.733185016414096891e-01 6.432184198144272614e+10 3.003043071502611637e+08
1.783059812761873808e-01 6.311571506020241547e+10 3.057776757009330392e+08
1.832934636772959591e-01 6.194190912222322083e+10 3.098247641471743584e+08
1.882809486249364950e-01 6.080226876305038452e+10 3.123397209661322832e+08
1.932684359219939418e-01 5.969835131030142975e+10 3.132824775164381266e+08
1.982559253911843622e-01 5.863142563511596680e+10 3.126677979110116959e+08
2.032434168726222901e-01 5.760247297269786072e+10 3.105565994124919772e+08
2.082309102217375085e-01 5.661218970764196014e+10 3.070490103958131075e+08
2.132184053074845376e-01 5.566099206540400696e+10 3.022786993891407847e+08
2.182059020107968983e-01 5.474902263772792053e+10 2.964080785292888284e+08
2.231934002232490444e-01 5.387615865713939667e+10 2.896240323247151971e+08
2.281808998458938198e-01 5.304202192371292877e+10 2.821338404685482383e+08
2.331684007882487975e-01 5.224599027659059906e+10 2.741609536277799010e+08
2.381559029674101546e-01 5.148721049288404846e+10 2.659402537934342921e+08
2.431434063072751561e-01 5.076461248802654266e+10 2.577124071862691641e+08
2.481309107378594780e-01 5.007692468417882538e+10 2.497169346028533578e+08
2.531184161946937738e-01 4.942269040703935242e+10 2.421837345766826868e+08
2.581059226182911837e-01 4.880028516650712585e+10 2.353230575482592285e+08
2.630934299536754062e-01 4.820793467281386566e+10 2.293143773269834816e+08
2.680809381499607014e-01 4.764373343743449402e+10 2.242951951789481640e+08
2.730684471599785779e-01 4.710566380677460480e+10 2.203513749637170136e+08
2.780559569399445041e-01 4.659161527675291443e+10 2.175108714073208272e+08
2.830434674491599245e-01 4.609940393766786194e+10 2.157424209926444590e+08
2.880309786497447511e-01 4.562679190115260315e+10 2.149598672163984776e+08
2.930184905063976664e-01 4.517150656461258698e+10 2.150315602025294304e+08
2.980060029861805737e-01 4.473125957320645905e+10 2.157931889374886453e+08
3.029935160583238640e-01 4.430376534504826355e+10 2.170618866460508108e+08
3.079810296940508341e-01 4.388675903194912720e+10 2.186496042031214237e+08
3.129685438664192021e-01 4.347801379543595886e+10 2.203743681165958941e+08
3.179560585501768344e-01 4.307535728605187225e+10 2.220687948746609986e+08
3.229435737216315716e-01 4.267668722283551025e+10 2.235858572278541625e+08
3.279310893585324904e-01 4.227998597944818115e+10 2.248022780696287155e+08
3.329186054399617678e-01 4.188333409339743042e+10 2.256200784146160185e+08
3.379061219462368704e-01 4.148492262530649567e+10 2.259668004995236695e+08
3.428936388588199047e-01 4.108306430589379883e+10 2.257948418752617836e+08
3.478811561602362934e-01 4.067620341933711243e+10 2.250802266533570588e+08
3.528686738339993356e-01 4.026292438277948761e+10 2.238210362573425770e+08
3.578561918645413176e-01 3.984195899287532806e+10 2.220356362929404676e+08
3.628437102371503964e-01 3.941219232134865570e+10 2.197607702145146132e+08
3.678312289379127020e-01 3.897266725244454956e+10 2.170495415190074146e+08
3.728187479536588800e-01 3.852258766583303833e+10 2.139692705002361238e+08
3.778062672719147974e-01 3.806132027891896820e+10 2.105991863922818601e+08
3.827937868808565791e-01 3.758839517245380402e+10 2.070279001841809452e+08
3.877813067692685856e-01 3.710350503288393402e+10 2.033505989239455760e+08
3.927688269265047216e-01 3.660650315385504913e+10 1.996659124888058305e+08
3.977563473424529095e-01 3.609740024769606018e+10 1.960724333580338359e+08
4.027438680075018929e-01 3.557636012547853088e+10 1.926649229529817402e+08
4.077313889125108171e-01 3.504369431135304260e+10 1.895303148038459420e+08
4.127189100487804740e-01 3.449985566323847961e+10 1.867437176538376212e+08
4.177064314080274343e-01 3.394543107755846405e+10 1.843647126570643485e+08
4.226939529823587338e-01 3.338113336060034943e+10 1.824343007159196734e+08
4.276814747642498915e-01 3.280779235314435577e+10 1.809728591379989088e+08
4.326689967465233155e-01 3.222634539826242065e+10 1.799793918468275666e+08
4.376565189223286523e-01 3.163782724470150375e+10 1.794322078993716538e+08
4.426440412851241901e-01 3.104335947991639709e+10 1.792909699584564567e+08
4.476315638286594845e-01 3.044413958772507858e+10 1.794998670804801881e+08
4.526190865469603142e-01 2.984142972567907715e+10 1.799915333292196691e+08
4.576066094343120838e-01 2.923654531660537338e+10 1.806912837484680712e+08
4.625941324852472225e-01 2.863084354745912933e+10 1.815212716327824891e+08
4.675816556945310287e-01 2.802571186654358292e+10 1.824042616960347593e+08
4.725691790571502904e-01 2.742255656748124313e+10 1.832668287191211581e+08
4.775567025683005173e-01 2.682279154503852463e+10 1.840419005413207412e+08
4.825442262233765600e-01 2.622782730396690750e+10 1.846706493596362472e+08
4.875317500179611185e-01 2.563906029769178009e+10 1.851037900195584297e+08
4.925192739478161941e-01 2.505786266875793839e+10 1.853023709331176579e+08
4.975067980088735964e-01 2.448557245767688370e+10 1.852381493213337064e+08
5.024943221972267837e-01 2.392348434115184021e+10 1.848936352512699366e+08
5.074818465091224251e-01 2.337284095468676376e+10 1.842618747729189396e+08
5.124693709409537945e-01 2.283482484836310959e+10 1.833460258238661289e+08
5.174568954892526662e-01 2.231055111814780426e+10 1.821587641924036741e+08
5.224444201506837082e-01 2.180106074852045059e+10 1.807215421817581952e+08
5.274319449220377098e-01 2.130731469556213760e+10 1.790637104336883426e+08
5.324194698002251425e-01 2.083018873296484756e+10 1.772215040761670470e+08
5.374069947822720517e-01 2.037046907675308228e+10 1.752368883880521953e+08
5.423945198653131738e-01 1.992884879791073608e+10 1.731562571235035360e+08
5.473820450465878285e-01 1.950592502566747284e+10 1.710289792980343699e+08
5.523695703234354770e-01 1.910219693786067963e+10 1.689057984391414523e+08
5.573570956932899501e-01 1.871806452874918747e+10 1.668371025893526375e+08
5.623446211536771155e-01 1.835382813880035019e+10 1.648711034668965340e+08
5.673321467022091058e-01 1.800968872546095657e+10 1.630519875297351182e+08
5.723196723365815419e-01 1.768574884872711563e+10 1.614181268528359234e+08
5.773071980545696480e-01 1.738201434047232437e+10 1.600004585714097321e+08
5.822947238540248094e-01 1.709839662209852791e+10 1.588211520511036217e+08
5.872822497328716862e-01 1.683471563099652100e+10 1.578926774416013956e+08
5.922697756891045495e-01 1.659070331276028252e+10 1.572173650557728410e+08
5.972573017207846169e-01 1.636600763294651413e+10 1.567875036562890708e+08
6.022448278260374988e-01 1.616019705950904083e+10 1.565859735612867475e+08
6.072323540030505340e-01 1.597276546484758568e+10 1.565873572159968615e+08
6.122198802500696813e-01 1.580313739472120285e+10 1.567594257953412235e+08
6.172074065653979646e-01 1.565067365001837730e+10 1.570648732278737128e+08
6.221949329473926982e-01 1.551467712666684341e+10 1.574631618481617868e+08
6.271824593944635984e-01 1.539439885867123222e+10 1.579123548618482351e+08
6.321699859050702308e-01 1.528904420947004318e+10 1.583708345625494719e+08
6.371575124777206778e-01 1.519777915744380188e+10 1.587988350197235644e+08
6.421450391109693179e-01 1.511973662248025894e+10 1.591597476373992264e+08
6.471325658034148276e-01 1.505402278199660301e+10 1.594211832798157632e+08
6.521200925536991821e-01 1.499972332669588280e+10 1.595557934368033707e+08
6.571076193605055460e-01 1.495590960858431435e+10 1.595418648206829131e+08
6.620951462225563855e-01 1.492164463635645485e+10 1.593637076857154965e+08
6.670826731386124697e-01 1.489598887615137672e+10 1.590118594229905605e+08
6.720702001074717602e-01 1.487800581885022163e+10 1.584831230835963488e+08
6.770577271279670795e-01 1.486676727848070335e+10 1.577804567370526791e+08
6.820452541989658890e-01 1.486135838994085503e+10 1.569127250392936468e+08
6.870327813193682909e-01 1.486088227799772072e+10 1.558943198978899419e+08
6.920203084881060285e-01 1.486446437347986794e+10 1.547446533457725644e+08
6.970078357041413764e-01 1.487125635655568504e+10 1.534875232497881949e+08
7.019953629664664740e-01 1.488043971110462952e+10 1.521503518441711664e+08
7.069828902741016607e-01 1.489122887823712158e+10 1.507632988207808435e+08
7.119704176260943651e-01 1.490287400113699913e+10 1.493582552991772592e+08
7.169579450215193273e-01 1.491466325739581490e+10 1.479677326953948438e+08
7.219454724594762673e-01 1.492592477894600105e+10 1.466236711903975904e+08
7.269329999390895525e-01 1.493602816353290367e+10 1.453562054227356911e+08
7.319205274595077526e-01 1.494438558528612518e+10 1.441924386856916845e+08
7.369080550199024193e-01 1.495045251545298767e+10 1.431552889984803796e+08
7.418955826194673087e-01 1.495372806759048462e+10 1.422624781304364502e+08
7.468831102574174929e-01 1.495375498454238892e+10 1.415257352264442146e+08
7.518706379329892497e-01 1.495011928726206970e+10 1.409502782075754702e+08
7.568581656454390627e-01 1.494244960802185249e+10 1.405346183321282864e+08
7.618456933940425113e-01 1.493041623270267487e+10 1.402707079950213134e+08
7.668332211780939378e-01 1.491372987871011734e+10 1.401444227043040693e+08
7.718207489969062252e-01 1.489214023657262802e+10 1.401363399376323223e+08
7.768082768498100199e-01 1.486543430445840645e+10 1.402227548070167899e+08
7.817958047361527329e-01 1.483343454570151711e+10 1.403768583447788358e+08
7.867833326552983175e-01 1.479599689988926125e+10 1.405699999095093012e+08
7.917708606066273802e-01 1.475300867826891136e+10 1.407729597769676447e+08
7.967583885895350715e-01 1.470438637399713516e+10 1.409571690176483095e+08
8.017459166034320850e-01 1.465007341730607796e+10 1.410958282272640467e+08
8.067334446477437693e-01 1.459003790480108643e+10 1.411648916991904974e+08
8.117209727219093507e-01 1.452427033101549339e+10 1.411438970359494686e+08
8.167085008253823775e-01 1.445278134895105362e+10 1.410166307138823867e+08
8.216960289576287213e-01 1.437559958466942406e+10 1.407716272897022665e+08
8.266835571181275766e-01 1.429276952912855148e+10 1.404025039424665570e+08
8.316710853063710163e-01 1.420434952836327362e+10 1.399081334285764992e+08
8.366586135218624376e-01 1.411040989081536484e+10 1.392926580372376740e+08
8.416461417641176723e-01 1.401103112822508621e+10 1.385653455813561976e+08
8.466336700326639875e-01 1.390630234391134644e+10 1.377402866747068167e+08
8.516211983270388641e-01 1.379631977967897797e+10 1.368359313675318956e+08
8.566087266467917738e-01 1.368118552984119606e+10 1.358744634818372428e+08
8.615962549914814028e-01 1.356100642820234871e+10 1.348810135300073624e+08
8.665837833606774288e-01 1.343589311107638550e+10 1.338827166372310817e+08
8.715713117539596322e-01 1.330595925678770828e+10 1.329076308799517304e+08
8.765588401709160093e-01 1.317132099952599907e+10 1.319835438533018678e+08
8.815463686111453256e-01 1.303209651287636185e+10 1.311367102758604288e+08
8.865338970742548952e-01 1.288840575607493210e+10 1.303905792442756444e+08
8.915214255598600257e-01 1.274037037377094269e+10 1.297645836184350848e+08
8.965089540675857949e-01 1.258811373810407829e+10 1.292730726057537198e+08
9.014964825970653850e-01 1.243176112006250191e+10 1.289244687202046216e+08
9.064840111479389728e-01 1.227143997554873085e+10 1.287207198564251959e+08
9.114715397198557278e-01 1.210728033016295052e+10 1.286570962371222824e+08
9.164590683124720361e-01 1.193941524569297981e+10 1.287223529368794709e+08
9.214465969254520550e-01 1.176798135040713120e+10 1.288992461294411123e+08
9.264341255584663815e-01 1.159311941473196983e+10 1.291653606904272735e+08
9.314216542111933839e-01 1.141497495357176399e+10 1.294941832929281443e+08
9.364091828833184250e-01 1.123369883652723885e+10 1.298563417917909473e+08
9.413967115745327519e-01 1.104944788751984596e+10 1.302209291614746749e+08
9.463842402845346058e-01 1.086238545583318138e+10 1.305568369335120320e+08
9.513717690130290006e-01 1.067268194134030724e+10 1.308340359450659901e+08
9.563592977597260569e-01 1.048051525769552803e+10 1.310247578128407449e+08
9.613468265243425570e-01 1.028607121847852135e+10 1.311045458763263226e+08
9.663343553066010561e-01 1.008954383267619896e+10 1.310531572936825752e+08
9.713218841062303266e-01 9.891135497537296295e+09 1.308553074015715867e+08
9.763094129229632490e-01 9.691057078505924225e+09 1.305012530733941197e+08
9.812969417565396979e-01 9.489527867906278610e+09 1.299872139006813765e+08
9.862844706067037670e-01 9.286775415957733154e+09 1.293156291717981994e+08
9.912719994732055451e-01 9.083035229809192657e+09 1.284952455673198104e+08
9.962595283557990067e-01 8.878550338357957840e+09 1.275410260677562207e+08
1.001247057254244233e+00 8.673570722741992950e+09 1.264738657237470150e+08
1.006234586168305301e+00 8.468352614497500420e+09 1.253200958362507969e+08
1.011222115097751173e+00 8.263157665458657265e+09 1.241107562068818659e+08
1.016209644042354920e+00 8.058251995436489105e+09 1.228806172712403983e+08
1.021197173001895608e+00 7.853905125647345543e+09 1.216669421763847917e+08
1.026184701976153857e+00 7.650388807629660606e+09 1.205079950953966677e+08
1.031172230964917613e+00 7.447975759024276733e+09 1.194413272835967988e+08
1.036159759967976379e+00 7.246938319061580658e+09 1.185019056578553617e+08
1.041147288985125208e+00 7.047547037914684296e+09 1.177201862185428441e+08
1.046134818016162260e+00 6.850069215128023148e+09 1.171202693401042968e+08
1.051122347060890139e+00 6.654767403257813454e+09 1.167182963474430740e+08
1.056109876119114777e+00 6.461897893482725143e+09 1.165212474765488952e+08
1.061097405190645881e+00 6.271709200395812035e+09 1.165262746353992075e+08
1.066084934275296714e+00 6.084440563378651619e+09 1.167206496559664309e+08
1.071072463372883643e+00 5.900320481925764084e+09 1.170823392541075200e+08
1.076059992483227479e+00 5.719565302016797066e+09 1.175811465806761682e+08
1.081047521606151030e+00 5.542377870159708977e+09 1.181803015486139506e+08
1.086035050741481101e+00 5.368946270996014595e+09 1.188383488727894574e+08
1.091022579889048050e+00 5.199442663468379021e+09 1.195111770447973013e+08
1.096010109048684011e+00 5.034022229437060356e+09 1.201540489448840618e+08
1.100997638220225783e+00 4.872822247352605820e+09 1.207235266116284281e+08
1.105985167403511937e+00 4.715961302152511597e+09 1.211792191597134769e+08
1.110972696598383935e+00 4.563538640988546371e+09 1.214853162247475833e+08
1.115960225804686790e+00 4.415633682680848122e+09 1.216118950347001404e+08
1.120947755022267955e+00 4.272305687037934780e+09 1.215360056306653172e+08
1.125935284250977553e+00 4.133593588313300610e+09 1.212425462725259811e+08
1.130922813490668366e+00 3.999515995184984684e+09 1.207249410298092961e+08
1.135910342741195622e+00 3.870071357734951496e+09 1.199856255131078511e+08
1.140897872002417213e+00 3.745238299985013008e+09 1.190363359488127530e+08
1.145885401274193693e+00 3.624976114685590267e+09 1.178981823518516719e+08
1.150872930556387619e+00 3.509225415216780663e+09 1.166014693983729482e+08
1.155860459848864208e+00 3.397908937714941025e+09 1.151852102310323715e+08
1.160847989151490678e+00 3.290932484893601418e+09 1.136962615817558169e+08
1.165835518464137355e+00 3.188186001475251198e+09 1.121879980680932254e+08
1.170823047786675675e+00 3.089544769765580177e+09 1.107184467085978836e+08
1.175810577118979738e+00 2.994870712633964539e+09 1.093478291695423126e+08
1.180798106460926311e+00 2.904013790082515240e+09 1.081355183380931616e+08
1.185785635812393490e+00 2.816813474668655396e+09 1.071365115896885097e+08
1.190773165173261150e+00 2.733100290303161621e+09 1.063976473653549701e+08
1.195760694543412272e+00 2.652697398417784691e+09 1.059539182615758181e+08
1.200748223922731173e+00 2.575422215132171631e+09 1.058253203261021972e+08
1.205735753311103498e+00 2.501088042896075726e+09 1.060146795814083964e+08
1.210723282708418003e+00 2.429505700125812531e+09 1.065067884599889815e+08
1.215710812114564332e+00 2.360485132566677570e+09 1.072689828355458826e+08
1.220698341529434350e+00 2.293836990541318417e+09 1.082530516135840416e+08
1.225685870952921253e+00 2.229374156805664539e+09 1.093981691881087571e+08
1.230673400384920457e+00 2.166913210515257359e+09 1.106344321757053882e+08
1.235660929825329379e+00 2.106275813678307295e+09 1.118865803951897770e+08
1.240648459274045878e+00 2.047290007542294264e+09 1.130775634115768671e+08
1.245635988730970478e+00 1.989791407525033951e+09 1.141317342407229394e+08
1.250623518196004813e+00 1.933624286568035364e+09 1.149775703997883797e+08
1.255611047669052738e+00 1.878642538190714121e+09 1.155499147661928385e+08
1.260598577150018551e+00 1.824710511942742109e+09 1.157917871903717220e+08
1.265586106638808772e+00 1.771703715476308346e+09 1.156558465787397474e+08
1.270573636135331475e+00 1.719509378986222029e+09 1.151055911318974197e+08
1.275561165639495398e+00 1.668026879342148542e+09 1.141163805415013433e+08
1.280548695151212168e+00 1.617168022779391766e+09 1.126763548575400859e+08
1.285536224670393413e+00 1.566857186572595596e+09 1.107873141269416809e+08
1.290523754196952311e+00 1.517031321622373819e+09 1.084656115397311002e+08
1.295511283730804264e+00 1.467639819334568262e+09 1.057430985169006884e+08
1.300498813271864673e+00 1.418644247582676649e+09 1.026681372173603624e+08
1.305486342820051382e+00 1.370017961826982021e+09 9.930665377705258131e+07
1.310473872375283122e+00 1.321745598713249922e+09 9.574312710308888555e+07
1.315461401937479291e+00 1.273822460563225985e+09 9.208126896012461185e+07
1.320448931506561285e+00 1.226253800171315670e+09 8.844392512216933072e+07
1.325436461082451389e+00 1.179054016212720394e+09 8.497140698981061578e+07
1.330423990665072775e+00 1.132245770279931784e+09 8.181711025090651214e+07
1.335411520254350393e+00 1.085859037211466312e+09 7.913910596693655849e+07
1.340399049850209634e+00 1.039930100812196732e+09 7.708681942950016260e+07
1.345386579452577447e+00 9.945005074148461819e+08 7.578340925820945203e+07
1.350374109061381667e+00 9.496159899127247334e+08 7.530697084407156706e+07
1.355361638676551461e+00 9.053253749442174435e+08 7.567596545148865879e+07
1.360349168298016442e+00 8.616794858120567799e+08 7.684421583095584810e+07
1.365336697925707776e+00 8.187300535206878185e+08 7.870746605284112692e+07
1.370324227559557517e+00 7.765286479354593754e+08 8.111877392776152492e+07
1.375311757199498608e+00 7.351256406322246790e+08 8.390716632768797874e+07
1.380299286845465101e+00 6.945692103936591148e+08 8.689445582328332961e+07
1.385286816497391715e+00 6.549044016508914232e+08 8.990757392383071780e+07
1.390274346155214724e+00 6.161722453610708714e+08 9.278615808143389225e+07
1.395261875818870623e+00 5.784089509812563658e+08 9.538641428338570893e+07
1.400249405488297016e+00 5.416451772195085287e+08 9.758255899644431472e+07
1.405236935163432621e+00 5.059053882953895926e+08 9.926691200281645358e+07
1.410224464844216596e+00 4.712073013381451368e+08 1.003493525507289022e+08
1.415211994530589656e+00 4.375614295146381855e+08 1.007565463451013565e+08
1.420199524222492293e+00 4.049707243171079755e+08 1.004311443431852460e+08
1.425187053919866997e+00 3.734303193483157754e+08 9.933103211499367654e+07
1.430174583622656481e+00 3.429273767737398148e+08 9.742864396036070585e+07
1.435162113330804123e+00 3.134410365193616748e+08 9.471032592612138391e+07
1.440149643044254413e+00 2.849424671300961971e+08 9.117572102930046618e+07
1.445137172762952060e+00 2.573950162065251768e+08 8.683714873853166401e+07
1.450124702486843331e+00 2.307544571796717346e+08 8.171895418733951449e+07
1.455112232215874490e+00 2.049693283324790299e+08 7.585680754488161206e+07
1.460099761949993358e+00 1.799813588645207882e+08 6.929693958585323393e+07
1.465087291689147531e+00 1.557259761424891055e+08 6.209530453404804319e+07
1.470074821433285939e+00 1.321328871830062866e+08 5.431666629023705423e+07
1.475062351182357734e+00 1.091267271000038981e+08 4.603360803723513335e+07
1.480049880936313622e+00 8.662776601527036726e+07 3.732546966505201906e+07
1.485037410695103866e+00 6.455266632115372270e+07 2.827722095909196883e+07
1.490024940458680058e+00 4.281528004749766737e+07 1.897829156805517524e+07
1.495012470226994683e+00 2.132747996260258183e+07 9.521465950459273532e+06
