# r [arcsec]	I [Jy/sr]	I_uncer [Jy/sr]
1.272617859314095550e-03 1.319770215401069794e+11 4.157034372413819313e+09
2.921189009106442414e-03 1.317853764087982330e+11 4.144395827452144623e+09
4.579495862547155495e-03 1.314411726606829224e+11 4.121771819699347496e+09
6.240002426697914550e-03 1.309453262610122375e+11 4.089284241957955360e+09
7.901343393063876494e-03 1.302992564578510437e+11 4.047128916576319218e+09
9.563088128690054243e-03 1.295048200791479187e+11 3.995563015854529858e+09
1.122505851373705593e-02 1.285642986173526459e+11 3.934902307417491436e+09
1.288716767388508287e-02 1.274803882681219330e+11 3.865519278975183010e+09
1.454936822595933807e-02 1.262561891381217041e+11 3.787841271769103527e+09
1.621163214106096165e-02 1.248951930827541199e+11 3.702348515712206364e+09
1.787394178310437384e-02 1.234012700983522949e+11 3.609572079339948654e+09
1.953628550253095827e-02 1.217786532934392853e+11 3.510091780731617928e+09
2.119865529577967186e-02 1.200319224945200043e+11 3.404534120582984924e+09
2.286104548286438387e-02 1.181659865554545593e+11 3.293570307882960796e+09
2.452345192144544592e-02 1.161860644478799286e+11 3.177914454766946316e+09
2.618587151961204035e-02 1.140976652165504913e+11 3.058322019817216396e+09
2.784830192283991451e-02 1.119065668887989502e+11 2.935588576383994579e+09
2.951074130657948408e-02 1.096187944320626526e+11 2.810548970687348843e+09
3.117318823511218417e-02 1.072405968575178986e+11 2.684076907235808849e+09
3.283564156322602012e-02 1.047784235714895630e+11 2.557084946600157738e+09
3.449810036628684490e-02 1.022389000793967896e+11 2.430524807990372658e+09
3.616056388957845924e-02 9.962880314956159973e+10 2.305387715046078682e+09
3.782303151098994481e-02 9.695503554625964355e+10 2.182704279823442459e+09
3.948550271312052662e-02 9.422460044290594482e+10 2.063543054727998734e+09
4.114797706214112089e-02 9.144457562726231384e+10 1.949006368790865421e+09
4.281045419157746001e-02 8.862208761097225952e+10 1.840221406817276239e+09
4.447293378972808769e-02 8.576428575567150879e+10 1.738323768683344126e+09
4.613541558980088775e-02 8.287831652724261475e+10 1.644430192893125296e+09
4.779789936210682849e-02 7.997129798867051697e+10 1.559597202502687454e+09
4.946038490782722619e-02 7.705029464021653748e+10 1.484763822763151169e+09
5.112287205399637657e-02 7.412229271348168945e+10 1.420679929517844200e+09
5.278536064943199074e-02 7.119417602315847778e+10 1.367827341288341761e+09
5.444785056141081270e-02 6.827270247716468048e+10 1.326347191006938457e+09
5.611034167293492414e-02 6.536448134209645081e+10 1.295991372122937679e+09
5.777283388046990098e-02 6.247595135692520905e+10 1.276114311193833828e+09
5.943532709206246489e-02 5.961335978324598694e+10 1.265712481965861320e+09
6.109782122576532665e-02 5.678274247549790955e+10 1.263505846116332293e+09
6.276031620831216962e-02 5.398990504924669647e+10 1.268044008947068214e+09
6.442281197399798987e-02 5.124040521994798279e+10 1.277815600910682201e+09
6.608530846372812073e-02 4.853953637863574982e+10 1.291343000796463966e+09
6.774780562420743002e-02 4.589231246471656036e+10 1.307252572260287285e+09
6.941030340724584080e-02 4.330345418951686096e+10 1.324318661585349798e+09
7.107280176916151715e-02 4.077737665749544525e+10 1.341484990582866907e+09
7.273530067026563739e-02 3.831817842509892273e+10 1.357869325538624763e+09
7.439780007441634813e-02 3.592963203017874146e+10 1.372757293390056610e+09
7.606029994863128252e-02 3.361517601766701508e+10 1.385590093448857546e+09
7.772280026274960840e-02 3.137790847999130630e+10 1.395949457345649481e+09
7.938530098913672284e-02 2.922058212335617065e+10 1.403541978961316109e+09
8.104780210242505667e-02 2.714560086376669693e+10 1.408184015240835190e+09
8.271030357928650656e-02 2.515501794936926270e+10 1.409787739598391771e+09
8.437280539823126257e-02 2.325053559851177979e+10 1.408348546784015417e+09
8.603530753943039455e-02 2.143350613585327911e+10 1.403933789544200659e+09
8.769780998455847798e-02 1.970493460189179230e+10 1.396672714110916853e+09
8.936031271665356712e-02 1.806548280456449509e+10 1.386747411244138002e+09
9.102281571999285004e-02 1.651547477500836563e+10 1.374384584633927107e+09
9.268531897998151525e-02 1.505490358328375053e+10 1.359847942166997910e+09
9.434782248305331742e-02 1.368343946386524773e+10 1.343431028569339275e+09
9.601032621658157906e-02 1.240043919497099113e+10 1.325450335872696400e+09
9.767283016879922675e-02 1.120495667044869995e+10 1.306238549805363178e+09
9.933533432872686253e-02 1.009575459791256332e+10 1.286137816388462543e+09
1.009978386861079547e-01 9.071317252186435699e+09 1.265492945626389742e+09
1.026603432313502873e-01 8.129864208891575813e+09 1.244644510478173733e+09
1.043228479554730720e-01 7.269364979189540863e+09 1.223921850950532436e+09
1.059853528500589448e-01 6.487554463338044167e+09 1.203636055309427261e+09
1.076478579072105424e-01 5.781949137775970459e+09 1.184073060589439869e+09
1.093103631195108394e-01 5.149863888012893677e+09 1.165487086829377651e+09
1.109728684799872744e-01 4.588429397594462395e+09 1.148094684148786068e+09
1.126353739820789568e-01 4.094610001912608147e+09 1.132069716358509779e+09
1.142978796196066349e-01 3.665221914589435101e+09 1.117539616089347363e+09
1.159603853867454265e-01 3.296951733615077496e+09 1.104583213981039047e+09
1.176228912779997832e-01 2.986375134338030815e+09 1.093230364395321131e+09
1.192853972881804531e-01 2.729975656811369419e+09 1.083463467935238600e+09
1.209479034123834701e-01 2.524163495852762222e+09 1.075220842203426600e+09
1.226104096459709192e-01 2.365294203503025532e+09 1.068401739434714079e+09
1.242729159845529646e-01 2.249687215321174145e+09 1.062872677673631072e+09
1.259354224239715991e-01 2.173644114158844471e+09 1.058474661624063015e+09
1.275979289602855449e-01 2.133466547647885799e+09 1.055030831646061063e+09
1.292604355897561952e-01 2.125473718645122051e+09 1.052354094953421593e+09
1.309229423088349165e-01 2.146019371244924545e+09 1.050254352350503445e+09
1.325854491141509606e-01 2.191508198695856094e+09 1.048545021280956864e+09
1.342479560025006402e-01 2.258411603610079765e+09 1.047048654429894090e+09
1.359104629708369483e-01 2.343282745201300621e+09 1.045601547848091125e+09
1.375729700162601765e-01 2.442770812922166824e+09 1.044057313274068594e+09
1.392354771360091448e-01 2.553634470740262508e+09 1.042289450810557246e+09
1.408979843274529020e-01 2.672754421380437851e+09 1.040192999457424402e+09
1.425604915880832879e-01 2.797145045151407719e+09 1.037685366314719915e+09
1.442229989155077718e-01 2.923965073400025845e+09 1.034706444208449244e+09
1.458855063074428748e-01 3.050527262202461720e+09 1.031218126196534395e+09
1.475480137617080634e-01 3.174307037569974899e+09 1.027203317717465401e+09
1.492105212762198374e-01 3.292950089153078556e+09 1.022664536218348622e+09
1.508730288489867621e-01 3.404278895199919224e+09 1.017622176337679744e+09
1.525355364781040279e-01 3.506298167272766113e+09 1.012112507754049301e+09
1.541980441617490649e-01 3.597199208964716434e+09 1.006185463692894101e+09
1.558605518981770188e-01 3.675363188523881435e+09 9.999022713420404196e+08
1.575230596857167542e-01 3.739363330882972240e+09 9.933329712487235069e+08
1.591855675227668576e-01 3.787966040064723969e+09 9.865538710408978462e+08
1.608480754077921959e-01 3.820130968253214836e+09 9.796449791942337751e+08
1.625105833393203636e-01 3.835010052993587017e+09 9.726874664996610880e+08
1.641730913159387406e-01 3.831945548941003799e+09 9.657612056693592072e+08
1.658355993362912173e-01 3.810467085335390091e+09 9.589424422811467648e+08
1.674981073990755853e-01 3.770287784894959927e+09 9.523016520681895018e+08
1.691606155030408176e-01 3.711299484073949814e+09 9.459016394776878357e+08
1.708231236469845982e-01 3.633567098614365578e+09 9.397959296263298988e+08
1.724856318297508795e-01 3.537322182009791374e+09 9.340274996919339895e+08
1.741481400502279120e-01 3.422955727876908779e+09 9.286278861893885136e+08
1.758106483073458848e-01 3.291010270296495438e+09 9.236166917048767805e+08
1.774731566000750660e-01 3.142171338910018444e+09 9.190014992083207369e+08
1.791356649274240265e-01 2.977258327951017857e+09 9.147781851291440725e+08
1.807981732884377246e-01 2.797214840427958965e+09 9.109316053485755920e+08
1.824606816821959798e-01 2.603098570368150711e+09 9.074366125916942358e+08
1.841231901078118072e-01 2.396070787360282421e+09 9.042593507305637598e+08
1.857856985644300296e-01 2.177385488610904694e+09 9.013587622464542389e+08
1.874482070512257237e-01 1.948378284348713398e+09 8.986882401070842743e+08
1.891107155674030538e-01 1.710455082667875051e+09 8.961973546608672142e+08
1.907732241121938566e-01 1.465080639822308779e+09 8.938335894441486597e+08
1.924357326848565586e-01 1.213767041540673018e+09 8.915440262956136465e+08
1.940982412846749550e-01 9.580621801720062494e+08 8.892769289321886301e+08
1.957607499109572380e-01 6.995382913608378172e+08 8.869831841534601450e+08
1.974232585630348313e-01 4.397806125494834781e+08 8.846175701872708797e+08
1.990857672402615297e-01 1.803762238669994175e+08 8.821398315956401825e+08
2.007482759420124996e-01 -7.709687003443738818e+07 8.795155490818183422e+08
2.024107846676835298e-01 -3.310803609407202005e+08 8.767168001415023804e+08
2.040732934166899215e-01 -5.800459071199791431e+08 8.737226126511656046e+08
2.057358021884660160e-01 -8.225050015474087000e+08 8.705192182126448154e+08
2.073983109824642512e-01 -1.057018390420585275e+09 8.671001155143520832e+08
2.090608197981545235e-01 -1.282204997318558931e+09 8.634659563451050520e+08
2.107233286350234380e-01 -1.496750311776610136e+09 8.596242684418157339e+08
2.123858374925735870e-01 -1.699414204638904333e+09 8.555890303270457983e+08
2.140483463703231337e-01 -1.889038136290522575e+09 8.513801139183554649e+08
2.157108552678049240e-01 -2.064551727738639355e+09 8.470226111719139814e+08
2.173733641845664311e-01 -2.224978668474919319e+09 8.425460615079041719e+08
2.190358731201685061e-01 -2.369441939116336346e+09 8.379835973635745049e+08
2.206983820741854618e-01 -2.497168330920864105e+09 8.333710259841603041e+08
2.223608910462041566e-01 -2.607492248443938732e+09 8.287458664913946390e+08
2.240234000358239386e-01 -2.699858785758800983e+09 8.241463623102165461e+08
2.256859090426557024e-01 -2.773826070837976456e+09 8.196104900803179741e+08
2.273484180663219723e-01 -2.829066876828998089e+09 8.151749870909153223e+08
2.290109271064561247e-01 -2.865369503050675869e+09 8.108744198655852079e+08
2.306734361627020280e-01 -2.882637932559756279e+09 8.067403166109565496e+08
2.323359452347137921e-01 -2.880891277073465347e+09 8.028003856402161121e+08
2.339984543221555469e-01 -2.860262523859756947e+09 7.990778404386546612e+08
2.356609634247005536e-01 -2.820996602907219887e+09 7.955908496779098511e+08
2.373234725420314828e-01 -2.763447796242199898e+09 7.923521271774419546e+08
2.389859816738397480e-01 -2.688076514651148319e+09 7.893686726568493843e+08
2.406484908198254224e-01 -2.595445470282122135e+09 7.866416692814679146e+08
2.423109999796965175e-01 -2.486215276614313126e+09 7.841665387448467016e+08
2.439735091531692601e-01 -2.361139510100783825e+09 7.819331492558790445e+08
2.456360183399674824e-01 -2.221059270374063015e+09 7.799261666625005007e+08
2.472985275398224547e-01 -2.066897278263512611e+09 7.781255343527973890e+08
2.489610367524725254e-01 -1.899651552983764887e+09 7.765070638163825274e+08
2.506235459776631203e-01 -1.720388711716052532e+09 7.750431150117528439e+08
2.522860552151463542e-01 -1.530236936395952225e+09 7.737033440605666637e+08
2.539485644646808371e-01 -1.330378653860523224e+09 7.724554952850885391e+08
2.556110737260313126e-01 -1.122042976559685707e+09 7.712662151085318327e+08
2.572735829989687417e-01 -9.064979518198957443e+08 7.701018666977933645e+08
2.589360922832700251e-01 -6.850426681554358006e+08 7.689293262194883823e+08
2.605986015787175591e-01 -4.589992673449445367e+08 7.677167439776591063e+08
2.622611108850994577e-01 -2.297049109361648262e+08 7.664342562817289829e+08
2.639236202022091082e-01 1.496250480594488792e+06 7.650546364525203705e+08
2.655861295298450053e-01 2.332610574971950650e+08 7.635538757578392029e+08
2.672486388678106950e-01 4.642552247387017012e+08 7.619116871660020351e+08
2.689111482159146083e-01 6.931610805997053385e+08 7.601119265397307873e+08
2.705736575739698391e-01 9.186851195003330708e+08 7.581429272597755194e+08
2.722361669417941443e-01 1.139565323917769909e+09 7.559977452629194260e+08
2.738986763192096108e-01 1.354578215302360773e+09 7.536743121700336933e+08
2.755611857060425440e-01 1.562545595055333376e+09 7.511754946265681982e+08
2.772236951021236906e-01 1.762340939026543379e+09 7.485090582799113989e+08
2.788862045072874607e-01 1.952895411453444242e+09 7.456875350773069859e+08
2.805487139213725944e-01 2.133203466916804075e+09 7.427279929013804197e+08
2.822112233442213292e-01 2.302328011679524899e+09 7.396517070800710917e+08
2.838737327756796214e-01 2.459405098739869118e+09 7.364837341356126070e+08
2.855362422155972579e-01 2.603648133983708382e+09 7.332523893635873795e+08
2.871987516638271343e-01 2.734351574013065815e+09 7.299886315602004528e+08
2.888612611202258651e-01 2.850894099482834339e+09 7.267253604738878012e+08
2.905237705846532292e-01 2.952741251110883236e+09 7.234966353748749495e+08
2.921862800569720031e-01 3.039447518906747818e+09 7.203368264493662119e+08
2.938487895370484604e-01 3.110657878560623646e+09 7.172797144204665422e+08
2.955112990247516502e-01 3.166108772349847794e+09 7.143575576836906672e+08
2.971738085199533974e-01 3.205628535311571121e+09 7.116001500484777689e+08
2.988363180225286353e-01 3.229137270788848400e+09 7.090338955662237406e+08
3.004988275323551283e-01 3.236646182758649826e+09 7.066809295425856113e+08
3.021613370493130279e-01 3.228256375589479446e+09 7.045583162995219231e+08
3.038238465732852611e-01 3.204157134995161057e+09 7.026773542590334415e+08
3.054863561041573639e-01 3.164623706987957001e+09 7.010430172549108267e+08
3.071488656418173702e-01 3.110014594514933109e+09 6.996535575511893034e+08
3.088113751861554790e-01 3.040768394212063789e+09 6.985002909770649672e+08
3.104738847370644983e-01 2.957400198286613464e+09 6.975675781365160942e+08
3.121363942944395120e-01 2.860497588936026573e+09 6.968330082656697035e+08
3.137989038581776025e-01 2.750716254930038929e+09 6.962677845301337242e+08
3.154614134281782389e-01 2.628775261971096039e+09 6.958373019602284431e+08
3.171239230043430002e-01 2.495452010244954586e+09 6.955019023674683571e+08
3.187864325865753523e-01 2.351576914126708984e+09 6.952177849191271067e+08
3.204489421747808708e-01 2.198027840334082127e+09 6.949380468597866297e+08
3.221114517688670742e-01 2.035724341895244837e+09 6.946138262864052057e+08
3.237739613687434237e-01 1.865621726145399094e+09 6.941955178473395109e+08
3.254364709743211015e-01 1.688704995529167175e+09 6.936340325435986519e+08
3.270989805855132326e-01 1.505982700339726686e+09 6.928820741636828184e+08
3.287614902022346075e-01 1.318480742576011896e+09 6.918954069008318186e+08
3.304239998244018484e-01 1.127236169944265366e+09 6.906340910181487799e+08
3.320865094519330207e-01 9.332909985872427225e+08 6.890636656794923544e+08
3.337490190847480775e-01 7.376861024643708467e+08 6.871562599412384033e+08
3.354115287227684150e-01 5.414552063840509653e+08 6.848916141670606136e+08
3.370740383659170392e-01 3.456190185615264773e+08 6.822579946036992073e+08
3.387365480141183438e-01 1.511795371951138973e+08 6.792529834380360842e+08
3.403990576672984991e-01 -4.088543600672201812e+07 6.758841253257123232e+08
3.420615673253846745e-01 -2.296275442015799880e+08 6.721694091884762049e+08
3.437240769883058711e-01 -4.141328564954589009e+08 6.681375611812310219e+08
3.453865866559921449e-01 -5.935265546799261570e+08 6.638281214070427418e+08
3.470490963283750507e-01 -7.669773008427934647e+08 6.592912736462160349e+08
3.487116060053874755e-01 -9.337012635129246712e+08 6.545873946896178722e+08
3.503741156869634166e-01 -1.092965782532846928e+09 6.497862886810871363e+08
3.520366253730383144e-01 -1.244092655512316227e+09 6.449660732503212690e+08
3.536991350635486642e-01 -1.386461031440932274e+09 6.402116894184856415e+08
3.553616447584322380e-01 -1.519509899840231419e+09 6.356130175899033546e+08
3.570241544576279180e-01 -1.642740166674408436e+09 6.312625985435968637e+08
3.586866641610758633e-01 -1.755716311103933573e+09 6.272529818197735548e+08
3.603491738687170098e-01 -1.858067620036407232e+09 6.236737539290381670e+08
3.620116835804937372e-01 -1.949489000285845280e+09 6.206083336868201494e+08
3.636741932963493684e-01 -2.029741370957752943e+09 6.181306583411976099e+08
3.653367030162280593e-01 -2.098651641460850239e+09 6.163019170864435434e+08
3.669992127400752979e-01 -2.156112283209176064e+09 6.151675120745100975e+08
3.686617224678372939e-01 -2.202080505698785305e+09 6.147544353008105755e+08
3.703242321994613118e-01 -2.236577050109922886e+09 6.150692384274995327e+08
3.719867419348956150e-01 -2.259684615963524818e+09 6.160967404300805330e+08
3.736492516740893000e-01 -2.271545938561035633e+09 6.177995674960744381e+08
3.753117614169925176e-01 -2.272361537018695354e+09 6.201185572594270706e+08
3.769742711635561405e-01 -2.262387154580338478e+09 6.229739941676479578e+08
3.786367809137318741e-01 -2.241930914625787735e+09 6.262675840593025684e+08
3.802992906674724227e-01 -2.211350217291102409e+09 6.298850317307275534e+08
3.819618004247312126e-01 -2.171048402959938049e+09 6.336990600126240253e+08
3.836243101854625026e-01 -2.121471209977343321e+09 6.375727033855823278e+08
3.852868199496213841e-01 -2.063103054858561516e+09 6.413627207923098803e+08
3.869493297171635593e-01 -1.996463163926661730e+09 6.449229961800799370e+08
3.886118394880457849e-01 -1.922101585801119566e+09 6.481078258272018433e+08
3.902743492622252064e-01 -1.840595114376891375e+09 6.507750235363268852e+08
3.919368590396599683e-01 -1.752543151984126806e+09 6.527888044323618412e+08
3.935993688203087704e-01 -1.658563542201270103e+09 6.540224330163475275e+08
3.952618786041311449e-01 -1.559288401414701700e+09 6.543606403141236305e+08
3.969243883910870685e-01 -1.455359977580796242e+09 6.537018284704964161e+08
3.985868981811374612e-01 -1.347426563864015818e+09 6.519600896656361818e+08
4.002494079742436872e-01 -1.236138493791100502e+09 6.490670706929839849e+08
4.019119177703678880e-01 -1.122144243416704416e+09 6.449737158548125029e+08
4.035744275694727046e-01 -1.006086664605730891e+09 6.396519196414842606e+08
4.052369373715214440e-01 -8.885993720680208206e+08 6.330961172631402016e+08
4.068994471764781906e-01 -7.703033050973044634e+08 6.253248352554137707e+08
4.085619569843071952e-01 -6.518034832173190117e+08 6.163822152646039724e+08
4.102244667949735413e-01 -5.336859730192345381e+08 6.063395101456013918e+08
4.118869766084432005e-01 -4.165150815149387717e+08 5.952965301976367235e+08
4.135494864246819224e-01 -3.008307892327458262e+08 5.833829852433855534e+08
4.152119962436567890e-01 -1.871464341846129298e+08 5.707596208633319139e+08
4.168745060653349932e-01 -7.594665562204213440e+07 5.576189794955533743e+08
4.185370158896842829e-01 3.231439566345656291e+07 5.441855252009758949e+08
4.201995257166728504e-01 1.372145759986158609e+08 5.307147543472037911e+08
4.218620355462696647e-01 2.383649941015447676e+08 5.174907819364094734e+08
4.235245453784438063e-01 3.354109828624456525e+08 5.048217702592012286e+08
4.251870552131651881e-01 4.280327995977289677e+08 4.930325040096424222e+08
4.268495650504041117e-01 5.159460588906781673e+08 4.824534947422187924e+08
4.285120748901312115e-01 5.989019040625395775e+08 4.734063164956567883e+08
4.301745847323175664e-01 6.766869253066024780e+08 4.661855095502803922e+08
4.318370945769347546e-01 7.491228342495220900e+08 4.610383192432337403e+08
4.334996044239549096e-01 8.160659064799319506e+08 4.581445642678434849e+08
4.351621142733504422e-01 8.774062050583454370e+08 4.575996694359472394e+08
4.368246241250944295e-01 9.330665995419322252e+08 4.594039130304974318e+08
4.384871339791597822e-01 9.830015962270877361e+08 4.634599984433565140e+08
4.401496438355204099e-01 1.027195996540182948e+09 4.695793672237890959e+08
4.418121536941504446e-01 1.065663401335535407e+09 4.774958325516422987e+08
4.434746635550242400e-01 1.098444579768299818e+09 4.868838157074379921e+08
4.451371734181167605e-01 1.125605721874523163e+09 4.973780962108598351e+08
4.467996832834031928e-01 1.147236594570614338e+09 5.085924641554145217e+08
4.484621931508591675e-01 1.163448620860692501e+09 5.201356043882755637e+08
4.501247030204606481e-01 1.174372902302446842e+09 5.316235219731321335e+08
4.517872128921838204e-01 1.180158204464107990e+09 5.426885642082854509e+08
4.534497227660054253e-01 1.180968925057119131e+09 5.529855245400544405e+08
4.551122326419027031e-01 1.176983063729389906e+09 5.621954740252054930e+08
4.567747425198525613e-01 1.168390212172423124e+09 5.700279511847573519e+08
4.584372523998329063e-01 1.155389582127450228e+09 5.762220391568522453e+08
4.600997622818217003e-01 1.138188088303494930e+09 5.805467317193927765e+08
4.617622721657972384e-01 1.116998501802651644e+09 5.828008703216360807e+08
4.634247820517383154e-01 1.092037688896647692e+09 5.828128372563587427e+08
4.650872919396236149e-01 1.063524948247363925e+09 5.804401174453936815e+08
4.667498018294323758e-01 1.031680458816395402e+09 5.755687907704561949e+08
4.684123117211442255e-01 9.967238486329294443e+08 5.681129831013709307e+08
4.700748216147389580e-01 9.588728937510033846e+08 5.580142834099119902e+08
4.717373315101965336e-01 9.183423543223083019e+08 5.452411218655557632e+08
4.733998414074974126e-01 8.753429540145466328e+08 5.297880977861651778e+08
4.750623513066224435e-01 8.300805062435324192e+08 5.116752434495570660e+08
4.767248612075521974e-01 7.827551903050539494e+08 4.909472100805212259e+08
4.783873711102680226e-01 7.335609772918397188e+08 4.676723631778960824e+08
4.800498810147514894e-01 6.826852058721520901e+08 4.419417771072267890e+08
4.817123909209840571e-01 6.303083041515957117e+08 4.138681207884608507e+08
4.833749008289477955e-01 5.766036550540679693e+08 3.835844299965255260e+08
4.850374107386249412e-01 5.217375976558727026e+08 3.512427635700420737e+08
4.866999206499977859e-01 4.658695599864801764e+08 3.170127450987948179e+08
4.883624305630492324e-01 4.091523115395583510e+08 2.810799927199515700e+08
4.900249404777619611e-01 3.517323305446893573e+08 2.436444452367013693e+08
4.916874503941192631e-01 2.937502685413087606e+08 2.049185933070995808e+08
4.933499603121045407e-01 2.353415106614645720e+08 1.651256377195122242e+08
4.950124702317013070e-01 1.766368020377329290e+08 1.244976177065272033e+08
4.966749801528934083e-01 1.177629585421613902e+08 8.327373271736510098e+07
4.983374900756649684e-01 5.884355485744617134e+07 4.170059242152280360e+07
