# r [arcsec]	I [Jy/sr]	I_uncer [Jy/sr]
1.272617859314095550e-03 9.341802766197523499e+10 3.120645296560068130e+09
2.921189009106442414e-03 9.326911028163192749e+10 3.110384744704411507e+09
4.579495862547155495e-03 9.300166288641275024e+10 3.092038195593238354e+09
6.240002426697914550e-03 9.261642334377372742e+10 3.065704921400131226e+09
7.901343393063876494e-03 9.211453204193490601e+10 3.031551552373036861e+09
9.563088128690054243e-03 9.149748065445974731e+10 2.989797841058099270e+09
1.122505851373705593e-02 9.076710186978820801e+10 2.940713762669865608e+09
1.288716767388508287e-02 8.992556136187539673e+10 2.884617742602235317e+09
1.454936822595933807e-02 8.897534906116267395e+10 2.821874973002709866e+09
1.621163214106096165e-02 8.791926930750918579e+10 2.752895682453118801e+09
1.787394178310437384e-02 8.676042982713635254e+10 2.678133365240489960e+09
1.953628550253095827e-02 8.550222955359130859e+10 2.598083016164684296e+09
2.119865529577967186e-02 8.414834533685411072e+10 2.513279435050719261e+09
2.286104548286438387e-02 8.270271759548075867e+10 2.424295676862560749e+09
2.452345192144544592e-02 8.116953497342126465e+10 2.331741731815928459e+09
2.618587151961204035e-02 7.955321806833517456e+10 2.236263524846428394e+09
2.784830192283991451e-02 7.785840230266137695e+10 2.138542322863780499e+09
2.951074130657948408e-02 7.608992001259275818e+10 2.039294626389560223e+09
3.117318823511218417e-02 7.425278183362843323e+10 1.939272590813379288e+09
3.283564156322602012e-02 7.235215746444277954e+10 1.839264957395044804e+09
3.449810036628684490e-02 7.039335589355267334e+10 1.740098353076292753e+09
3.616056388957845924e-02 6.838180517555380249e+10 1.642638608442222118e+09
3.782303151098994481e-02 6.632303184562848663e+10 1.547791400932316303e+09
3.948550271312052662e-02 6.422264006252074432e+10 1.456501006267077923e+09
4.114797706214112089e-02 6.208629057126312256e+10 1.369745201401771784e+09
4.281045419157746001e-02 5.991967957759615326e+10 1.288523440870557547e+09
4.447293378972808769e-02 5.772851762626422882e+10 1.213834524256079912e+09
4.613541558980088775e-02 5.551850857515005493e+10 1.146639586682317972e+09
4.779789936210682849e-02 5.329532875660238647e+10 1.087807270262476921e+09
4.946038490782722619e-02 5.106460641621691132e+10 1.038041476304087520e+09
5.112287205399637657e-02 4.883190151786981964e+10 9.977987028059469461e+08
5.278536064943199074e-02 4.660268600184937286e+10 9.672102914355691671e+08
5.444785056141081270e-02 4.438232458063138580e+10 9.460308303964612484e+08
5.611034167293492414e-02 4.217605615407431030e+10 9.336321402078145742e+08
5.777283388046990098e-02 3.998897592270282745e+10 9.290505340137521029e+08
5.943532709206246489e-02 3.782601827420411682e+10 9.310780108819490671e+08
6.109782122576532665e-02 3.569194051440424347e+10 9.383749070017106533e+08
6.276031620831216962e-02 3.359130750975204468e+10 9.495788893261258602e+08
6.442281197399798987e-02 3.152847730377819824e+10 9.633922556683901548e+08
6.608530846372812073e-02 2.950758776514591980e+10 9.786403311972414255e+08
6.774780562420743002e-02 2.753254431976186371e+10 9.943026221161359549e+08
6.941030340724584080e-02 2.560700881401275253e+10 1.009522985180409193e+09
7.107280176916151715e-02 2.373438955057240677e+10 1.023605986293584347e+09
7.273530067026563739e-02 2.191783253238092804e+10 1.036005499349079728e+09
7.439780007441634813e-02 2.016021394441569519e+10 1.046309839164609075e+09
7.606029994863128252e-02 1.846413389670753098e+10 1.054226103834713459e+09
7.772280026274960840e-02 1.683191144582955933e+10 1.059565194344661951e+09
7.938530098913672284e-02 1.526558090573874283e+10 1.062228186626786828e+09
8.104780210242505667e-02 1.376688945249978447e+10 1.062194259400330186e+09
8.271030357928650656e-02 1.233729602103518867e+10 1.059510125316855550e+09
8.437280539823126257e-02 1.097797148569053078e+10 1.054280789451504350e+09
8.603530753943039455e-02 9.689800110132944107e+09 1.046661410404683828e+09
8.769780998455847798e-02 8.473382245874761581e+09 1.036850029059556723e+09
8.936031271665356712e-02 7.329038252676836014e+09 1.025080937376765132e+09
9.102281571999285004e-02 6.256813608153767586e+09 1.011618473397883654e+09
9.268531897998151525e-02 5.256485168202039719e+09 9.967510440911473036e+08
9.434782248305331742e-02 4.327568534377467155e+09 9.807851941143125296e+08
9.601032621658157906e-02 3.469326479110918045e+09 9.640395580541813374e+08
9.767283016879922675e-02 2.680778374701103210e+09 9.468385602643899918e+08
9.933533432872686253e-02 1.960710567379837036e+09 9.295057652401516438e+08
1.009978386861079547e-01 1.307687633434954405e+09 9.123568378635556698e+08
1.026603432313502873e-01 7.200644504344005585e+08 8.956921506381925344e+08
1.043228479554730720e-01 1.959990130180705190e+08 8.797891743264180422e+08
1.059853528500589448e-01 -2.665340804336880147e+08 8.648949031372932196e+08
1.076478579072105424e-01 -6.697295467085052729e+08 8.512186816681182384e+08
1.093103631195108394e-01 -1.015936821014713168e+09 8.389258960680959225e+08
1.109728684799872744e-01 -1.307645025230482340e+09 8.281330395991338491e+08
1.126353739820789568e-01 -1.547467583224718094e+09 8.189046384414957762e+08
1.142978796196066349e-01 -1.738126566300026894e+09 8.112524142339622974e+08
1.159603853867454265e-01 -1.882436852311084986e+09 8.051368718695420027e+08
1.176228912779997832e-01 -1.983290182063619137e+09 8.004712627511742115e+08
1.192853972881804531e-01 -2.043639196176584482e+09 7.971276295498402119e+08
1.209479034123834701e-01 -2.066481534728448629e+09 7.949444366116417646e+08
1.226104096459709192e-01 -2.054844080677766323e+09 7.937351676547715664e+08
1.242729159845529646e-01 -2.011767426299270153e+09 7.932972449957470894e+08
1.259354224239715991e-01 -1.940290639681279898e+09 7.934206844241818190e+08
1.275979289602855449e-01 -1.843436405742109537e+09 7.938960215677727461e+08
1.292604355897561952e-01 -1.724196613223037004e+09 7.945211963928382397e+08
1.309229423088349165e-01 -1.585518455758004427e+09 7.951072321952810287e+08
1.325854491141509606e-01 -1.430291111396800995e+09 7.954826727082532644e+08
1.342479560025006402e-01 -1.261333060912988424e+09 7.954968351249997616e+08
1.359104629708369483e-01 -1.081380100884126425e+09 7.950219963648320436e+08
1.375729700162601765e-01 -8.930741029016704559e+08 7.939546592210104465e+08
1.392354771360091448e-01 -6.989525654031366110e+08 7.922160513499518633e+08
1.408979843274529020e-01 -5.014389995349982381e+08 7.897520009809371233e+08
1.425604915880832879e-01 -3.028341851846275330e+08 7.865323152952786684e+08
1.442229989155077718e-01 -1.053083279009709209e+08 7.825497656173783541e+08
1.458855063074428748e-01 8.910585810871821642e+07 7.778187612488824129e+08
1.475480137617080634e-01 2.785191213468863964e+08 7.723737730353782177e+08
1.492105212762198374e-01 4.611906848612878323e+08 7.662675497180472612e+08
1.508730288489867621e-01 6.355322903418853283e+08 7.595691553579778671e+08
1.525355364781040279e-01 8.001112719366441965e+08 7.523618448817805052e+08
1.541980441617490649e-01 9.536526628593345881e+08 7.447407872489861250e+08
1.558605518981770188e-01 1.095040343388038874e+09 7.368106420343493223e+08
1.575230596857167542e-01 1.223317244264882326e+09 7.286829955569654703e+08
1.591855675227668576e-01 1.337684624765802383e+09 7.204736672389347553e+08
1.608480754077921959e-01 1.437500449786334276e+09 7.122999057059468031e+08
1.625105833393203636e-01 1.522276895160853624e+09 7.042775070092681646e+08
1.641730913159387406e-01 1.591677015062548399e+09 6.965179035325078964e+08
1.658355993362912173e-01 1.645510609699097157e+09 6.891252902699191570e+08
1.674981073990755853e-01 1.683729335603098154e+09 6.821938730986094475e+08
1.691606155030408176e-01 1.706421104583863974e+09 6.758053386275717020e+08
1.708231236469845982e-01 1.713803820852947235e+09 6.700266540391060114e+08
1.724856318297508795e-01 1.706218508929684877e+09 6.649083050597039461e+08
1.741481400502279120e-01 1.684121887664770842e+09 6.604830687041962147e+08
1.758106483073458848e-01 1.648078448079828024e+09 6.567653941598081589e+08
1.774731566000750660e-01 1.598752094690397978e+09 6.537514315695978403e+08
1.791356649274240265e-01 1.536897411558050156e+09 6.514197079942504168e+08
1.807981732884377246e-01 1.463350615496332645e+09 6.497324074515637159e+08
1.824606816821959798e-01 1.379020259631293297e+09 6.486371731826443672e+08
1.841231901078118072e-01 1.284877750891503811e+09 6.480693201091818810e+08
1.857856985644300296e-01 1.181947744978004456e+09 6.479543272021654844e+08
1.874482070512257237e-01 1.071298481943480849e+09 6.482104743966163397e+08
1.891107155674030538e-01 9.540321247026929855e+08 6.487514958427157402e+08
1.907732241121938566e-01 8.312751616106412411e+08 6.494891380704050064e+08
1.924357326848565586e-01 7.041689326948260069e+08 6.503355345553967953e+08
1.940982412846749550e-01 5.738603372246335745e+08 6.512053335629708767e+08
1.957607499109572380e-01 4.414927780655988455e+08 6.520175408866441250e+08
1.974232585630348313e-01 3.081973957131893039e+08 6.526970609230366945e+08
1.990857672402615297e-01 1.750846420510905981e+08 6.531759371358411312e+08
2.007482759420124996e-01 4.323624075769271702e+07 6.533943059147098064e+08
2.024107846676835298e-01 -8.630242208885447681e+07 6.533010863299666643e+08
2.040732934166899215e-01 -2.125294372552245557e+08 6.528544329212599993e+08
2.057358021884660160e-01 -3.344930052928130031e+08 6.520219802204945087e+08
2.073983109824642512e-01 -4.512975309885730147e+08 6.507809070065426826e+08
2.090608197981545235e-01 -5.621091512548567057e+08 6.491178460565923452e+08
2.107233286350234380e-01 -6.661606726202665567e+08 6.470286620028030872e+08
2.123858374925735870e-01 -7.627558987946894169e+08 6.445181163048487902e+08
2.140483463703231337e-01 -8.512733331601583958e+08 6.415994346526955366e+08
2.157108552678049240e-01 -9.311692454391775131e+08 6.382937885779808760e+08
2.173733641845664311e-01 -1.001980096194308162e+09 6.346296998514844179e+08
2.190358731201685061e-01 -1.063324317185122848e+09 6.306423735120254755e+08
2.206983820741854618e-01 -1.114903449919990778e+09 6.263729632156678438e+08
2.223608910462041566e-01 -1.156502648973393917e+09 6.218677711084730625e+08
2.240234000358239386e-01 -1.187990560749898672e+09 6.171773837025303841e+08
2.256859090426557024e-01 -1.209318592358872414e+09 6.123557453641545773e+08
2.273484180663219723e-01 -1.220519589078464746e+09 6.074591720806676149e+08
2.290109271064561247e-01 -1.221705942518170834e+09 6.025453102059309483e+08
2.306734361627020280e-01 -1.213067155015029430e+09 5.976720478953893185e+08
2.323359452347137921e-01 -1.194866888993675232e+09 5.928963908418750763e+08
2.339984543221555469e-01 -1.167439532977211237e+09 5.882733185303364992e+08
2.356609634247005536e-01 -1.131186318621131897e+09 5.838546422270154953e+08
2.373234725420314828e-01 -1.086571025565711260e+09 5.796878908580768108e+08
2.389859816738397480e-01 -1.034115313022935987e+09 5.758152552567024231e+08
2.406484908198254224e-01 -9.743937188502817154e+08 5.722726243411254883e+08
2.423109999796965175e-01 -9.080283683795878887e+08 5.690887480126384497e+08
2.439735091531692601e-01 -8.356834364873821735e+08 5.662845604292072058e+08
2.456360183399674824e-01 -7.580594072814983130e+08 5.638726935297406912e+08
2.472985275398224547e-01 -6.758871763579993248e+08 5.618572042676516771e+08
2.489610367524725254e-01 -5.899220408429523706e+08 5.602335303145622015e+08
2.506235459776631203e-01 -5.009376223760622740e+08 5.589886787105731964e+08
2.522860552151463542e-01 -4.097197678295698166e+08 5.581016409902933836e+08
2.539485644646808371e-01 -3.170604718904020190e+08 5.575440177576986551e+08
2.556110737260313126e-01 -2.237518646692646742e+08 5.572808265109624863e+08
2.572735829989687417e-01 -1.305803062603200376e+08 5.572714595238671303e+08
2.589360922832700251e-01 -3.832062865746700019e+07 5.574707542658216953e+08
2.605986015787175591e-01 5.226943633047530055e+07 5.578301373074187040e+08
2.622611108850994577e-01 1.404546065410761833e+08 5.582988037129267454e+08
2.639236202022091082e-01 2.255271418920235932e+08 5.588248970906248093e+08
2.655861295298450053e-01 3.068116478285200000e+08 5.593566601316063404e+08
2.672486388678106950e-01 3.836695604339667559e+08 5.598435309457106590e+08
2.689111482159146083e-01 4.555032866421263218e+08 5.602371661718515158e+08
2.705736575739698391e-01 5.217599759020631909e+08 5.604923771899389029e+08
2.722361669417941443e-01 5.819349026915589571e+08 5.605679704198989868e+08
2.738986763192096108e-01 6.355744424037833214e+08 5.604274864431837797e+08
2.755611857060425440e-01 6.822786263382503986e+08 5.600398354325593710e+08
2.772236951021236906e-01 7.217032647766150236e+08 5.593798281407997608e+08
2.788862045072874607e-01 7.535616304022129774e+08 5.584286025662845373e+08
2.805487139213725944e-01 7.776256975942590237e+08 5.571739465156831741e+08
2.822112233442213292e-01 7.937269363821178675e+08 5.556105157756595612e+08
2.838737327756796214e-01 8.017566630518093109e+08 5.537399466587829590e+08
2.855362422155972579e-01 8.016659525345927477e+08 5.515708604709048271e+08
2.871987516638271343e-01 7.934651207570396662e+08 5.491187561426991224e+08
2.888612611202258651e-01 7.772227880750631094e+08 5.464057860579756498e+08
2.905237705846532292e-01 7.530645377204009295e+08 5.434604092044421434e+08
2.921862800569720031e-01 7.211711858597507477e+08 5.403169153879617453e+08
2.938487895370484604e-01 6.817766823606346846e+08 5.370148146324610710e+08
2.955112990247516502e-01 6.351656636871860027e+08 5.335980872931332588e+08
2.971738085199533974e-01 5.816706814732646942e+08 5.301142930875800252e+08
2.988363180225286353e-01 5.216691322507830262e+08 5.266135414082085490e+08
3.004988275323551283e-01 4.555799155143305659e+08 5.231473310461028218e+08
3.021613370493130279e-01 3.838598487970102429e+08 5.197672748071867228e+08
3.038238465732852611e-01 3.069998696781328917e+08 5.165237331921685934e+08
3.054863561041573639e-01 2.255210556699016690e+08 5.134643908535815477e+08
3.071488656418173702e-01 1.399704937000051737e+08 5.106328191245001554e+08
3.088113751861554790e-01 5.091703145227905363e+07 5.080670764881268740e+08
3.104738847370644983e-01 -4.105305688604193181e+07 5.057984051869820952e+08
3.121363942944395120e-01 -1.353404578595301211e+08 5.038500850294839144e+08
3.137989038581776025e-01 -2.313372265377545655e+08 5.022365038313924670e+08
3.154614134281782389e-01 -3.284311828489411473e+08 5.009624972776467204e+08
3.171239230043430002e-01 -4.260102650783226490e+08 5.000229994092569947e+08
3.187864325865753523e-01 -5.234668100007980466e+08 4.994030292545378208e+08
3.204489421747808708e-01 -6.202017301823830605e+08 4.990780208205386996e+08
3.221114517688670742e-01 -7.156285602311989069e+08 4.990144846693066359e+08
3.237739613687434237e-01 -8.091773452215906382e+08 4.991709716614168882e+08
3.254364709743211015e-01 -9.002983461124293804e+08 4.994992949482115507e+08
3.270989805855132326e-01 -9.884655387470190525e+08 4.999459561946377158e+08
3.287614902022346075e-01 -1.073179884915444374e+09 5.004537168566358089e+08
3.304239998244018484e-01 -1.153972355986498356e+09 5.009632549578758478e+08
3.320865094519330207e-01 -1.230406691740240812e+09 5.014148514508430958e+08
3.337490190847480775e-01 -1.302081879255144835e+09 5.017500567733170390e+08
3.354115287227684150e-01 -1.368634338984724760e+09 5.019132963567677140e+08
3.370740383659170392e-01 -1.429739807509869337e+09 5.018533824059643745e+08
3.387365480141183438e-01 -1.485114908820608377e+09 5.015249072480736971e+08
3.403990576672984991e-01 -1.534518408384583235e+09 5.008895002351359725e+08
3.420615673253846745e-01 -1.577752146646681547e+09 4.999169351260872483e+08
3.437240769883058711e-01 -1.614661650987040758e+09 4.985860778820509911e+08
3.453865866559921449e-01 -1.645136427497690678e+09 4.968856658758531809e+08
3.470490963283750507e-01 -1.669109936240412951e+09 4.948149087741726637e+08
3.487116060053874755e-01 -1.686559255852796555e+09 4.923838990355708599e+08
3.503741156869634166e-01 -1.697504445530533791e+09 4.896138164084087610e+08
3.520366253730383144e-01 -1.702007614434504032e+09 4.865369064359316826e+08
3.536991350635486642e-01 -1.700171710524505615e+09 4.831962083610504270e+08
3.553616447584322380e-01 -1.692139042612359285e+09 4.796450037343622446e+08
3.570241544576279180e-01 -1.678089551123555183e+09 4.759459544809384942e+08
3.586866641610758633e-01 -1.658238844567587614e+09 4.721698994612708688e+08
3.603491738687170098e-01 -1.632836020122656345e+09 4.683942831894663572e+08
3.620116835804937372e-01 -1.602161287937874556e+09 4.647012009613656998e+08
3.636741932963493684e-01 -1.566523419831934452e+09 4.611750626100013852e+08
3.653367030162280593e-01 -1.526257043937986851e+09 4.578999032044152617e+08
3.669992127400752979e-01 -1.481719807568930387e+09 4.549564027463231683e+08
3.686617224678372939e-01 -1.433289431098499537e+09 4.524187159974262714e+08
3.703242321994613118e-01 -1.381360676031835556e+09 4.503512534930573106e+08
3.719867419348956150e-01 -1.326342250602894068e+09 4.488055890941938758e+08
3.736492516740893000e-01 -1.268653676266821384e+09 4.478176905357358456e+08
3.753117614169925176e-01 -1.208722138274281740e+09 4.474056704138006568e+08
3.769742711635561405e-01 -1.146979343211622477e+09 4.475682316916090250e+08
3.786367809137318741e-01 -1.083858405879214048e+09 4.482839344231266379e+08
3.802992906674724227e-01 -1.019790787266098022e+09 4.495113445864700675e+08
3.819618004247312126e-01 -9.552033045671367645e+08 4.511900517063413858e+08
3.836243101854625026e-01 -8.905152332920068502e+08 4.532424713658621907e+08
3.852868199496213841e-01 -8.261355204372472763e+08 4.555762927868309021e+08
3.869493297171635593e-01 -7.624601265521795750e+08 4.580873976650772095e+08
3.886118394880457849e-01 -6.998695132268003225e+08 4.606630665942473412e+08
3.902743492622252064e-01 -6.387262911889073849e+08 4.631853010512440801e+08
3.919368590396599683e-01 -5.793730427148931026e+08 4.655341161332684755e+08
3.935993688203087704e-01 -5.221303305692030191e+08 4.675906948173679113e+08
3.952618786041311449e-01 -4.672949040710385442e+08 4.692403318253183961e+08
3.969243883910870685e-01 -4.151381112986754179e+08 4.703751292201082110e+08
3.985868981811374612e-01 -3.659045247462833524e+08 4.708964337310597301e+08
4.002494079742436872e-01 -3.198107861097714901e+08 4.707170263837921023e+08
4.019119177703678880e-01 -2.770446741547008753e+08 4.697630885540579557e+08
4.035744275694727046e-01 -2.377643979853123128e+08 4.679759759846066236e+08
4.052369373715214440e-01 -2.020981163257173896e+08 4.653138347941895127e+08
4.068994471764781906e-01 -1.701436818492569923e+08 4.617530920085433125e+08
4.085619569843071952e-01 -1.419686079437625110e+08 4.572898482373839617e+08
4.102244667949735413e-01 -1.176102538269866109e+08 4.519411917267190814e+08
4.118869766084432005e-01 -9.707622238631869853e+07 4.457464403817105889e+08
4.135494864246819224e-01 -8.034496377980634570e+07 4.387682998848387599e+08
4.152119962436567890e-01 -6.736657644300894439e+07 4.310938993090876341e+08
4.168745060653349932e-01 -5.806379598043258488e+07 4.228356274619820118e+08
4.185370158896842829e-01 -5.233316120525780320e+07 4.141316401221365333e+08
4.201995257166728504e-01 -5.004634562649746984e+07 4.051458376629344225e+08
4.218620355462696647e-01 -5.105164166651102901e+07 3.960670247419332862e+08
4.235245453784438063e-01 -5.517558415105202794e+07 3.871068662748104930e+08
4.251870552131651881e-01 -6.222469881494446099e+07 3.784961671213961840e+08
4.268495650504041117e-01 -7.198736106130981445e+07 3.704789659749109745e+08
4.285120748901312115e-01 -8.423574963707134128e+07 3.633040069390714765e+08
4.301745847323175664e-01 -9.872787963229574263e+07 3.572134061047720909e+08
4.318370945769347546e-01 -1.152096988532581031e+08 3.524288149968607426e+08
4.334996044239549096e-01 -1.334172316168344170e+08 3.491360730179005861e+08
4.351621142733504422e-01 -1.530787538691504896e+08 3.474700833408776522e+08
4.368246241250944295e-01 -1.739169837742003798e+08 3.475021585310781598e+08
4.384871339791597822e-01 -1.956512719731320143e+08 3.492320542208685279e+08
4.401496438355204099e-01 -2.179997761914426684e+08 3.525861935120549202e+08
4.418121536941504446e-01 -2.406816051071643829e+08 3.574223447349901199e+08
4.434746635550242400e-01 -2.634189170865488946e+08 3.635396916554597616e+08
4.451371734181167605e-01 -2.859389597846872807e+08 3.706923123649113774e+08
4.467996832834031928e-01 -3.079760374998372793e+08 3.786038235270572901e+08
4.484621931508591675e-01 -3.292733936856508255e+08 3.869812905823487043e+08
4.501247030204606481e-01 -3.495849970932930112e+08 3.955271775850302577e+08
4.517872128921838204e-01 -3.686772206197306514e+08 4.039488125572599173e+08
4.534497227660054253e-01 -3.863304031634192467e+08 4.119653831631612778e+08
4.551122326419027031e-01 -4.023402854357723594e+08 4.193127929524283409e+08
4.567747425198525613e-01 -4.165193120503348112e+08 4.257468316341735125e+08
4.584372523998329063e-01 -4.286977928459572792e+08 4.310451088141262531e+08
4.600997622818217003e-01 -4.387249179139856696e+08 4.350081323692058325e+08
4.617622721657972384e-01 -4.464696213716321588e+08 4.374598234692350030e+08
4.634247820517383154e-01 -4.518212905666936040e+08 4.382476756602956653e+08
4.650872919396236149e-01 -4.546903178535892963e+08 4.372426952666749954e+08
4.667498018294323758e-01 -4.550084938629367948e+08 4.343392078665369153e+08
4.684123117211442255e-01 -4.527292414437827468e+08 4.294545780404488444e+08
4.700748216147389580e-01 -4.478276914199048281e+08 4.225288650090050697e+08
4.717373315101965336e-01 -4.403006012571278214e+08 4.135244206848550439e+08
4.733998414074974126e-01 -4.301661199527022243e+08 4.024254278593500853e+08
4.750623513066224435e-01 -4.174634019703479409e+08 3.892373709314471483e+08
4.767248612075521974e-01 -4.022520756469523311e+08 3.739864302529109120e+08
4.783873711102680226e-01 -3.846115703452975750e+08 3.567187904282969832e+08
4.800498810147514894e-01 -3.646403098685430288e+08 3.374998548193905950e+08
4.817123909209840571e-01 -3.424547774610090852e+08 3.164133592969503403e+08
4.833749008289477955e-01 -3.181884620872026682e+08 2.935603816663893461e+08
4.850374107386249412e-01 -2.919906917283496261e+08 2.690582440500357151e+08
4.866999206499977859e-01 -2.640253659450205863e+08 2.430393099634454548e+08
4.883624305630492324e-01 -2.344695926812462807e+08 2.156496779310171902e+08
4.900249404777619611e-01 -2.035122453298202455e+08 1.870477799823909104e+08
4.916874503941192631e-01 -1.713524414896514714e+08 1.574028928730395734e+08
4.933499603121045407e-01 -1.381979673887378573e+08 1.268935868089393973e+08
4.950124702317013070e-01 -1.042636365083353817e+08 9.570616216514906287e+07
4.966749801528934083e-01 -6.976963501849526167e+07 6.403335991057039052e+07
4.983374900756649684e-01 -3.493974278684053570e+07 3.207559363502118364e+07
