# r [arcsec]	I [Jy/sr]	I_uncer [Jy/sr]
1.272617859314095550e-03 1.396708453083874893e+10 2.036124063551290274e+09
2.921189009106442414e-03 1.398735730125750923e+10 2.034052312125119209e+09
4.579495862547155495e-03 1.402380275069457436e+10 2.030397723441737652e+09
6.240002426697914550e-03 1.407638305720655823e+10 2.025143841468377352e+09
7.901343393063876494e-03 1.414503296107832336e+10 2.018296736250688076e+09
9.563088128690054243e-03 1.422966621372436523e+10 2.009869192281007051e+09
1.122505851373705593e-02 1.433017629661939240e+10 1.999878216942283392e+09
1.288716767388508287e-02 1.444643668218490791e+10 1.988344431546242952e+09
1.454936822595933807e-02 1.457830104084420586e+10 1.975291849298469782e+09
1.621163214106096165e-02 1.472560345598860550e+10 1.960747759378909588e+09
1.787394178310437384e-02 1.488815866020233727e+10 1.944742645625586987e+09
1.953628550253095827e-02 1.506576229629169273e+10 1.927310117132019043e+09
2.119865529577967186e-02 1.525819120394224548e+10 1.908486842414761305e+09
2.286104548286438387e-02 1.546520373203860283e+10 1.888312483833201170e+09
2.452345192144544592e-02 1.568654007634978294e+10 1.866829630994144440e+09
2.618587151961204035e-02 1.592192264210425568e+10 1.844083732782294989e+09
2.784830192283991451e-02 1.617105643095046997e+10 1.820123028115439653e+09
2.951074130657948408e-02 1.643362945166482735e+10 1.794998475763688087e+09
3.117318823511218417e-02 1.670931315397670364e+10 1.768763683706246376e+09
3.283564156322602012e-02 1.699776288482324219e+10 1.741474838587890148e+09
3.449810036628684490e-02 1.729861836629103088e+10 1.713190635879640818e+09
3.616056388957845924e-02 1.761150419448583984e+10 1.683972211388240814e+09
3.782303151098994481e-02 1.793603035854687500e+10 1.653883074759100914e+09
3.948550271312052662e-02 1.827179277894025040e+10 1.622989045619220972e+09
4.114797706214112089e-02 1.861837386421650314e+10 1.591358192975012064e+09
4.281045419157746001e-02 1.897534308531163788e+10 1.559060778427123547e+09
4.447293378972808769e-02 1.934225756648894119e+10 1.526169203683840036e+09
4.613541558980088775e-02 1.971866269198785400e+10 1.492757962724894047e+09
4.779789936210682849e-02 2.010409272740225220e+10 1.458903598794339418e+09
4.946038490782722619e-02 2.049807145482632065e+10 1.424684666150671005e+09
5.112287205399637657e-02 2.090011282074403381e+10 1.390181696175642967e+09
5.278536064943199074e-02 2.130972159564915466e+10 1.355477167002137899e+09
5.444785056141081270e-02 2.172639404436957169e+10 1.320655475244869947e+09
5.611034167293492414e-02 2.214961860601756668e+10 1.285802907681054115e+09
5.777283388046990098e-02 2.257887658253712463e+10 1.251007609781229734e+09
5.943532709206246489e-02 2.301364283474079895e+10 1.216359546811341047e+09
6.109782122576532665e-02 2.345338648477548599e+10 1.181950451768441916e+09
6.276031620831216962e-02 2.389757162392907333e+10 1.147873752645325184e+09
6.442281197399798987e-02 2.434565802465328217e+10 1.114224469421859503e+09
6.608530846372812073e-02 2.479710185575876999e+10 1.081099068767464399e+09
6.774780562420743002e-02 2.525135639962601089e+10 1.048595261741196871e+09
6.941030340724584080e-02 2.570787277038657761e+10 1.016811726927345634e+09
7.107280176916151715e-02 2.616610063194759750e+10 9.858477386266171932e+08
7.273530067026563739e-02 2.662548891477985382e+10 9.558026772895367146e+08
7.439780007441634813e-02 2.708548653040202332e+10 9.267753977943941355e+08
7.606029994863128252e-02 2.754554308245820999e+10 8.988634311079050303e+08
7.772280026274960840e-02 2.800510957335896683e+10 8.721619971542912722e+08
7.938530098913672284e-02 2.846363910540791321e+10 8.467628122879157066e+08
8.104780210242505667e-02 2.892058757538966751e+10 8.227526845735692978e+08
8.271030357928650656e-02 2.937541436160560608e+10 8.002119048333892822e+08
8.437280539823126257e-02 2.982758300232734680e+10 7.792124613302004337e+08
8.603530753943039455e-02 3.027656186472614288e+10 7.598161303351762295e+08
8.769780998455847798e-02 3.072182480326002121e+10 7.420725217885665894e+08
8.936031271665356712e-02 3.116285180663764191e+10 7.260171855155493021e+08
9.102281571999285004e-02 3.159912963239151001e+10 7.116699045139212608e+08
9.268531897998151525e-02 3.203015242819505692e+10 6.990333125851752758e+08
9.434782248305331742e-02 3.245542233905459976e+10 6.880919694473403692e+08
9.601032621658157906e-02 3.287445009954097366e+10 6.788120047230954170e+08
9.767283016879922675e-02 3.328675561023989487e+10 6.711414032270942926e+08
9.933533432872686253e-02 3.369186849767017746e+10 6.650109518458256721e+08
1.009978386861079547e-01 3.408932865689778519e+10 6.603358103218919039e+08
1.026603432313502873e-01 3.447868677616124725e+10 6.570176134568866491e+08
1.043228479554730720e-01 3.485950484280538177e+10 6.549469692530136108e+08
1.059853528500589448e-01 3.523135662990979004e+10 6.540061924269751310e+08
1.076478579072105424e-01 3.559382816297422791e+10 6.540721078462436199e+08
1.093103631195108394e-01 3.594651816612739563e+10 6.550187720943109989e+08
1.109728684799872744e-01 3.628903848729309845e+10 6.567199888669635057e+08
1.126353739820789568e-01 3.662101450185274506e+10 6.590515290614163876e+08
1.142978796196066349e-01 3.694208549432507324e+10 6.618930031370848417e+08
1.159603853867454265e-01 3.725190501766597748e+10 6.651293667633811235e+08
1.176228912779997832e-01 3.755014122980608368e+10 6.686520678573938608e+08
1.192853972881804531e-01 3.783647720708885956e+10 6.723598626001455784e+08
1.209479034123834701e-01 3.811061123432761383e+10 6.761593400496588945e+08
1.226104096459709192e-01 3.837225707122309113e+10 6.799652006104607582e+08
1.242729159845529646e-01 3.862114419491662598e+10 6.837003343517193794e+08
1.259354224239715991e-01 3.885701801853820038e+10 6.872957425254855156e+08
1.275979289602855449e-01 3.907964008558722687e+10 6.906903409724413157e+08
1.292604355897561952e-01 3.928878824008280945e+10 6.938306784856054783e+08
1.309229423088349165e-01 3.948425677242103577e+10 6.966705973974856138e+08
1.325854491141509606e-01 3.966585654093949890e+10 6.991708581540832520e+08
1.342479560025006402e-01 3.983341506921678925e+10 7.012987447229321003e+08
1.359104629708369483e-01 3.998677661917825317e+10 7.030276634724581242e+08
1.375729700162601765e-01 4.012580224013842010e+10 7.043367446730521917e+08
1.392354771360091448e-01 4.025036979389663696e+10 7.052104529640593529e+08
1.408979843274529020e-01 4.036037395610976410e+10 7.056382109268947840e+08
1.425604915880832879e-01 4.045572619414690399e+10 7.056140382100123167e+08
1.442229989155077718e-01 4.053635472169403076e+10 7.051362073798944950e+08
1.458855063074428748e-01 4.060220443041493988e+10 7.042069167377471924e+08
1.475480137617080634e-01 4.065323679898989868e+10 7.028319796734610796e+08
1.492105212762198374e-01 4.068942977991700745e+10 7.010205296641429663e+08
1.508730288489867621e-01 4.071077766446138000e+10 6.987847397181243896e+08
1.525355364781040279e-01 4.071729092618856049e+10 6.961395548731937408e+08
1.541980441617490649e-01 4.070899604356542206e+10 6.931024362541799545e+08
1.558605518981770188e-01 4.068593530210095978e+10 6.896931151546134949e+08
1.575230596857167542e-01 4.064816657654694366e+10 6.859333556134610176e+08
1.591855675227668576e-01 4.059576309374713898e+10 6.818467240007325411e+08
1.608480754077921959e-01 4.052881317665914154e+10 6.774583641984258890e+08
1.625105833393203636e-01 4.044741997019437408e+10 6.727947770559715033e+08
1.641730913159387406e-01 4.035170114947532654e+10 6.678836029202421904e+08
1.658355993362912173e-01 4.024178861117224121e+10 6.627534061760554314e+08
1.674981073990755853e-01 4.011782814858088684e+10 6.574334609001396894e+08
1.691606155030408176e-01 3.997997911113162231e+10 6.519535369171824455e+08
1.708231236469845982e-01 3.982841404903031158e+10 6.463436857640362978e+08
1.724856318297508795e-01 3.966331834376897430e+10 6.406340263134696484e+08
1.741481400502279120e-01 3.948488982522279358e+10 6.348545300832254887e+08
1.758106483073458848e-01 3.929333837609705353e+10 6.290348065632076263e+08
1.774731566000750660e-01 3.908888552448368073e+10 6.232038892225981951e+08
1.791356649274240265e-01 3.887176402530981445e+10 6.173900232155363560e+08
1.807981732884377246e-01 3.864221743143441772e+10 6.116204561663401127e+08
1.824606816821959798e-01 3.840049965522021484e+10 6.059212337866035700e+08
1.841231901078118072e-01 3.814687452134415436e+10 6.003170024276479483e+08
1.857856985644300296e-01 3.788161531166818237e+10 5.948308209969170094e+08
1.874482070512257237e-01 3.760500430295928192e+10 5.894839849345583916e+08
1.891107155674030538e-01 3.731733229827774048e+10 5.842958651461879015e+08
1.907732241121938566e-01 3.701889815283011627e+10 5.792837648893867731e+08
1.924357326848565586e-01 3.671000829508731842e+10 5.744627976000677347e+08
1.940982412846749550e-01 3.639097624398478699e+10 5.698457885085666180e+08
1.957607499109572380e-01 3.606212212298409271e+10 5.654432026173908710e+08
1.974232585630348313e-01 3.572377217179648590e+10 5.612631012032240629e+08
1.990857672402615297e-01 3.537625825656025696e+10 5.573111284629309177e+08
2.007482759420124996e-01 3.501991737923107147e+10 5.535905292724441290e+08
2.024107846676835298e-01 3.465509118696870422e+10 5.501021982929817438e+08
2.040732934166899215e-01 3.428212548227140808e+10 5.468447598714393377e+08
2.057358021884660160e-01 3.390136973460375595e+10 5.438146773868157864e+08
2.073983109824642512e-01 3.351317659424567032e+10 5.410063899272916317e+08
2.090608197981545235e-01 3.311790140908794022e+10 5.384124734856041670e+08
2.107233286350234380e-01 3.271590174507419205e+10 5.360238232676651478e+08
2.123858374925735870e-01 3.230753691097433090e+10 5.338298532491845489e+08
2.140483463703231337e-01 3.189316748815926361e+10 5.318187088032718301e+08
2.157108552678049240e-01 3.147315486603308868e+10 5.299774880712232590e+08
2.173733641845664311e-01 3.104786078374433136e+10 5.282924677485275865e+08
2.190358731201685061e-01 3.061764687880354691e+10 5.267493291059032083e+08
2.206983820741854618e-01 3.018287424318236542e+10 5.253333803326815963e+08
2.223608910462041566e-01 2.974390298747694397e+10 5.240297716587411165e+08
2.240234000358239386e-01 2.930109181368178177e+10 5.228237001501845121e+08
2.256859090426557024e-01 2.885479759708260345e+10 5.217006015568155646e+08
2.273484180663219723e-01 2.840537497780438232e+10 5.206463270889207721e+08
2.290109271064561247e-01 2.795317596244678879e+10 5.196473034941967726e+08
2.306734361627020280e-01 2.749854953630715561e+10 5.186906752731949091e+08
2.323359452347137921e-01 2.704184128657418060e+10 5.177644283004369736e+08
2.339984543221555469e-01 2.658339303693781281e+10 5.168574944963754416e+08
2.356609634247005536e-01 2.612354249395293427e+10 5.159598375205063224e+08
2.373234725420314828e-01 2.566262290553845978e+10 5.150625197244821191e+08
2.389859816738397480e-01 2.520096273191996002e+10 5.141577508192446232e+08
2.406484908198254224e-01 2.473888532931824112e+10 5.132389188765660524e+08
2.423109999796965175e-01 2.427670864665759659e+10 5.123006044075616598e+08
2.439735091531692601e-01 2.381474493554097748e+10 5.113385783480684161e+08
2.456360183399674824e-01 2.335330047370086288e+10 5.103497848379809856e+08
2.472985275398224547e-01 2.289267530213139725e+10 5.093323097194821835e+08
2.489610367524725254e-01 2.243316297605942154e+10 5.082853357005355954e+08
2.506235459776631203e-01 2.197505032989547348e+10 5.072090851463530660e+08
2.522860552151463542e-01 2.151861725627564621e+10 5.061047514733819366e+08
2.539485644646808371e-01 2.106413649928729630e+10 5.049744201360627413e+08
2.556110737260313126e-01 2.061187346193452072e+10 5.038209802180115581e+08
2.572735829989687417e-01 2.016208602788323212e+10 5.026480276686316133e+08
2.589360922832700251e-01 1.971502439748730087e+10 5.014597612651776671e+08
2.605986015787175591e-01 1.927093093810468674e+10 5.002608724300170541e+08
2.622611108850994577e-01 1.883004004863047791e+10 4.990564300893024206e+08
2.639236202022091082e-01 1.839257803822421646e+10 4.978517618247979879e+08
2.655861295298450053e-01 1.795876301911226273e+10 4.966523326379254460e+08
2.672486388678106950e-01 1.752880481338137054e+10 4.954636227123898864e+08
2.689111482159146083e-01 1.710290487362164497e+10 4.942910056252867579e+08
2.705736575739698391e-01 1.668125621726793098e+10 4.931396285079268813e+08
2.722361669417941443e-01 1.626404337447557640e+10 4.920142956955859661e+08
2.738986763192096108e-01 1.585144234933002090e+10 4.909193574202207923e+08
2.755611857060425440e-01 1.544362059417478561e+10 4.898586050921805501e+08
2.772236951021236906e-01 1.504073699684795952e+10 4.888351746757870317e+08
2.788862045072874607e-01 1.464294188054732704e+10 4.878514595926316977e+08
2.805487139213725944e-01 1.425037701608882332e+10 4.869090344792109728e+08
2.822112233442213292e-01 1.386317564625125694e+10 4.860085909839701056e+08
2.838737327756796214e-01 1.348146252193408775e+10 4.851498866167817116e+08
2.855362422155972579e-01 1.310535394978486443e+10 4.843317074583899379e+08
2.871987516638271343e-01 1.273495785100673485e+10 4.835518453143575191e+08
2.888612611202258651e-01 1.237037383097440338e+10 4.828070896517899036e+08
2.905237705846532292e-01 1.201169325932180977e+10 4.820932344062250853e+08
2.921862800569720031e-01 1.165899936014913177e+10 4.814050994927551746e+08
2.938487895370484604e-01 1.131236731194606972e+10 4.807365666084070206e+08
2.955112990247516502e-01 1.097186435688204193e+10 4.800806286858073473e+08
2.971738085199533974e-01 1.063754991905190086e+10 4.794294521499844790e+08
2.988363180225286353e-01 1.030947573128604126e+10 4.787744509549477696e+08
3.004988275323551283e-01 9.987685970111972809e+09 4.781063712331770658e+08
3.021613370493130279e-01 9.672217398473922729e+09 4.774153852877612710e+08
3.038238465732852611e-01 9.363099515769382477e+09 4.766911935866097212e+08
3.054863561041573639e-01 9.060354714805841446e+09 4.759231333907197118e+08
3.071488656418173702e-01 8.763998445237674713e+09 4.751002926517164111e+08
3.088113751861554790e-01 8.474039383066403389e+09 4.742116278516826034e+08
3.104738847370644983e-01 8.190479605778745651e+09 4.732460845207051039e+08
3.121363942944395120e-01 7.913314772682477951e+09 4.721927192540551424e+08
3.137989038581776025e-01 7.642534310030079842e+09 4.710408221522748470e+08
3.154614134281782389e-01 7.378121600491224289e+09 4.697800387203212976e+08
3.171239230043430002e-01 7.120054176554008484e+09 4.684004903790936470e+08
3.187864325865753523e-01 6.868303917430763245e+09 4.668928928621763587e+08
3.204489421747808708e-01 6.622837249061387062e+09 4.652486718827649355e+08
3.221114517688670742e-01 6.383615346772394180e+09 4.634600755626151562e+08
3.237739613687434237e-01 6.150594340224045753e+09 4.615202832075248361e+08
3.254364709743211015e-01 5.923725520194046021e+09 4.594235100919445753e+08
3.270989805855132326e-01 5.702955546844857216e+09 4.571651079768060446e+08
3.287614902022346075e-01 5.488226659045756340e+09 4.547416611242962480e+08
3.304239998244018484e-01 5.279476884394948959e+09 4.521510775913028121e+08
3.320865094519330207e-01 5.076640249548671722e+09 4.493926755780214071e+08
3.337490190847480775e-01 4.879646990499345779e+09 4.464672645721756220e+08
3.354115287227684150e-01 4.688423762433926582e+09 4.433772209697914124e+08
3.370740383659170392e-01 4.502893848847126007e+09 4.401265577568016052e+08
3.387365480141183438e-01 4.322977369538740158e+09 4.367209877080471516e+08
3.403990576672984991e-01 4.148591487197658539e+09 4.331679793939766884e+08
3.420615673253846745e-01 3.979650612237616062e+09 4.294768050809239745e+08
3.437240769883058711e-01 3.816066605585954189e+09 4.256585793632031083e+08
3.453865866559921449e-01 3.657748979129851341e+09 4.217262870770311356e+08
3.470490963283750507e-01 3.504605093541400433e+09 4.176947987187306881e+08
3.487116060053874755e-01 3.356540353205624580e+09 4.135808712213097811e+08
3.503741156869634166e-01 3.213458398002033234e+09 4.094031315543333292e+08
3.520366253730383144e-01 3.075261291689040661e+09 4.051820402033935189e+08
3.536991350635486642e-01 2.941849706666251183e+09 4.009398311914045811e+08
3.553616447584322380e-01 2.813123104888305187e+09 3.967004249482558370e+08
3.570241544576279180e-01 2.688979914736897945e+09 3.924893100659916401e+08
3.586866641610758633e-01 2.569317703642929554e+09 3.883333898451609015e+08
3.603491738687170098e-01 2.454033346302868843e+09 3.842607896148067117e+08
3.620116835804937372e-01 2.343023188301116467e+09 3.803006211644194126e+08
3.636741932963493684e-01 2.236183205005115986e+09 3.764827013463705778e+08
3.653367030162280593e-01 2.133409155587079287e+09 3.728372230628836155e+08
3.669992127400752979e-01 2.034596732050630569e+09 3.693943785014694333e+08
3.686617224678372939e-01 1.939641703148135662e+09 3.661839366499642730e+08
3.703242321994613118e-01 1.848440053100964546e+09 3.632347797796944380e+08
3.719867419348956150e-01 1.760888115022063971e+09 3.605744066303817630e+08
3.736492516740893000e-01 1.676882698987466335e+09 3.582284132877573967e+08
3.753117614169925176e-01 1.596321214684149027e+09 3.562199659430482388e+08
3.769742711635561405e-01 1.519101788594486237e+09 3.545692825340839028e+08
3.786367809137318741e-01 1.445123375686631441e+09 3.532931423092049956e+08
3.802992906674724227e-01 1.374285865580772638e+09 3.524044432763847709e+08
3.819618004247312126e-01 1.306490183188539743e+09 3.519118270048561096e+08
3.836243101854625026e-01 1.241638383828972101e+09 3.518193881991242170e+08
3.852868199496213841e-01 1.179633742823479176e+09 3.521264828930091858e+08
3.869493297171635593e-01 1.120380839611771584e+09 3.528276442706161737e+08
3.886118394880457849e-01 1.063785636403454900e+09 3.539126094293372631e+08
3.902743492622252064e-01 1.009755551428410053e+09 3.553664544311305881e+08
3.919368590396599683e-01 9.581995268250935078e+08 3.571698293241304755e+08
3.935993688203087704e-01 9.090280912443267107e+08 3.592992800279049873e+08
3.952618786041311449e-01 8.621534172325301170e+08 3.617276404503186941e+08
3.969243883910870685e-01 8.174893734806680679e+08 3.644244761919832230e+08
3.985868981811374612e-01 7.749515720224580765e+08 3.673565606923418045e+08
4.002494079742436872e-01 7.344574104943451881e+08 3.704883655462127328e+08
4.019119177703678880e-01 6.959261095363523960e+08 3.737825486623383164e+08
4.035744275694727046e-01 6.592787454766749144e+08 3.772004266129822135e+08
4.052369373715214440e-01 6.244382783844248056e+08 3.807024205550717115e+08
4.068994471764781906e-01 5.913295756458071470e+08 3.842484681930482388e+08
4.085619569843071952e-01 5.598794311607627869e+08 3.877983971219522953e+08
4.102244667949735413e-01 5.300165803247072697e+08 3.913122574053580165e+08
4.118869766084432005e-01 5.016717109026002884e+08 3.947506132729550600e+08
4.135494864246819224e-01 4.747774699616741538e+08 3.980747953913416266e+08
4.152119962436567890e-01 4.492684669907560945e+08 4.012471162415170074e+08
4.168745060653349932e-01 4.250812733611153960e+08 4.042310518351812363e+08
4.185370158896842829e-01 4.021544182744274139e+08 4.069913933383380175e+08
4.201995257166728504e-01 3.804283813553093672e+08 4.094943722710998058e+08
4.218620355462696647e-01 3.598455820316375494e+08 4.117077628344550729e+08
4.235245453784438063e-01 3.403503658648298979e+08 4.136009646972223520e+08
4.251870552131651881e-01 3.218889879773250222e+08 4.151450692474874258e+08
4.268495650504041117e-01 3.044095937405731678e+08 4.163129119798819423e+08
4.285120748901312115e-01 2.878621968587247133e+08 4.170791133097544312e+08
4.301745847323175664e-01 2.721986550287240744e+08 4.174201097760351896e+08
4.318370945769347546e-01 2.573726432906172574e+08 4.173141772447152138e+08
4.334996044239549096e-01 2.433396252638847232e+08 4.167414474533187151e+08
4.351621142733504422e-01 2.300568223634521663e+08 4.156839189503102899e+08
4.368246241250944295e-01 2.174831811948366761e+08 4.141254632837238312e+08
4.384871339791597822e-01 2.055793392230311036e+08 4.120518270727825165e+08
4.401496438355204099e-01 1.943075888910883665e+08 4.094506304664823413e+08
4.418121536941504446e-01 1.836318402954162657e+08 4.063113623268339038e+08
4.434746635550242400e-01 1.735175825759072304e+08 4.026253724036067128e+08
4.451371734181167605e-01 1.639318441175813973e+08 3.983858606430108547e+08
4.467996832834031928e-01 1.548431517305490375e+08 3.935878637467592359e+08
4.484621931508591675e-01 1.462214888687196970e+08 3.882282390031373501e+08
4.501247030204606481e-01 1.380382530752510130e+08 3.823056454203824401e+08
4.517872128921838204e-01 1.302662126835775077e+08 3.758205221157542467e+08
4.534497227660054253e-01 1.228794629598478228e+08 3.687750639497589469e+08
4.551122326419027031e-01 1.158533817082930058e+08 3.611731943253398538e+08
4.567747425198525613e-01 1.091645845149546713e+08 3.530205351334490776e+08
4.584372523998329063e-01 1.027908796272494346e+08 3.443243737536522150e+08
4.600997622818217003e-01 9.671122266188842058e+07 3.350936271040847301e+08
4.617622721657972384e-01 9.090567109395568073e+07 3.253388026536250114e+08
4.634247820517383154e-01 8.535533874248833954e+07 3.150719564181148410e+08
4.650872919396236149e-01 8.004235016201701760e+07 3.043066478645898700e+08
4.667498018294323758e-01 7.494979518027618527e+07 2.930578917865048051e+08
4.684123117211442255e-01 7.006168343662473559e+07 2.813421070855298638e+08
4.700748216147389580e-01 6.536289920860393345e+07 2.691770625761723518e+08
4.717373315101965336e-01 6.083915629743491113e+07 2.565818197585790753e+08
4.733998414074974126e-01 5.647695334105061740e+07 2.435766727424017787e+08
4.750623513066224435e-01 5.226352920189092308e+07 2.301830852718688250e+08
4.767248612075521974e-01 4.818681893072587997e+07 2.164236251239481568e+08
4.783873711102680226e-01 4.423540977002789825e+07 2.023218958280881345e+08
4.800498810147514894e-01 4.039849789825422317e+07 1.879024661167067289e+08
4.817123909209840571e-01 3.666584511263336241e+07 1.731907970564802289e+08
4.833749008289477955e-01 3.302773648312073573e+07 1.582131675358533859e+08
4.850374107386249412e-01 2.947493769237462804e+07 1.429965981448722482e+08
4.866999206499977859e-01 2.599865375654666498e+07 1.275687748354717791e+08
4.883624305630492324e-01 2.259048687069141492e+07 1.119579731276124418e+08
4.900249404777619611e-01 1.924239648853867128e+07 9.619298730340275168e+07
4.916874503941192631e-01 1.594665714103337564e+07 8.030307176572397351e+07
4.933499603121045407e-01 1.269582079933048412e+07 6.431792344262970239e+07
4.950124702317013070e-01 9.482672394717359915e+06 4.826780068544185907e+07
4.966749801528934083e-01 6.300199397743750364e+06 3.218427925479843840e+07
4.983374900756649684e-01 3.141512486472703982e+06 1.610587164299945347e+07
