# r [arcsec]	I [Jy/sr]	I_uncer [Jy/sr]
1.272617859314095550e-03 4.500417301576168213e+11 6.927396503961525917e+09
2.921189009106442414e-03 4.488687110602070312e+11 6.862213462213278770e+09
4.579495862547155495e-03 4.467683009467567749e+11 6.746138573080949783e+09
6.240002426697914550e-03 4.437569394384808960e+11 6.581139506301164627e+09
7.901343393063876494e-03 4.398587125588585815e+11 6.370067717253620148e+09
9.563088128690054243e-03 4.351046820250589600e+11 6.116601538603929520e+09
1.122505851373705593e-02 4.295324629453645020e+11 5.825206989353339195e+09
1.288716767388508287e-02 4.231857499514008179e+11 5.501100842662611008e+09
1.454936822595933807e-02 4.161137752545510864e+11 5.150220941529932976e+09
1.621163214106096165e-02 4.083707030311045532e+11 4.779212203637938499e+09
1.787394178310437384e-02 4.000149682672934570e+11 4.395439358790266991e+09
1.953628550253095827e-02 3.911085695492648926e+11 4.007039248026728630e+09
2.119865529577967186e-02 3.817163260561749878e+11 3.623023523733537197e+09
2.286104548286438387e-02 3.719051095173665161e+11 3.253428330477620125e+09
2.452345192144544592e-02 3.617430621941798096e+11 2.909460858070854664e+09
2.618587151961204035e-02 3.512988120592682495e+11 2.603476323063378811e+09
2.784830192283991451e-02 3.406406962774912109e+11 2.348401338754467964e+09
2.951074130657948408e-02 3.298360038469865112e+11 2.156004811119871616e+09
3.117318823511218417e-02 3.189502478433205566e+11 2.033698237641610622e+09
3.283564156322602012e-02 3.080464771323154907e+11 1.980958828712834835e+09
3.449810036628684490e-02 2.971846366894371338e+11 1.988070994921875000e+09
3.616056388957845924e-02 2.864209847990396118e+11 2.038794905704618216e+09
3.782303151098994481e-02 2.758075744210402832e+11 2.115108524934728384e+09
3.948550271312052662e-02 2.653918049233867188e+11 2.200950933838285923e+09
4.114797706214112089e-02 2.552160492052241821e+11 2.283816889659452915e+09
4.281045419157746001e-02 2.453173599983105774e+11 2.354827220530371666e+09
4.447293378972808769e-02 2.357272578544685059e+11 2.408180124962225437e+09
4.613541558980088775e-02 2.264716020262438049e+11 2.440509486571379662e+09
4.779789936210682849e-02 2.175705441486340027e+11 2.450341905262624741e+09
4.946038490782722619e-02 2.090385633529514160e+11 2.437684276574222088e+09
5.112287205399637657e-02 2.008845802109823303e+11 2.403721106288859367e+09
5.278536064943199074e-02 1.931121457378263550e+11 2.350591834913674831e+09
5.444785056141081270e-02 1.857197005943463745e+11 2.281222253188334465e+09
5.611034167293492414e-02 1.787008986410751648e+11 2.199188883521666050e+09
5.777283388046990098e-02 1.720449881202559509e+11 2.108597234641678572e+09
5.943532709206246489e-02 1.657372429934336853e+11 2.013953243087518930e+09
6.109782122576532665e-02 1.597594363494671631e+11 1.920002722785379648e+09
6.276031620831216962e-02 1.540903473293410645e+11 1.831509441013649464e+09
6.442281197399798987e-02 1.487062926950106812e+11 1.752945975294723511e+09
6.608530846372812073e-02 1.435816740021517639e+11 1.688094317398711443e+09
6.774780562420743002e-02 1.386895313208102722e+11 1.639603100078738213e+09
6.941030340724584080e-02 1.340020945807380676e+11 1.608611814551110744e+09
7.107280176916151715e-02 1.294913238944156189e+11 1.594583895980470419e+09
7.273530067026563739e-02 1.251294306223912506e+11 1.595441445855158567e+09
7.439780007441634813e-02 1.208893714831816864e+11 1.607974362113485098e+09
7.606029994863128252e-02 1.167453086610292511e+11 1.628386904909327269e+09
7.772280026274960840e-02 1.126730296164730682e+11 1.652820183042999983e+09
7.938530098913672284e-02 1.086503211411690521e+11 1.677745627855348110e+09
8.104780210242505667e-02 1.046572931041883850e+11 1.700202506707429171e+09
8.271030357928650656e-02 1.006766482945864563e+11 1.717904366137221813e+09
8.437280539823126257e-02 9.669389575721841431e+10 1.729256239957828999e+09
8.603530753943039455e-02 9.269750602780415344e+10 1.733319857622697830e+09
8.769780998455847798e-02 8.867900768132135010e+10 1.729752416208884239e+09
8.936031271665356712e-02 8.463302559831915283e+10 1.718733602067481041e+09
9.102281571999285004e-02 8.055726230975276184e+10 1.700887841166793346e+09
9.268531897998151525e-02 7.645242468746708679e+10 1.677204030802230597e+09
9.434782248305331742e-02 7.232209909032174683e+10 1.648952428020766258e+09
9.601032621658157906e-02 6.817257884231586456e+10 1.617597273143763304e+09
9.767283016879922675e-02 6.401264859827105713e+10 1.584703795907702446e+09
9.933533432872686253e-02 5.985333073524523926e+10 1.551839452747283459e+09
1.009978386861079547e-01 5.570759938677243805e+10 1.520471611259007454e+09
1.026603432313502873e-01 5.159006810700118256e+10 1.491867227131562471e+09
1.043228479554730720e-01 4.751665740956804657e+10 1.467003593462529659e+09
1.059853528500589448e-01 4.350424857053036499e+10 1.446501588292802334e+09
1.076478579072105424e-01 3.957033011663053131e+10 1.430592390146499872e+09
1.093103631195108394e-01 3.573264334240193939e+10 1.419124474938264608e+09
1.109728684799872744e-01 3.200883301669366455e+10 1.411610573263141632e+09
1.126353739820789568e-01 2.841610915740657806e+10 1.407306526751746655e+09
1.142978796196066349e-01 2.497092538031712341e+10 1.405308491305533648e+09
1.159603853867454265e-01 2.168867887304563141e+10 1.404653432895823717e+09
1.176228912779997832e-01 1.858343651870629501e+10 1.404410162233443499e+09
1.192853972881804531e-01 1.566769110680919456e+10 1.403752621695081711e+09
1.209479034123834701e-01 1.295215093344470596e+10 1.402011844057737350e+09
1.226104096459709192e-01 1.044556542104677010e+10 1.398706646329054832e+09
1.242729159845529646e-01 8.154588692698553085e+09 1.393555277671212673e+09
1.259354224239715991e-01 6.083682329673737526e+09 1.386471114244672060e+09
1.275979289602855449e-01 4.235057835968261242e+09 1.377545551168265343e+09
1.292604355897561952e-01 2.608658642156640530e+09 1.367020939930482626e+09
1.309229423088349165e-01 1.202180814101071358e+09 1.355256090247670412e+09
1.325854491141509606e-01 1.113100066641819105e+07 1.342686686298362732e+09
1.342479560025006402e-01 -9.710804319550281763e+08 1.329783020819914579e+09
1.359104629708369483e-01 -1.753013664755124092e+09 1.317007684855917454e+09
1.375729700162601765e-01 -2.345044147041963577e+09 1.304776137908308983e+09
1.392354771360091448e-01 -2.759181237477441788e+09 1.293423235352903128e+09
1.408979843274529020e-01 -3.008864562363753319e+09 1.283178609569089890e+09
1.425604915880832879e-01 -3.108742147727004528e+09 1.274153152565495253e+09
1.442229989155077718e-01 -3.074434564257383823e+09 1.266337728560447931e+09
1.458855063074428748e-01 -2.922289429374433994e+09 1.259613817786561966e+09
1.475480137617080634e-01 -2.669130639344182014e+09 1.253774347465526342e+09
1.492105212762198374e-01 -2.332006658617967129e+09 1.248551817950429678e+09
1.508730288489867621e-01 -1.927942076502844572e+09 1.243650205949103117e+09
1.525355364781040279e-01 -1.473696457327686787e+09 1.238777083475803852e+09
1.541980441617490649e-01 -9.855342647047852278e+08 1.233672831649013996e+09
1.558605518981770188e-01 -4.790093394420647025e+08 1.228134559152860641e+09
1.575230596857167542e-01 3.123293893886649236e+07 1.222033153077595711e+09
1.591855675227668576e-01 5.316330679028041363e+08 1.215322646052553892e+09
1.608480754077921959e-01 1.009872099640244007e+09 1.208041708201842070e+09
1.625105833393203636e-01 1.455001714819489956e+09 1.200307566048716545e+09
1.641730913159387406e-01 1.857548292235425949e+09 1.192303056977432728e+09
1.658355993362912173e-01 2.209590048722350121e+09 1.184257902878327131e+09
1.674981073990755853e-01 2.504806798546585083e+09 1.176425669015502214e+09
1.691606155030408176e-01 2.738502348874552727e+09 1.169058264735510349e+09
1.708231236469845982e-01 2.907600000347157478e+09 1.162380193518884897e+09
1.724856318297508795e-01 3.010612052319190025e+09 1.156564980017328262e+09
1.741481400502279120e-01 3.047584614562400341e+09 1.151716182349821806e+09
1.758106483073458848e-01 3.020019395499569416e+09 1.147855055191240549e+09
1.774731566000750660e-01 2.930774466393042088e+09 1.144916249821374655e+09
1.791356649274240265e-01 2.783946287203919411e+09 1.142752004775224447e+09
1.807981732884377246e-01 2.584735519759988785e+09 1.141144262975708961e+09
1.824606816821959798e-01 2.339299344994230747e+09 1.139823249297339439e+09
1.841231901078118072e-01 2.054593141728480339e+09 1.138490422447299242e+09
1.857856985644300296e-01 1.738204474116870642e+09 1.136843455657905579e+09
1.874482070512257237e-01 1.398182373514529705e+09 1.134600980198780537e+09
1.891107155674030538e-01 1.042864889172525287e+09 1.131525147648185492e+09
1.907732241121938566e-01 6.807078225065284967e+08 1.127440505956888676e+09
1.924357326848565586e-01 3.201174541429373622e+08 1.122248129644490480e+09
1.940982412846749550e-01 -3.071007534781603888e+07 1.115934325019110680e+09
1.957607499109572380e-01 -3.639402575307780504e+08 1.108573522584075451e+09
1.974232585630348313e-01 -6.722403297999328375e+08 1.100325186086886168e+09
1.990857672402615297e-01 -9.489060120910611153e+08 1.091424753682007313e+09
2.007482759420124996e-01 -1.187973145952790737e+09 1.082168837756651640e+09
2.024107846676835298e-01 -1.384312813364772320e+09 1.072895201137035847e+09
2.040732934166899215e-01 -1.533708825472424507e+09 1.063958434700934529e+09
2.057358021884660160e-01 -1.632916793493361950e+09 1.055702781048009515e+09
2.073983109824642512e-01 -1.679704319926972628e+09 1.048434117949898958e+09
2.090608197981545235e-01 -1.672872172576967716e+09 1.042393605648562551e+09
2.107233286350234380e-01 -1.612256621564393997e+09 1.037735741392521620e+09
2.123858374925735870e-01 -1.498713425510072708e+09 1.034513391617284536e+09
2.140483463703231337e-01 -1.334084242842583895e+09 1.032671712058215380e+09
2.157108552678049240e-01 -1.121146513462287903e+09 1.032051789824108243e+09
2.173733641845664311e-01 -8.635481009778381586e+08 1.032403567725993395e+09
2.190358731201685061e-01 -5.657282031681739092e+08 1.033406436072013736e+09
2.206983820741854618e-01 -2.328262253346498013e+08 1.034695062172078729e+09
2.223608910462041566e-01 1.294195342977741063e+08 1.035887705306142926e+09
2.240234000358239386e-01 5.147814178003659844e+08 1.036614408832186460e+09
2.256859090426557024e-01 9.166581051080774069e+08 1.036542927204213858e+09
2.273484180663219723e-01 1.328194372547763109e+09 1.035400847377799869e+09
2.290109271064561247e-01 1.742402795450728655e+09 1.032992940858075500e+09
2.306734361627020280e-01 2.152285299471372128e+09 1.029213236186497450e+09
2.323359452347137921e-01 2.550952520496090412e+09 1.024051599228375077e+09
2.339984543221555469e-01 2.931739020266804695e+09 1.017594767637612343e+09
2.356609634247005536e-01 3.288312521929152966e+09 1.010021854187576652e+09
2.373234725420314828e-01 3.614775473929372787e+09 1.001594374292391777e+09
2.389859816738397480e-01 3.905757419073369980e+09 9.926409341054269075e+08
2.406484908198254224e-01 4.156496834749890804e+09 9.835369018046190739e+08
2.423109999796965175e-01 4.362911316792128563e+09 9.746797248453950882e+08
2.439735091531692601e-01 4.521655199299733162e+09 9.664610628861764669e+08
2.456360183399674824e-01 4.630163932217799187e+09 9.592375317267231941e+08
2.472985275398224547e-01 4.686684773449937820e+09 9.533024713635518551e+08
2.489610367524725254e-01 4.690293588886572838e+09 9.488615654281910658e+08
2.506235459776631203e-01 4.640897788011408806e+09 9.460151377859200239e+08
2.522860552151463542e-01 4.539225650944480896e+09 9.447493971697304249e+08
2.539485644646808371e-01 4.386802521271709442e+09 9.449378180632565022e+08
2.556110737260313126e-01 4.185914544481421471e+09 9.463524540300120115e+08
2.572735829989687417e-01 3.939560821158896923e+09 9.486836235905205011e+08
2.589360922832700251e-01 3.651395014600151539e+09 9.515654237990984917e+08
2.605986015787175591e-01 3.325657601769829750e+09 9.546041057062162161e+08
2.622611108850994577e-01 2.967100082646396160e+09 9.574064841890950203e+08
2.639236202022091082e-01 2.580902564342271328e+09 9.596060901647101641e+08
2.655861295298450053e-01 2.172586211931561470e+09 9.608854815629056692e+08
2.672486388678106950e-01 1.747922106953687429e+09 9.609938141082950830e+08
2.689111482159146083e-01 1.312838076891884804e+09 9.597593135768245459e+08
2.705736575739698391e-01 8.733250547964951992e+08 9.570966473752119541e+08
2.722361669417941443e-01 4.353444982887774110e+08 9.530093825223660469e+08
2.738986763192096108e-01 4.738342535694803111e+06 9.475877872586263418e+08
2.755611857060425440e-01 -4.128571161314674020e+08 9.410022420213868618e+08
2.772236951021236906e-01 -8.120921085991982222e+08 9.334925279970359802e+08
2.788862045072874607e-01 -1.187977874634595394e+09 9.253533065762087107e+08
2.805487139213725944e-01 -1.535953694582624197e+09 9.169162290438479185e+08
2.822112233442213292e-01 -1.851945577557024002e+09 9.085293444555261135e+08
2.838737327756796214e-01 -2.132415873626501322e+09 9.005348000347690582e+08
2.855362422155972579e-01 -2.374403246962292671e+09 8.932462095579636097e+08
2.871987516638271343e-01 -2.575552621661592960e+09 8.869274142986080647e+08
2.888612611202258651e-01 -2.734134888970255852e+09 8.817745579708187580e+08
2.905237705846532292e-01 -2.849056340764501572e+09 8.779033211473754644e+08
2.921862800569720031e-01 -2.919857966453453541e+09 8.753427411220657825e+08
2.938487895370484604e-01 -2.946704916018851757e+09 8.740363054931499958e+08
2.955112990247516502e-01 -2.930366588039056301e+09 8.738500863954999447e+08
2.971738085199533974e-01 -2.872187945724500179e+09 8.745867841280480623e+08
2.988363180225286353e-01 -2.774052793983385563e+09 8.760038785588448048e+08
3.004988275323551283e-01 -2.638339864418394089e+09 8.778337718466464281e+08
3.021613370493130279e-01 -2.467872651256756306e+09 8.798038609105695486e+08
3.038238465732852611e-01 -2.265864018262419701e+09 8.816548183889251947e+08
3.054863561041573639e-01 -2.035856653777708769e+09 8.831558533892945051e+08
3.071488656418173702e-01 -1.781660487607238531e+09 8.841162397997637987e+08
3.088113751861554790e-01 -1.507288199349479198e+09 8.843928512869291306e+08
3.104738847370644983e-01 -1.216889943216810942e+09 8.838937876284798384e+08
3.121363942944395120e-01 -9.146883899437805414e+08 8.825784149030957222e+08
3.137989038581776025e-01 -6.049151430167256594e+08 8.804542927651380301e+08
3.154614134281782389e-01 -2.917495254343839884e+08 8.775715529788434505e+08
3.171239230043430002e-01 2.073934387040672079e+07 8.740153484618568420e+08
3.187864325865753523e-01 3.286463561187390685e+08 8.698970264072052240e+08
3.204489421747808708e-01 6.282793768839658499e+08 8.653446976270129681e+08
3.221114517688670742e-01 9.162027572469015121e+08 8.604938732894866467e+08
3.237739613687434237e-01 1.189274901485067368e+09 8.554788101628402472e+08
3.254364709743211015e-01 1.444679526442887783e+09 8.504251352262061834e+08
3.270989805855132326e-01 1.679950375743223667e+09 8.454442022785619497e+08
3.287614902022346075e-01 1.892989279746198177e+09 8.406294667745147943e+08
3.304239998244018484e-01 2.082077577311235428e+09 8.360549608130239248e+08
3.320865094519330207e-01 2.245881035469296932e+09 8.317757286453999281e+08
3.337490190847480775e-01 2.383448515939646721e+09 8.278298722136430740e+08
3.354115287227684150e-01 2.494204740945644855e+09 8.242416858373516798e+08
3.370740383659170392e-01 2.577937603282501698e+09 8.210252545203669071e+08
3.387365480141183438e-01 2.634780545475863457e+09 8.181878672041207552e+08
3.403990576672984991e-01 2.665190599034742832e+09 8.157326583842604160e+08
3.420615673253846745e-01 2.669922726261745453e+09 8.136600307012535334e+08
3.437240769883058711e-01 2.650001143356588840e+09 8.119676096691565514e+08
3.453865866559921449e-01 2.606688324346504211e+09 8.106487151168309450e+08
3.470490963283750507e-01 2.541452390906044006e+09 8.096895737293194532e+08
3.487116060053874755e-01 2.455933583713700771e+09 8.090657134148868322e+08
3.503741156869634166e-01 2.351910487530464172e+09 8.087381445057251453e+08
3.520366253730383144e-01 2.231266645582351685e+09 8.086500212298789024e+08
3.536991350635486642e-01 2.095958150506533146e+09 8.087244746054314375e+08
3.553616447584322380e-01 1.947982740523255348e+09 8.088642127392680645e+08
3.570241544576279180e-01 1.789350862377563477e+09 8.089533088441472054e+08
3.586866641610758633e-01 1.622059088824151039e+09 8.088613664644001722e+08
3.603491738687170098e-01 1.448066199912295341e+09 8.084499984919118881e+08
3.620116835804937372e-01 1.269272156118907213e+09 8.075813148128877878e+08
3.636741932963493684e-01 1.087500109472922325e+09 8.061279087572207451e+08
3.653367030162280593e-01 9.044815181375483274e+08 8.039836785849329233e+08
3.669992127400752979e-01 7.218443524233870506e+08 8.010747174741826057e+08
3.686617224678372939e-01 5.411043075418269634e+08 7.973694441700259447e+08
3.703242321994613118e-01 3.636588722499567270e+08 7.928871125839977264e+08
3.719867419348956150e-01 1.907840441441191137e+08 7.877038211509412527e+08
3.736492516740893000e-01 2.363343300698732212e+07 7.819551408902527094e+08
3.753117614169925176e-01 -1.367605459858760536e+08 7.758345109678682089e+08
3.769742711635561405e-01 -2.894837164419136047e+08 7.695866490520242453e+08
3.786367809137318741e-01 -4.337357678887212873e+08 7.634954474227600098e+08
3.802992906674724227e-01 -5.688248188859931231e+08 7.578662389801193476e+08
3.819618004247312126e-01 -6.941612660074143410e+08 7.530029652521004677e+08
3.836243101854625026e-01 -8.092512553071600199e+08 7.491816453401306868e+08
3.852868199496213841e-01 -9.136900903032393456e+08 7.466225099046367407e+08
3.869493297171635593e-01 -1.007155859474070191e+09 7.454639878508412838e+08
3.886118394880457849e-01 -1.089403528106455326e+09 7.457421058498147726e+08
3.902743492622252064e-01 -1.160259695209212065e+09 7.473785273013174534e+08
3.919368590396599683e-01 -1.219618167783178806e+09 7.501793674336415529e+08
3.935993688203087704e-01 -1.267436453385700464e+09 7.538453084791864157e+08
3.952618786041311449e-01 -1.303733219422748804e+09 7.579918522680586576e+08
3.969243883910870685e-01 -1.328586715392677069e+09 7.621772557784181833e+08
3.985868981811374612e-01 -1.342134104135688782e+09 7.659350811365672350e+08
4.002494079742436872e-01 -1.344571601320986271e+09 7.688083618755130768e+08
4.019119177703678880e-01 -1.336155280516888857e+09 7.703829287053899765e+08
4.035744275694727046e-01 -1.317202365238429308e+09 7.703181546002168655e+08
4.052369373715214440e-01 -1.288092800625281096e+09 7.683740147552640438e+08
4.068994471764781906e-01 -1.249270876481431723e+09 7.644337526682889462e+08
4.085619569843071952e-01 -1.201246661110581875e+09 7.585215317406468391e+08
4.102244667949735413e-01 -1.144597001867381096e+09 7.508142252937265635e+08
4.118869766084432005e-01 -1.079965853907502890e+09 7.416459880856170654e+08
4.135494864246819224e-01 -1.008063712889275312e+09 7.315035398667197227e+08
4.152119962436567890e-01 -9.296659501556643248e+08 7.210093591203587055e+08
4.168745060653349932e-01 -8.456098793350811005e+08 7.108896015015773773e+08
4.185370158896842829e-01 -7.567904206782295704e+08 7.019241316415307522e+08
4.201995257166728504e-01 -6.641542724715613127e+08 6.948783317254091501e+08
4.218620355462696647e-01 -5.686925465544052124e+08 6.904207655511715412e+08
4.235245453784438063e-01 -4.714318755917261243e+08 6.890367106733016968e+08
4.251870552131651881e-01 -3.734240522058082223e+08 6.909527728879981041e+08
4.268495650504041117e-01 -2.757343123451969624e+08 6.960889865945842266e+08
4.285120748901312115e-01 -1.794284262655776143e+08 7.040498393587001562e+08
4.301745847323175664e-01 -8.555880817851245403e+07 7.141558077522031069e+08
4.318370945769347546e-01 4.850101027294917032e+06 7.255067718909096718e+08
4.334996044239549096e-01 9.081688641724616289e+07 7.370627697936072350e+08
4.351621142733504422e-01 1.714183251583516896e+08 7.477276171402529478e+08
4.368246241250944295e-01 2.458043226036050320e+08 7.564251985337378979e+08
4.384871339791597822e-01 3.132122617030718327e+08 7.621636631170054674e+08
4.401496438355204099e-01 3.729804061056749821e+08 7.640870855498272181e+08
4.418121536941504446e-01 4.245600038693105578e+08 7.615166485813779831e+08
4.434746635550242400e-01 4.675257556962112188e+08 7.539843727808390856e+08
4.451371734181167605e-01 5.015843379709409475e+08 7.412624984335604906e+08
4.467996832834031928e-01 5.265807070400811434e+08 7.233913266962492466e+08
4.484621931508591675e-01 5.425019553422864676e+08 7.007078668933761120e+08
4.501247030204606481e-01 5.494785423126063347e+08 6.738768582820543051e+08
4.517872128921838204e-01 5.477827809260596037e+08 6.439239727222571373e+08
4.534497227660054253e-01 5.378245242944412231e+08 6.122668078653310537e+08
4.551122326419027031e-01 5.201440627500361204e+08 5.807301940614693165e+08
4.567747425198525613e-01 4.954023103058851957e+08 5.515158091316868067e+08
4.584372523998329063e-01 4.643684266687187552e+08 5.270743350073398948e+08
4.600997622818217003e-01 4.279050872821797729e+08 5.098199852799614668e+08
4.617622721657972384e-01 3.869516752038666010e+08 5.016747142018188834e+08
4.634247820517383154e-01 3.425057257126137614e+08 5.035603562568663955e+08
4.650872919396236149e-01 2.956030030466182232e+08 5.150863120086596012e+08
4.667498018294323758e-01 2.472966302739406228e+08 5.346261570388561487e+08
4.684123117211442255e-01 1.986357232498971820e+08 5.597267272165598869e+08
4.700748216147389580e-01 1.506440009296088219e+08 5.876058015288243294e+08
4.717373315101965336e-01 1.042988517209290266e+08 6.155354614050182104e+08
4.733998414074974126e-01 6.051133390909540653e+07 6.410564009310648441e+08
4.750623513066224435e-01 2.010757127176121995e+07 6.620641954354126453e+08
4.767248612075521974e-01 -1.618801982031193562e+07 6.768260311911354065e+08
4.783873711102680226e-01 -4.776727614073902369e+07 6.839688137793275118e+08
4.800498810147514894e-01 -7.415025604919688404e+07 6.824595305851161480e+08
4.817123909209840571e-01 -9.499434193070584536e+07 6.715859756552419662e+08
4.833749008289477955e-01 -1.101002490912832171e+08 6.509396668776280880e+08
4.850374107386249412e-01 -1.194147911593805254e+08 6.204002811933639050e+08
4.866999206499977859e-01 -1.230303211646785438e+08 5.801202406376054287e+08
4.883624305630492324e-01 -1.211808559820941091e+08 5.305081293417852521e+08
4.900249404777619611e-01 -1.142349583297417760e+08 4.722099326697739363e+08
4.916874503941192631e-01 -1.026855469262636155e+08 4.060874427098483443e+08
4.933499603121045407e-01 -8.713685287868481874e+07 3.331935225251068473e+08
4.950124702317013070e-01 -6.828885365660269558e+07 2.547442080297186077e+08
4.966749801528934083e-01 -4.691949925965353847e+07 1.720879671761858165e+08
4.983374900756649684e-01 -2.386529413397196308e+07 8.667343211002838612e+07
