# r [arcsec]	I [Jy/sr]	I_uncer [Jy/sr]
1.272617859314095550e-03 1.767339984099617004e+11 2.562103417361491203e+09
2.921189009106442414e-03 1.765787592673224792e+11 2.555419266016819000e+09
4.579495862547155495e-03 1.762997526444112854e+11 2.543477016116363525e+09
6.240002426697914550e-03 1.758973965242502441e+11 2.526305575635312557e+09
7.901343393063876494e-03 1.753723751976921082e+11 2.503972941569600105e+09
9.563088128690054243e-03 1.747255889396411438e+11 2.476571586552376270e+09
1.122505851373705593e-02 1.739581472879442444e+11 2.444216083905267715e+09
1.288716767388508287e-02 1.730713655530543213e+11 2.407042241808189869e+09
1.454936822595933807e-02 1.720667614685880432e+11 2.365206492735044479e+09
1.621163214106096165e-02 1.709460515165459595e+11 2.318885327200222015e+09
1.787394178310437384e-02 1.697111468321317444e+11 2.268274729325805664e+09
1.953628550253095827e-02 1.683641486700087280e+11 2.213589612344449997e+09
2.119865529577967186e-02 1.669073434348752136e+11 2.155063267069783688e+09
2.286104548286438387e-02 1.653431972865358582e+11 2.092946844917815447e+09
2.452345192144544592e-02 1.636743503330457458e+11 2.027508904312574387e+09
2.618587151961204035e-02 1.619036104274405518e+11 1.959035057086630106e+09
2.784830192283991451e-02 1.600339465850570679e+11 1.887827760846657038e+09
2.951074130657948408e-02 1.580684820396095581e+11 1.814206315045155287e+09
3.117318823511218417e-02 1.560104869572819214e+11 1.738507133557347298e+09
3.283564156322602012e-02 1.538633708290282898e+11 1.661084385875193596e+09
3.449810036628684490e-02 1.516306745621653748e+11 1.582311123612179756e+09
3.616056388957845924e-02 1.493160622931464539e+11 1.502581039776461840e+09
3.782303151098994481e-02 1.469233129441267395e+11 1.422311045430481195e+09
3.948550271312052662e-02 1.444563115465971680e+11 1.341944890438042641e+09
4.114797706214112089e-02 1.419190403559574890e+11 1.261958096333674431e+09
4.281045419157746001e-02 1.393155697813839111e+11 1.182864495507738352e+09
4.447293378972808769e-02 1.366500491558335876e+11 1.105224649657699347e+09
4.613541558980088775e-02 1.339266973713282471e+11 1.029656285816490769e+09
4.779789936210682849e-02 1.311497934050030060e+11 9.568465144826990366e+08
4.946038490782722619e-02 1.283236667615581665e+11 8.875647614790618420e+08
5.112287205399637657e-02 1.254526878579541321e+11 8.226737165094110966e+08
5.278536064943199074e-02 1.225412583761369171e+11 7.631327873815937042e+08
5.444785056141081270e-02 1.195938016096803741e+11 7.099844412267271280e+08
5.611034167293492414e-02 1.166147528299996033e+11 6.643094808774921894e+08
5.777283388046990098e-02 1.136085496977302856e+11 6.271364639097144604e+08
5.943532709206246489e-02 1.105796227444998169e+11 5.993000561364620924e+08
6.109782122576532665e-02 1.075323859500646973e+11 5.812687828075058460e+08
6.276031620831216962e-02 1.044712274393541260e+11 5.729967720624964237e+08
6.442281197399798987e-02 1.014005003234472504e+11 5.738684343599939346e+08
6.608530846372812073e-02 9.832451370802925110e+10 5.827726493556356430e+08
6.774780562420743002e-02 9.524752389218347168e+10 5.982785315349742174e+08
6.941030340724584080e-02 9.217372577973243713e+10 6.188402770068844557e+08
7.107280176916151715e-02 8.910724452459109497e+10 6.429649435301208496e+08
7.273530067026563739e-02 8.605212743073098755e+10 6.693148664825253487e+08
7.439780007441634813e-02 8.301233612658308411e+10 6.967502196774101257e+08
7.606029994863128252e-02 7.999173903265524292e+10 7.243315564718970060e+08
7.772280026274960840e-02 7.699410414028373718e+10 7.513016230642147064e+08
7.938530098913672284e-02 7.402309211830409241e+10 7.770596398813977242e+08
8.104780210242505667e-02 7.108224976343490601e+10 8.011352919795948267e+08
8.271030357928650656e-02 6.817500380899821472e+10 8.231656319574253559e+08
8.437280539823126257e-02 6.530465510545507050e+10 8.428758512737576962e+08
8.603530753943039455e-02 6.247437318508756256e+10 8.600638105326759815e+08
8.769780998455847798e-02 5.968719122185009766e+10 8.745878102921961546e+08
8.936031271665356712e-02 5.694600139626718903e+10 8.863569954484530687e+08
9.102281571999285004e-02 5.425355067391462708e+10 8.953238337540762424e+08
9.268531897998151525e-02 5.161243700474776459e+10 9.014782012681775093e+08
9.434782248305331742e-02 4.902510594927188873e+10 9.048427037438876629e+08
9.601032621658157906e-02 4.649384773619206238e+10 9.054689474884425402e+08
9.767283016879922675e-02 4.402079475489354706e+10 9.034345419524910450e+08
9.933533432872686253e-02 4.160791948478370667e+10 8.988406698213684559e+08
1.009978386861079547e-01 3.925703286219420624e+10 8.918101008728587627e+08
1.026603432313502873e-01 3.696978308426157379e+10 8.824855556772112846e+08
1.043228479554730720e-01 3.474765484788370514e+10 8.710283463424899578e+08
1.059853528500589448e-01 3.259196902059516525e+10 8.576172353920106888e+08
1.076478579072105424e-01 3.050388273892290115e+10 8.424474614068062305e+08
1.093103631195108394e-01 2.848438992856931305e+10 8.257298816645405293e+08
1.109728684799872744e-01 2.653432223954279327e+10 8.076901776101596355e+08
1.126353739820789568e-01 2.465435038820354843e+10 7.885680582538324594e+08
1.142978796196066349e-01 2.284498589702981567e+10 7.686163790123312473e+08
1.159603853867454265e-01 2.110658322182919693e+10 7.481000688393106461e+08
1.176228912779997832e-01 1.943934225504187775e+10 7.272947272457895279e+08
1.192853972881804531e-01 1.784331119279314804e+10 7.064847172351437807e+08
1.209479034123834701e-01 1.631838975236441612e+10 6.859605454279328585e+08
1.226104096459709192e-01 1.486433272586127853e+10 6.660152963457676172e+08
1.242729159845529646e-01 1.348075385497593307e+10 6.469398891382188797e+08
1.259354224239715991e-01 1.216713001097169113e+10 6.290169725481029749e+08
1.275979289602855449e-01 1.092280566323153114e+10 6.125133902935258150e+08
1.292604355897561952e-01 9.746997619080209732e+09 5.976713509751226902e+08
1.309229423088349165e-01 8.638800016924533844e+09 5.846987215139412880e+08
1.325854491141509606e-01 7.597189554238376617e+09 5.737591942047240734e+08
1.342479560025006402e-01 6.621030931403954506e+09 5.649633760043441057e+08
1.359104629708369483e-01 5.709082492019910812e+09 5.583620056133557558e+08
1.375729700162601765e-01 4.860002039915097237e+09 5.539424174700145721e+08
1.392354771360091448e-01 4.072352812835342407e+09 5.516290011109251976e+08
1.408979843274529020e-01 3.344609592543425083e+09 5.512878096506947279e+08
1.425604915880832879e-01 2.675164930931893826e+09 5.527348076070655584e+08
1.442229989155077718e-01 2.062335471665770531e+09 5.557467063222880363e+08
1.458855063074428748e-01 1.504368346857642412e+09 5.600730575551491976e+08
1.475480137617080634e-01 9.994476283471482992e+08 5.654483014372513294e+08
1.492105212762198374e-01 5.457008132654390335e+08 5.716027295751286745e+08
1.508730288489867621e-01 1.412053237665421665e+08 5.782717070328977108e+08
1.525355364781040279e-01 -2.160049989412716329e+08 5.852028795220495462e+08
1.541980441617490649e-01 -5.279334258146937490e+08 5.921613957238943577e+08
1.558605518981770188e-01 -7.966139156110690832e+08 5.989333694739130735e+08
1.575230596857167542e-01 -1.024104753676323533e+09 6.053278997760639191e+08
1.591855675227668576e-01 -1.212482272112893820e+09 6.111779841163448095e+08
1.608480754077921959e-01 -1.363834669017772436e+09 6.163406316480931044e+08
1.625105833393203636e-01 -1.480255943862566710e+09 6.206964319076460600e+08
1.641730913159387406e-01 -1.563839965445943117e+09 6.241487784196871519e+08
1.658355993362912173e-01 -1.616674688142978907e+09 6.266228943689736128e+08
1.674981073990755853e-01 -1.640836531429979086e+09 6.280647636859446764e+08
1.691606155030408176e-01 -1.638384936879868746e+09 6.284400363803683519e+08
1.708231236469845982e-01 -1.611357116003675461e+09 6.277329509654582739e+08
1.724856318297508795e-01 -1.561763001447816849e+09 6.259452978276633024e+08
1.741481400502279120e-01 -1.491580413177534580e+09 6.230954337321339846e+08
1.758106483073458848e-01 -1.402750450356803417e+09 6.192173477721632719e+08
1.774731566000750660e-01 -1.297173118697117329e+09 6.143597716684353352e+08
1.791356649274240265e-01 -1.176703202088195324e+09 6.085853213637109995e+08
1.807981732884377246e-01 -1.043146386350556970e+09 6.019696515463800430e+08
1.824606816821959798e-01 -8.982556419566674232e+08 5.946005995034390688e+08
1.841231901078118072e-01 -7.437278715802909136e+08 5.865772891938283443e+08
1.857856985644300296e-01 -5.812008273199875355e+08 5.780091605362632275e+08
1.874482070512257237e-01 -4.122503014485259652e+08 5.690148827929966450e+08
1.891107155674030538e-01 -2.383875935366710126e+08 5.597211051471871138e+08
1.907732241121938566e-01 -6.105725580176074803e+07 5.502609931283756495e+08
1.924357326848565586e-01 1.183648824502710104e+08 5.407724979991881847e+08
1.940982412846749550e-01 2.985734113953102231e+08 5.313963097134928107e+08
1.957607499109572380e-01 4.783347593357720375e+08 5.222734551648941636e+08
1.974232585630348313e-01 6.564883354174264669e+08 5.135425248020589948e+08
1.990857672402615297e-01 8.319473993333320618e+08 5.053365442818050385e+08
2.007482759420124996e-01 1.003699661810598850e+09 4.977795539416517019e+08
2.024107846676835298e-01 1.170807620542819738e+09 4.909830148681290746e+08
2.040732934166899215e-01 1.332408637054825306e+09 4.850422196777133942e+08
2.057358021884660160e-01 1.487714760777453423e+09 4.800329382879285812e+08
2.073983109824642512e-01 1.636012307369106770e+09 4.760085608207298517e+08
2.090608197981545235e-01 1.776661199042468548e+09 4.729979987964762449e+08
2.107233286350234380e-01 1.909094075318342924e+09 4.710045642386552691e+08
2.123858374925735870e-01 2.032815183278506279e+09 4.700059652709689736e+08
2.140483463703231337e-01 2.147399056964775801e+09 4.699554476305006742e+08
2.157108552678049240e-01 2.252488996118495941e+09 4.707839938983578682e+08
2.173733641845664311e-01 2.347795354953810692e+09 4.724033887027228475e+08
2.190358731201685061e-01 2.433093652091196537e+09 4.747098874207092524e+08
2.206983820741854618e-01 2.508222513193034649e+09 4.775881977441265583e+08
2.223608910462041566e-01 2.573081458164946556e+09 4.809154969294651747e+08
2.240234000358239386e-01 2.627628545106657028e+09 4.845652529685641527e+08
2.256859090426557024e-01 2.671877883415406227e+09 4.884106812072839737e+08
2.273484180663219723e-01 2.705897028658497334e+09 4.923277351174039841e+08
2.290109271064561247e-01 2.729804271956475258e+09 4.961975902660046816e+08
2.306734361627020280e-01 2.743765836717126369e+09 4.999086278621609807e+08
2.323359452347137921e-01 2.747992995600941181e+09 5.033579566468600631e+08
2.339984543221555469e-01 2.742739120580619812e+09 5.064525304204642773e+08
2.356609634247005536e-01 2.728296678909585476e+09 5.091099258977388144e+08
2.373234725420314828e-01 2.704994187700547695e+09 5.112588450649447441e+08
2.389859816738397480e-01 2.673193139667010784e+09 5.128394007560979128e+08
2.406484908198254224e-01 2.633284912375522614e+09 5.138032361352762580e+08
2.423109999796965175e-01 2.585687673133014202e+09 5.141135198354811072e+08
2.439735091531692601e-01 2.530843291326355934e+09 5.137448497150931954e+08
2.456360183399674824e-01 2.469214269731569290e+09 5.126830901058374047e+08
2.472985275398224547e-01 2.401280705938124180e+09 5.109251602570496798e+08
2.489610367524725254e-01 2.327537294639140129e+09 5.084787854152278304e+08
2.506235459776631203e-01 2.248490381115756512e+09 5.053622164777879119e+08
2.522860552151463542e-01 2.164655075776074409e+09 5.016039192174543738e+08
2.539485644646808371e-01 2.076552439126750946e+09 4.972422294730259776e+08
2.556110737260313126e-01 1.984706746039014816e+09 4.923249662369768620e+08
2.572735829989687417e-01 1.889642837631400347e+09 4.869089900965498686e+08
2.589360922832700251e-01 1.791883568537387609e+09 4.810596899249839187e+08
2.605986015787175591e-01 1.691947356741133690e+09 4.748503761341396570e+08
2.622611108850994577e-01 1.590345842585152149e+09 4.683615544054856896e+08
2.639236202022091082e-01 1.487581662935254574e+09 4.616800500698790550e+08
2.655861295298450053e-01 1.384146345880891323e+09 4.548979509320011139e+08
2.672486388678106950e-01 1.280518330727410078e+09 4.481113363806102276e+08
2.689111482159146083e-01 1.177161117405580282e+09 4.414187644136909842e+08
2.705736575739698391e-01 1.074521548797965288e+09 4.349194972390186787e+08
2.722361669417941443e-01 9.730282288536952734e+08 4.287114617675943375e+08
2.738986763192096108e-01 8.730900787382434607e+08 4.228889644495413303e+08
2.755611857060425440e-01 7.750950326445299387e+08 4.175402102095576525e+08
2.772236951021236906e-01 6.794088742839773893e+08 4.127447106755374074e+08
2.788862045072874607e-01 5.863742144738903046e+08 4.085707032377872467e+08
2.805487139213725944e-01 4.963096096518682837e+08 4.050727334490061402e+08
2.822112233442213292e-01 4.095088205729641318e+08 4.022895714203572273e+08
2.838737327756796214e-01 3.262402098976005912e+08 4.002426313200429082e+08
2.855362422155972579e-01 2.467462768310329020e+08 3.989350377430732846e+08
2.871987516638271343e-01 1.712433264731798470e+08 3.983514342772811651e+08
2.888612611202258651e-01 9.992127103470702469e+07 3.984585642116990089e+08
2.905237705846532292e-01 3.294355961134481430e+07 3.992065817140111923e+08
2.921862800569720031e-01 -2.955276723086862639e+07 4.005309864487900734e+08
2.938487895370484604e-01 -8.745690223052069545e+07 4.023550264626412988e+08
2.955112990247516502e-01 -1.406839801156717539e+08 4.045923897699983716e+08
2.971738085199533974e-01 -1.891746751160915792e+08 4.071500053408032656e+08
2.988363180225286353e-01 -2.328946925389625430e+08 4.099307950077970028e+08
3.004988275323551283e-01 -2.718341599525399804e+08 4.128362519985684156e+08
3.021613370493130279e-01 -3.060069237814265490e+08 4.157687614355336428e+08
3.038238465732852611e-01 -3.354497573579200506e+08 4.186336164898897409e+08
3.054863561041573639e-01 -3.602214866717447042e+08 4.213407163731280565e+08
3.071488656418173702e-01 -3.804020402409886122e+08 4.238059568049427867e+08
3.088113751861554790e-01 -3.960914296558784246e+08 4.259523397502802610e+08
3.104738847370644983e-01 -4.074086674660208821e+08 4.277108380626991987e+08
3.121363942944395120e-01 -4.144906291487528086e+08 4.290210538015785813e+08
3.137989038581776025e-01 -4.174908659520224929e+08 4.298317081058954597e+08
3.154614134281782389e-01 -4.165783754088437557e+08 4.301009971019250751e+08
3.171239230043430002e-01 -4.119363363183000684e+08 4.297968435644812584e+08
3.187864325865753523e-01 -4.037608149365665913e+08 4.288970687400740981e+08
3.204489421747808708e-01 -3.922594490499251485e+08 4.273895033623433709e+08
3.221114517688670742e-01 -3.776501165134574175e+08 4.252720516707848907e+08
3.237739613687434237e-01 -3.601595946997557282e+08 4.225527172213830352e+08
3.254364709743211015e-01 -3.400222171700151563e+08 4.192495943532245755e+08
3.270989805855132326e-01 -3.174785336922017336e+08 4.153908241677388549e+08
3.287614902022346075e-01 -2.927739795520077348e+08 4.110145085515194535e+08
3.304239998244018484e-01 -2.661575598758994937e+08 4.061685698892533183e+08
3.320865094519330207e-01 -2.378805544596394002e+08 4.009105374634328485e+08
3.337490190847480775e-01 -2.081952483427126110e+08 3.953072340122309923e+08
3.354115287227684150e-01 -1.773536931022263467e+08 3.894343276079038978e+08
3.370740383659170392e-01 -1.456065035581368506e+08 3.833757053322094083e+08
3.387365480141183438e-01 -1.132016942909635901e+08 3.772226170628246069e+08
3.403990576672984991e-01 -8.038356006634728611e+07 3.710725316149945259e+08
3.420615673253846745e-01 -4.739160394715357572e+07 3.650276458736380935e+08
3.437240769883058711e-01 -1.445951655268082581e+07 3.591929935647095442e+08
3.453865866559921449e-01 1.818579040013948455e+07 3.536741175981580019e+08
3.470490963283750507e-01 5.032509347669769824e+07 3.485743018053716421e+08
3.487116060053874755e-01 8.174770735605779290e+07 3.439914060919433832e+08
3.503741156869634166e-01 1.122522729844083190e+08 3.400144117991124392e+08
3.520366253730383144e-01 1.416474822557781637e+08 3.367198545766392946e+08
3.536991350635486642e-01 1.697527377541232109e+08 3.341683877233619094e+08
3.553616447584322380e-01 1.963987464317376614e+08 3.324017629215987921e+08
3.570241544576279180e-01 2.214280464043970108e+08 3.314405207034025192e+08
3.586866641610758633e-01 2.446954663891038597e+08 3.312826391158131361e+08
3.603491738687170098e-01 2.660685175944155455e+08 3.319032970034931302e+08
3.620116835804937372e-01 2.854277181985192895e+08 3.332557832625067830e+08
3.636741932963493684e-01 3.026668508295276165e+08 3.352734511113626361e+08
3.653367030162280593e-01 3.176931537517755032e+08 3.378725051933115125e+08
3.669992127400752979e-01 3.304274467296871543e+08 3.409553406073895693e+08
3.686617224678372939e-01 3.408041928012109399e+08 3.444141352030535936e+08
3.703242321994613118e-01 3.487714974366416931e+08 3.481344243097888827e+08
3.719867419348956150e-01 3.542910467865059376e+08 3.519984457530282736e+08
3.736492516740893000e-01 3.573379869451659322e+08 3.558881146521367431e+08
3.753117614169925176e-01 3.579007463511560559e+08 3.596875567552891374e+08
3.769742711635561405e-01 3.559808036298460960e+08 3.632851859673478007e+08
3.786367809137318741e-01 3.515924033627826571e+08 3.665753521501426101e+08
3.802992906674724227e-01 3.447622224047678709e+08 3.694596094968992472e+08
3.819618004247312126e-01 3.355289895230293870e+08 3.718476667277548909e+08
3.836243101854625026e-01 3.239430612381742597e+08 3.736580817984827757e+08
3.852868199496213841e-01 3.100659568595853448e+08 3.748187594280213714e+08
3.869493297171635593e-01 2.939698557900220156e+08 3.752673024139657021e+08
3.886118394880457849e-01 2.757370602434082031e+08 3.749512595116882324e+08
3.902743492622252064e-01 2.554594265776040554e+08 3.738283048604586124e+08
3.919368590396599683e-01 2.332377684809055626e+08 3.718663772862309813e+08
3.935993688203087704e-01 2.091812352690707743e+08 3.690438025638251901e+08
3.952618786041311449e-01 1.834066685683276355e+08 3.653494179666699171e+08
3.969243883910870685e-01 1.560379406386530697e+08 3.607827160493817925e+08
3.985868981811374612e-01 1.272052775851992667e+08 3.553540234639279246e+08
4.002494079742436872e-01 9.704457065930017829e+07 3.490847304558266997e+08
4.019119177703678880e-01 6.569667881529630721e+07 3.420075872717431784e+08
4.035744275694727046e-01 3.330672561495799944e+07 3.341670846026203036e+08
4.052369373715214440e-01 2.339352300909488622e+04 3.256199357962933183e+08
4.068994471764781906e-01 -3.400178147241381556e+07 3.164356778512129784e+08
4.085619569843071952e-01 -6.861511203988191485e+07 3.066974044736400843e+08
4.102244667949735413e-01 -1.036614557407124192e+08 2.965026349406549931e+08
4.118869766084432005e-01 -1.389849026579665840e+08 2.859643027230868340e+08
4.135494864246819224e-01 -1.744294518974399865e+08 2.752118110440267920e+08
4.152119962436567890e-01 -2.098396745317769051e+08 2.643920392738502622e+08
4.168745060653349932e-01 -2.450613607212057114e+08 2.536700825991773307e+08
4.185370158896842829e-01 -2.799421488417875767e+08 2.432293569730783105e+08
4.201995257166728504e-01 -3.143321346237437725e+08 2.332705009870577455e+08
4.218620355462696647e-01 -3.480844584111095071e+08 2.240082826488940418e+08
4.235245453784438063e-01 -3.810558688249390125e+08 2.156655543340619206e+08
4.251870552131651881e-01 -4.131072612331832647e+08 2.084633564791141450e+08
4.268495650504041117e-01 -4.441041895992674828e+08 2.026067793273509443e+08
4.285120748901312115e-01 -4.739173504007060528e+08 1.982673301911382973e+08
4.301745847323175664e-01 -5.024230374905030131e+08 1.955642042509015501e+08
4.318370945769347546e-01 -5.295035668747891784e+08 1.945483792648551464e+08
4.334996044239549096e-01 -5.550476705713971853e+08 1.951938199120622873e+08
4.351621142733504422e-01 -5.789508588090442419e+08 1.973985746380747557e+08
4.368246241250944295e-01 -6.011157500094643831e+08 2.009955940140829980e+08
4.384871339791597822e-01 -6.214523680834443569e+08 2.057701973206050992e+08
4.401496438355204099e-01 -6.398784067549945116e+08 2.114797435129956305e+08
4.418121536941504446e-01 -6.563194606979001760e+08 2.178715833656499088e+08
4.434746635550242400e-01 -6.707092234537097216e+08 2.246970124064814746e+08
4.451371734181167605e-01 -6.829896521533328295e+08 2.317206492568973005e+08
4.467996832834031928e-01 -6.931110992435244322e+08 2.387257969425643682e+08
4.484621931508591675e-01 -7.010324114609645605e+08 2.455168134496393800e+08
4.501247030204606481e-01 -7.067209964654041529e+08 2.519195272353629768e+08
4.517872128921838204e-01 -7.101528575712531805e+08 2.577805277716327012e+08
4.534497227660054253e-01 -7.113125971820572615e+08 2.629659099255770147e+08
4.551122326419027031e-01 -7.101933895319331884e+08 2.673598341974427104e+08
4.567747425198525613e-01 -7.067969235168673992e+08 2.708631070932864547e+08
4.584372523998329063e-01 -7.011333163567835093e+08 2.733918817146055102e+08
4.600997622818217003e-01 -6.932209990260905027e+08 2.748765161529155970e+08
4.617622721657972384e-01 -6.830865743094006777e+08 2.752605917877413034e+08
4.634247820517383154e-01 -6.707646485503538847e+08 2.745000763559079170e+08
4.650872919396236149e-01 -6.562976380411331654e+08 2.725626087909498215e+08
4.667498018294323758e-01 -6.397355512388538122e+08 2.694268816878364682e+08
4.684123117211442255e-01 -6.211357478104583025e+08 2.650820978893314898e+08
4.700748216147389580e-01 -6.005626758032132387e+08 2.595274809377378523e+08
4.717373315101965336e-01 -5.780875879689757824e+08 2.527718213628149927e+08
4.733998414074974126e-01 -5.537882386394288540e+08 2.448330446450557113e+08
4.750623513066224435e-01 -5.277485621737331748e+08 2.357377884183639288e+08
4.767248612075521974e-01 -5.000583344827718735e+08 2.255209801061477363e+08
4.783873711102680226e-01 -4.708128185967445374e+08 2.142254068986920118e+08
4.800498810147514894e-01 -4.401123959165870547e+08 2.019012734776472151e+08
4.817123909209840571e-01 -4.080621839847294688e+08 1.886057424460010827e+08
4.833749008289477955e-01 -3.747716426251366138e+08 1.744024562799189389e+08
4.850374107386249412e-01 -3.403541690264419913e+08 1.593610377631471157e+08
4.866999206499977859e-01 -3.049266839858962297e+08 1.435565710402513146e+08
4.883624305630492324e-01 -2.686092093531268239e+08 1.270690616466847509e+08
4.900249404777619611e-01 -2.315244396634126306e+08 1.099828830154041946e+08
4.916874503941192631e-01 -1.937973067527639568e+08 9.238621192760205269e+07
4.933499603121045407e-01 -1.555545423565997183e+08 7.437048505518668890e+07
4.950124702317013070e-01 -1.169242336975301057e+08 5.602994898776020855e+07
4.966749801528934083e-01 -7.803538484637935460e+07 3.746177226419251412e+07
4.983374900756649684e-01 -3.901745064564179629e+07 1.877039083962286264e+07
