# r [arcsec]	I [Jy/sr]	I_uncer [Jy/sr]
6.363089296570477752e-04 3.182021845477259827e+10 4.361788677083997726e+09
1.460594504553221207e-03 3.184206342875910950e+10 4.356592985764823914e+09
2.289747931273577747e-03 3.188131664441600418e+10 4.347766886007099152e+09
3.120001213348957275e-03 3.193790540483786392e+10 4.335155752674475670e+09
3.950671696531938247e-03 3.201171335845133591e+10 4.318753734892741203e+09
4.781544064345027122e-03 3.210258757010379410e+10 4.298588868621346474e+09
5.612529256868527966e-03 3.221033945264297867e+10 4.274704925303345203e+09
6.443583836942541436e-03 3.233474524094029617e+10 4.247157058700870037e+09
7.274684112979669035e-03 3.247554644359774780e+10 4.216010307823568344e+09
8.105816070530480824e-03 3.263245033828990555e+10 4.181338900193177700e+09
8.936970891552186921e-03 3.280513052460787201e+10 4.143225829681799889e+09
9.768142751265479137e-03 3.299322753740818405e+10 4.101762540414205551e+09
1.059932764788983593e-02 3.319634952088423157e+10 4.057048653381793022e+09
1.143052274143219194e-02 3.341407296245268250e+10 4.009191709471660614e+09
1.226172596072272296e-02 3.364594348525428009e+10 3.958306917561925888e+09
1.309293575980602017e-02 3.389147669772705078e+10 3.904516903000464916e+09
1.392415096141995726e-02 3.415015909864985657e+10 3.847951454986417770e+09
1.475537065328974204e-02 3.442144903579140472e+10 3.788747273010989189e+09
1.558659411755609209e-02 3.470477771632961273e+10 3.727047713376733303e+09
1.641782078161301006e-02 3.499955026697282410e+10 3.663002537308518887e+09
1.724905018314342245e-02 3.530514684170620728e+10 3.596767662404480934e+09
1.808028194478922962e-02 3.562092377491915894e+10 3.528504919315999985e+09
1.891151575549497241e-02 3.594621477766477203e+10 3.458381815541844845e+09
1.974275135656026331e-02 3.628033217461982727e+10 3.386571308162672043e+09
2.057398853107056044e-02 3.662256817934098816e+10 3.313251587159160614e+09
2.140522709578873001e-02 3.697219620525868225e+10 3.238605870692653179e+09
2.223646689486404385e-02 3.732847220982749176e+10 3.162822213308914185e+09
2.306770779490044387e-02 3.769063606918755341e+10 3.086093327445534229e+09
2.389894968105341425e-02 3.805791298062217712e+10 3.008616417841445446e+09
2.473019245391361309e-02 3.842951489006183624e+10 2.930593027376558304e+09
2.556143602699818829e-02 3.880464194184347534e+10 2.852228891480710030e+09
2.639268032471599537e-02 3.918248394787966919e+10 2.773733796431152344e+09
2.722392528070540635e-02 3.956222187339599609e+10 2.695321434529749870e+09
2.805517083646746207e-02 3.994302933632262421e+10 2.617209246207845688e+09
2.888641694023495049e-02 4.032407411746730042e+10 2.539618235444827080e+09
2.971766354603123245e-02 4.070451967852613068e+10 2.462772740405372143e+09
3.054891061288266332e-02 4.108352668502441406e+10 2.386900135857122898e+09
3.138015810415608481e-02 4.146025453126932526e+10 2.312230437694853306e+09
3.221140598699899493e-02 4.183386286438365936e+10 2.238995772919961929e+09
3.304265423186406037e-02 4.220351310453929138e+10 2.167429670956725121e+09
3.387390281210371501e-02 4.256836995848624420e+10 2.097766124804148436e+09
3.470515170362292040e-02 4.292760292353540802e+10 2.030238364100536823e+09
3.553640088458075857e-02 4.328038777915799713e+10 1.965077278064662218e+09
3.636765033513281870e-02 4.362590806339672089e+10 1.902509426309541225e+09
3.719890003720817406e-02 4.396335653136972809e+10 1.842754582037099123e+09
3.803014997431564126e-02 4.429193659312014771e+10 1.786022767760259628e+09
3.886140013137480420e-02 4.461086372819725037e+10 1.732510771088129520e+09
3.969265049456836142e-02 4.491936687434504700e+10 1.682398169154061317e+09
4.052390105121252833e-02 4.521668978778248596e+10 1.635842945265804052e+09
4.135515178964325328e-02 4.550209237260762787e+10 1.592976847899070024e+09
4.218640269911563129e-02 4.577485197691530609e+10 1.553900714158658266e+09
4.301765376971519728e-02 4.603426465334844971e+10 1.518680047216110229e+09
4.384890499227923899e-02 4.627964638179376221e+10 1.487341186619570494e+09
4.468015635832678356e-02 4.651033425212156677e+10 1.459868427388681650e+09
4.551140785999642502e-02 4.672568760487299347e+10 1.436202416635155916e+09
4.634265948999075763e-02 4.692508912793340302e+10 1.416240080002979279e+09
4.717391124152665871e-02 4.710794590731966400e+10 1.399836209370515347e+09
4.800516310829078953e-02 4.727369043030145264e+10 1.386806693545675516e+09
4.883641508439961337e-02 4.742178153918115997e+10 1.376933218720745564e+09
4.966766716436343126e-02 4.755170533416429901e+10 1.369969131277508497e+09
5.049891934305397734e-02 4.766297602385432434e+10 1.365646063943022013e+09
5.133017161567514364e-02 4.775513672202396393e+10 1.363680889402616262e+09
5.216142397773653600e-02 4.782776018940960693e+10 1.363782583473256826e+09
5.299267642502947240e-02 4.788044951942035675e+10 1.365658642536760330e+09
5.382392895360527119e-02 4.791283876670895386e+10 1.369020790438417435e+09
5.465518155975541970e-02 4.792459351776296234e+10 1.373589810359065533e+09
5.548643423999363722e-02 4.791541140266616058e+10 1.379099431823917150e+09
5.631768699103947839e-02 4.788502254743122864e+10 1.385299281623920918e+09
5.714893980980331745e-02 4.783318996630754852e+10 1.391956965034611225e+09
5.798019269337271325e-02 4.775970989367103577e+10 1.398859379975211382e+09
5.881144563899989158e-02 4.766441205516063690e+10 1.405813384344638824e+09
5.964269864409022653e-02 4.754715987789450073e+10 1.412645939905014753e+09
6.047395170619173504e-02 4.740785063967449188e+10 1.419203849250235319e+09
6.130520482298545959e-02 4.724641555724514008e+10 1.425353189614436865e+09
6.213645799227648231e-02 4.706281981373450470e+10 1.430978531712972164e+09
6.296771121198579957e-02 4.685706252559968567e+10 1.435982015730565548e+09
6.379896448014277244e-02 4.662917664942152405e+10 1.440282341408083677e+09
6.463021779487809759e-02 4.637922882908844757e+10 1.443813715733598471e+09
6.546147115441745823e-02 4.610731918395732880e+10 1.446524790333632469e+09
6.629272455707548029e-02 4.581358103873737335e+10 1.448377611319797039e+09
6.712397800125032010e-02 4.549818059589749908e+10 1.449346596916100264e+09
6.795523148541847414e-02 4.516131655155922699e+10 1.449417552438552141e+09
6.878648500813008826e-02 4.480321965589923859e+10 1.448586727845483303e+09
6.961773856800457239e-02 4.442415221918412018e+10 1.446859919870352745e+09
7.044899216372645101e-02 4.402440756468891907e+10 1.444251618444772005e+09
7.128024579404164396e-02 4.360430942980846405e+10 1.440784195524951935e+09
7.211149945775388592e-02 4.316421131677685547e+10 1.436487133377244473e+09
7.294275315372143742e-02 4.270449579450090027e+10 1.431396288731516600e+09
7.377400688085403169e-02 4.222557375308238983e+10 1.425553188872461557e+09
7.460526063810991870e-02 4.172788361270166016e+10 1.419004355628244877e+09
7.543651442449338107e-02 4.121189048858962250e+10 1.411800653286254644e+09
7.626776823905201397e-02 4.067808531389625549e+10 1.403996656665971994e+09
7.709902208087453246e-02 4.012698392235366821e+10 1.395650035899254084e+09
7.793027594908850941e-02 3.955912609265396881e+10 1.386820954871951342e+09
7.876152984285837710e-02 3.897507455653563690e+10 1.377571480778992176e+09
7.959278376138342881e-02 3.837541397267330170e+10 1.367965002816447496e+09
8.042403770389609796e-02 3.776074986842918396e+10 1.358065658680727720e+09
8.125529166966018180e-02 3.713170755165309143e+10 1.347937768266463280e+09
8.208654565796937030e-02 3.648893099471363831e+10 1.337645274736837626e+09
8.291779966814560865e-02 3.583308169299044037e+10 1.327251193978865862e+09
8.374905369953779266e-02 3.516483750010575867e+10 1.316817074337242603e+09
8.458030775152040881e-02 3.448489144217441559e+10 1.306402469411423206e+09
8.541156182349229908e-02 3.379395051339718246e+10 1.296064427588587523e+09
8.624281591487543974e-02 3.309273445534104156e+10 1.285857002818676710e+09
8.707407002511395600e-02 3.238197452224426651e+10 1.275830791884737730e+09
8.790532415367294239e-02 3.166241223471538925e+10 1.266032504029637337e+09
8.873657830003753300e-02 3.093479812419267654e+10 1.256504569227192402e+09
8.956783246371201324e-02 3.019989047053688812e+10 1.247284791579485416e+09
9.039908664421886231e-02 2.945845403509712982e+10 1.238406054247807264e+09
9.123034084109798991e-02 2.871125879164275742e+10 1.229896081957003355e+09
9.206159505390590359e-02 2.795907865746439362e+10 1.221777266429435015e+09
9.289284928221501481e-02 2.720269022699613190e+10 1.214066559125833511e+09
9.372410352561286184e-02 2.644287151024673462e+10 1.206775434407279491e+09
9.455535778370152689e-02 2.568040067832366562e+10 1.199909924746308327e+09
9.538661205609692828e-02 2.491605481829251099e+10 1.193470727960992336e+09
9.621786634242827929e-02 2.415060869958293152e+10 1.187453384712569952e+09
9.704912064233747748e-02 2.338483355411811447e+10 1.181848522775551558e+09
9.788037495547861899e-02 2.261949587229618835e+10 1.176642162959051132e+09
9.871162928151741567e-02 2.185535621690313721e+10 1.171816080104016066e+09
9.954288362013076485e-02 2.109316805700334549e+10 1.167348211383325815e+09
1.003741379710062498e-01 2.033367662377366257e+10 1.163213103239453077e+09
1.012053923338417649e-01 1.957761779021371078e+10 1.159382387738665819e+09
1.020366467083449608e-01 1.882571697659500885e+10 1.155825278914593697e+09
1.028679010942330080e-01 1.807868808343926620e+10 1.152509079799036741e+09
1.036991554912321256e-01 1.733723245377038574e+10 1.149399691262349606e+09
1.045304098990772618e-01 1.660203786628454781e+10 1.146462114465207577e+09
1.053616643175117190e-01 1.587377756105265999e+10 1.143660939595779657e+09
1.061929187462867935e-01 1.515310929923922539e+10 1.140960814570754290e+09
1.070241731851615669e-01 1.444067445830291367e+10 1.138326888457620621e+09
1.078554276339024620e-01 1.373709716401061440e+10 1.135725225468161345e+09
1.086866820922832155e-01 1.304298346056002808e+10 1.133123186430340767e+09
1.095179365600842530e-01 1.235892051998340988e+10 1.130489775634979248e+09
1.103491910370927309e-01 1.168547589195057106e+10 1.127795951834126949e+09
1.111804455231020783e-01 1.102319679498003006e+10 1.125014902935018539e+09
1.120117000179119693e-01 1.037260944999120140e+10 1.122122284562195778e+09
1.128429545213278512e-01 9.734218457030157089e+09 1.119096423163032293e+09
1.136742090331609861e-01 9.108506215927106857e+09 1.115918484700980186e+09
1.145054635532280624e-01 8.495932391527395248e+09 1.112572610232985258e+09
1.153367180813510140e-01 7.896933424073207855e+09 1.109046019812183857e+09
1.161679726173568961e-01 7.311922085192246437e+09 1.105329086206569672e+09
1.169992271610777734e-01 6.741287079887738228e+09 1.101415379897864580e+09
1.178304817123502768e-01 6.185392694795153618e+09 1.097301686733734369e+09
1.186617362710157414e-01 5.644578492911502838e+09 1.092987999467020988e+09
1.194929908369198740e-01 5.119159054888569832e+09 1.088477484243803024e+09
1.203242454099127112e-01 4.609423766899101257e+09 1.083776422905092239e+09
1.211554999898482587e-01 4.115636654987957954e+09 1.078894131768200159e+09
1.219867545765846301e-01 3.638036265735133648e+09 1.073842857352953434e+09
1.228180091699837412e-01 3.176835592967036247e+09 1.068637649334809065e+09
1.236492637699112274e-01 2.732222050154545784e+09 1.063296210854482055e+09
1.244805183762362627e-01 2.304357488069750786e+09 1.057838726191735148e+09
1.253117729888315601e-01 1.893378257164743185e+09 1.052287665746850848e+09
1.261430276075731771e-01 1.499395314068155050e+09 1.046667568263755322e+09
1.269742822323404186e-01 1.122494371511592627e+09 1.041004800292728543e+09
1.278055368630156563e-01 7.627360909114190340e+08 1.035327293034586549e+09
1.286367914994843709e-01 4.201563167583822012e+08 1.029664256940292120e+09
1.294680461416350126e-01 9.476635190063858032e+07 1.024045874766020060e+09
1.302993007893587796e-01 -2.134467272851098776e+08 1.018502974207421184e+09
1.311305554425497288e-01 -5.045197168892749548e+08 1.013066681751491427e+09
1.319618101011045541e-01 -7.785128937643144131e+08 1.007768059988244653e+09
1.327930647649225027e-01 -1.035509587319293141e+09 1.002637731298115134e+09
1.336243194339053475e-01 -1.275615716060625315e+09 9.977054915521910191e+08
1.344555741079573041e-01 -1.498959290196175098e+09 9.929999182068611383e+08
1.352868287869849195e-01 -1.705689881674201488e+09 9.885479778969236612e+08
1.361180834708970722e-01 -1.895978063066366911e+09 9.843746392968406677e+08
1.369493381596048054e-01 -2.070014816767309189e+09 9.805024975739810467e+08
1.377805928530212720e-01 -2.228010916024533749e+09 9.769514171599054337e+08
1.386118475510618453e-01 -2.370196279337329865e+09 9.737381997636526823e+08
1.394431022536437303e-01 -2.496819299824870586e+09 9.708762845126394033e+08
1.402743569606862972e-01 -2.608146151180113316e+09 9.683754868025604486e+08
1.411056116721106646e-01 -2.704460071853166103e+09 9.662417818556482792e+08
1.419368663878398107e-01 -2.786060629157632351e+09 9.644771381389082670e+08
1.427681211077986290e-01 -2.853262964974074364e+09 9.630794046954787970e+08
1.435993758319135671e-01 -2.906397024791651249e+09 9.620422551544219255e+08
1.444306305601129325e-01 -2.945806771796181202e+09 9.613551897479139566e+08
1.452618852923266146e-01 -2.971849387764394283e+09 9.610035951684789658e+08
1.460931400284860016e-01 -2.984894462496325970e+09 9.609688606128923893e+08
1.469243947685242302e-01 -2.985323173546863556e+09 9.612285469549365044e+08
1.477556495123758251e-01 -2.973527457996822834e+09 9.617566047546060085e+08
1.485869042599766987e-01 -2.949909178018676281e+09 9.625236357773530483e+08
1.494181590112643176e-01 -2.914879281958601952e+09 9.634971919300251007e+08
1.502494137661775642e-01 -2.868856962669501781e+09 9.646421050190013647e+08
1.510806685246565140e-01 -2.812268814798099995e+09 9.659208405262494087e+08
1.519119232866426306e-01 -2.745547992715531826e+09 9.672938686353908777e+08
1.527431780520786819e-01 -2.669133370751878738e+09 9.687200460292581320e+08
1.535744328209086851e-01 -2.583468707381581306e+09 9.701570024464509487e+08
1.544056875930777395e-01 -2.489001814961685658e+09 9.715615266127183437e+08
1.552369423685322491e-01 -2.386183736603982925e+09 9.728899468793888092e+08
1.560681971472197560e-01 -2.275467931715524673e+09 9.740985026828120947e+08
1.568994519290888012e-01 -2.157309471719136238e+09 9.751437037244027853e+08
1.577307067140891195e-01 -2.032164247397706747e+09 9.759826745437427759e+08
1.585619615021715001e-01 -1.900488189292383671e+09 9.765734828723477125e+08
1.593932162932876762e-01 -1.762736502511794806e+09 9.768754508145716190e+08
1.602244710873904354e-01 -1.619362917270510435e+09 9.768494484682587385e+08
1.610557258844335371e-01 -1.470818956425671816e+09 9.764581700899096727e+08
1.618869806843717118e-01 -1.317553221217252016e+09 9.756663933078520298e+08
1.627182354871605507e-01 -1.160010696366982222e+09 9.744412222054668665e+08
1.635494902927566163e-01 -9.986320756292306185e+08 9.727523153386261463e+08
1.643807451011173038e-01 -8.338531088310416937e+08 9.705720999260531664e+08
1.652119999122009242e-01 -6.661039713663727045e+08 9.678759735594856739e+08
1.660432547259665104e-01 -4.958086570597262383e+08 9.646424948479933739e+08
1.668745095423740388e-01 -3.233843952371567488e+08 9.608535644172989130e+08
1.677057643613842075e-01 -1.492410927810114920e+08 9.564945976676987410e+08
1.685370191829585196e-01 2.621919811751095206e+07 9.515546906301918030e+08
1.693682740070591719e-01 2.026027858762149513e+08 9.460267801686609983e+08
1.701995288336492496e-01 3.795248185241035223e+08 9.399077996463130713e+08
1.710307836626923372e-01 5.566097353029252291e+08 9.331988310115180016e+08
1.718620384941529355e-01 7.334916904154211283e+08 9.259052540439419746e+08
1.726932933279960725e-01 9.098149485754837990e+08 9.180368932383651733e+08
1.735245481641875254e-01 1.085234252049929619e+09 9.096081624690765142e+08
1.743558030026937378e-01 1.259415158982742786e+09 9.006382071523605585e+08
1.751870578434817083e-01 1.432034352833953142e+09 8.911510430960599184e+08
1.760183126865191572e-01 1.602779922860908747e+09 8.811756905493445396e+08
1.768495675317743321e-01 1.771351615609577656e+09 8.707463011283588409e+08
1.776808223792161190e-01 1.937461057482487440e+09 8.599022742422292233e+08
1.785120772288139590e-01 2.100831948481814861e+09 8.486883583555732965e+08
1.793433320805379316e-01 2.261200227325604439e+09 8.371547308489562273e+08
1.801745869343585049e-01 2.418314208168532372e+09 8.253570483634185791e+08
1.810058417902468686e-01 2.571934689250441551e+09 8.133564573076827526e+08
1.818370966481746842e-01 2.721835033820963383e+09 8.012195517020127773e+08
1.826683515081140297e-01 2.867801223794145584e+09 7.890182627690761089e+08
1.834996063700376490e-01 3.009631886593394279e+09 7.768296618013182878e+08
1.843308612339186470e-01 3.147138295750219822e+09 7.647356550334364176e+08
1.851621160997306559e-01 3.280144345831268311e+09 7.528225468792335987e+08
1.859933709674478075e-01 3.408486502360451698e+09 7.411804463942333460e+08
1.868246258370446500e-01 3.532013727407824993e+09 7.299024918485366106e+08
1.876558807084962588e-01 3.650587381611391544e+09 7.190838705347896814e+08
1.884871355817780703e-01 3.764081103390282154e+09 7.088206162488070726e+08
1.893183904568659370e-01 3.872380666206049919e+09 6.992081759530211687e+08
1.901496453337362114e-01 3.975383814703152657e+09 6.903397505407794714e+08
1.909809002123656063e-01 4.073000080667301178e+09 6.823044322997235060e+08
1.918121550927312513e-01 4.165150579698551178e+09 6.751851829845279455e+08
1.926434099748106921e-01 4.251767789598925114e+09 6.690567195635048151e+08
1.934746648585817796e-01 4.332795311437447548e+09 6.639833971072512865e+08
1.943059197440228925e-01 4.408187614333705902e+09 6.600171963113874197e+08
1.951371746311126032e-01 4.477909764974486351e+09 6.571959331338235140e+08
1.959684295198299842e-01 4.541937142948060989e+09 6.555418065604772568e+08
1.967996844101543852e-01 4.600255142933171272e+09 6.550603859312615395e+08
1.976309393020655725e-01 4.652858864870862961e+09 6.557401117344127893e+08
1.984621941955435342e-01 4.699752793161211967e+09 6.575523463443932533e+08
1.992934490905687306e-01 4.740950466042562485e+09 6.604519685562276840e+08
2.001247039871218436e-01 4.776474136195414543e+09 6.643784642382583618e+08
2.009559588851839440e-01 4.806354423740883827e+09 6.692574305730016232e+08
2.017872137847363523e-01 4.830629962663125038e+09 6.750023877846807241e+08
2.026184686857607220e-01 4.849347041826134682e+09 6.815167817347666025e+08
2.034497235882390953e-01 4.862559241599666595e+09 6.886960632045620680e+08
2.042809784921535976e-01 4.870327067235472679e+09 6.964297423640005589e+08
2.051122333974867706e-01 4.872717579997419357e+09 7.046033366789729595e+08
2.059434883042216002e-01 4.869804027147561073e+09 7.131001531706523895e+08
2.067747432123409612e-01 4.861665471750395775e+09 7.218028686497178078e+08
2.076059981218283945e-01 4.848386423376404762e+09 7.305948914778317213e+08
2.084372530326674966e-01 4.830056470590808868e+09 7.393615046772524118e+08
2.092685079448421415e-01 4.806769916288593292e+09 7.479908018618834019e+08
2.100997628583364252e-01 4.778625416685784340e+09 7.563744352333948612e+08
2.109310177731348324e-01 4.745725624973542213e+09 7.644081988332204819e+08
2.117622726892219032e-01 4.708176840380875587e+09 7.719924717368912697e+08
2.125935276065825941e-01 4.666088663591686249e+09 7.790325450881381035e+08
2.134247825252020558e-01 4.619573659177032471e+09 7.854388551657916307e+08
2.142560374450656058e-01 4.568747025921762466e+09 7.911271419099903107e+08
2.150872923661587832e-01 4.513726275625617981e+09 7.960185496814025640e+08
2.159185472884673773e-01 4.454630921179244041e+09 8.000396839689027071e+08
2.167498022119774548e-01 4.391582174403547287e+09 8.031226353339747190e+08
2.175810571366752211e-01 4.324702654377488136e+09 8.052049792725754976e+08
2.184123120625472148e-01 4.254116106637250900e+09 8.062297588915784359e+08
2.192435669895798911e-01 4.179947133907062531e+09 8.061454553131617308e+08
2.200748219177602050e-01 4.102320938616767883e+09 8.049059496142287254e+08
2.209060768470752223e-01 4.021363077813733578e+09 8.024704786664428711e+08
2.217373317775121200e-01 3.937199230585190773e+09 7.988035866974104643e+08
2.225685867090583803e-01 3.849954978549554825e+09 7.938750733440803289e+08
2.233998416417015964e-01 3.759755599390860081e+09 7.876599388431218863e+08
2.242310965754295837e-01 3.666725873940422058e+09 7.801383261981110573e+08
2.250623515102303240e-01 3.570989906641204357e+09 7.712954603438048363e+08
2.258936064460919102e-01 3.472670959855881214e+09 7.611215836453124285e+08
2.267248613830027126e-01 3.371891301690352917e+09 7.496118874836014509e+08
2.275561163209513516e-01 3.268772067778153419e+09 7.367664390219047070e+08
2.283873712599262806e-01 3.163433136519012451e+09 7.225901028620979786e+08
2.292186261999164532e-01 3.055993018219131470e+09 7.070924565889860392e+08
2.300498811409108502e-01 2.946568757423598766e+09 6.902877000088396072e+08
2.308811360828986192e-01 2.835275848936342239e+09 6.721945570599100590e+08
2.317123910258691577e-01 2.722228166570891857e+09 6.528361703924698830e+08
2.325436459698118075e-01 2.607537905225707531e+09 6.322399875989314318e+08
2.333749009147161879e-01 2.491315535038149357e+09 6.104376393628278971e+08
2.342061558605721128e-01 2.373669768371171474e+09 5.874648084941574335e+08
2.350374108073694790e-01 2.254707538029406548e+09 5.633610904744340181e+08
2.358686657550982668e-01 2.134533987722926140e+09 5.381698444227991104e+08
2.366999207037487063e-01 2.013252472693386793e+09 5.119380355742826462e+08
2.375311756533112217e-01 1.890964571964622974e+09 4.847160680536767244e+08
2.383624306037760987e-01 1.767770109433874846e+09 4.565576097022793293e+08
2.391936855551340113e-01 1.643767186009510994e+09 4.275194075200722218e+08
2.400249405073757447e-01 1.519052218931867599e+09 3.976610965638216734e+08
2.408561954604920285e-01 1.393719991760913134e+09 3.670450006032558680e+08
2.416874504144738978e-01 1.267863709378234148e+09 3.357359295231177211e+08
2.425187053693124706e-01 1.141575063799058437e+09 3.038009720167746544e+08
2.433499603249988930e-01 1.014944301855985641e+09 2.713092942607180476e+08
2.441812152815246162e-01 8.880603051986365318e+08 2.383319478346461058e+08
2.450124702388809805e-01 7.610106667200976610e+08 2.049417212155253589e+08
2.458437251970596316e-01 6.338817847206062078e+08 1.712130842078763545e+08
2.466749801560522704e-01 5.067589408747239113e+08 1.372224441232136786e+08
2.475062351158506535e-01 3.797264168516369462e+08 1.030494175489667654e+08
2.483374900764467041e-01 2.528675468900966942e+08 6.878287214414663613e+07
2.491687450378324842e-01 1.262650123919288516e+08 3.456306332124100626e+07
