# r [arcsec]	I [Jy/sr]	I_uncer [Jy/sr]
1.272617859314095550e-03 2.395557187753255310e+11 1.099386810657509804e+10
2.921189009106442414e-03 2.389629700722951965e+11 1.094463489483926010e+10
4.579495862547155495e-03 2.378994574727364502e+11 1.085649511315106392e+10
6.240002426697914550e-03 2.363698747453832092e+11 1.073014584001286316e+10
7.901343393063876494e-03 2.343812753390797424e+11 1.056661880346138573e+10
9.563088128690054243e-03 2.319428429832710266e+11 1.036725536763044357e+10
1.122505851373705593e-02 2.290658180044344482e+11 1.013369634082498360e+10
1.288716767388508287e-02 2.257634254299332886e+11 9.867871935447788239e+09
1.454936822595933807e-02 2.220507935225492249e+11 9.571991118062534332e+09
1.621163214106096165e-02 2.179448614953069153e+11 9.248530712278711319e+09
1.787394178310437384e-02 2.134642766482025146e+11 8.900224891656219482e+09
1.953628550253095827e-02 2.086292815317109070e+11 8.530055885528208733e+09
2.119865529577967186e-02 2.034615918858004150e+11 8.141246910851412773e+09
2.286104548286438387e-02 1.979842661890405884e+11 7.737258553105662346e+09
2.452345192144544592e-02 1.922215677167215271e+11 7.321790038897664070e+09
2.618587151961204035e-02 1.861988200592650146e+11 6.898787031081765175e+09
2.784830192283991451e-02 1.799422570955021057e+11 6.472457631885957718e+09
2.951074130657948408e-02 1.734788684504705200e+11 6.047297979845083237e+09
3.117318823511218417e-02 1.668362414942704468e+11 5.628127727556100845e+09
3.283564156322602012e-02 1.600424009573952942e+11 5.220132955735732079e+09
3.449810036628684490e-02 1.531256472487068176e+11 4.828908287274416924e+09
3.616056388957845924e-02 1.461143945647973022e+11 4.460479016719437599e+09
3.782303151098994481e-02 1.390370098740153503e+11 4.121265824318504333e+09
3.948550271312052662e-02 1.319216538449540710e+11 3.817929563019922256e+09
4.114797706214112089e-02 1.247961247678503876e+11 3.557011259906724453e+09
4.281045419157746001e-02 1.176877064884072266e+11 3.344290803767176151e+09
4.447293378972808769e-02 1.106230213371984100e+11 3.183871957165567398e+09
4.613541558980088775e-02 1.036278889944591064e+11 3.077182884560201645e+09
4.779789936210682849e-02 9.672719218004107666e+10 3.022276069680609226e+09
4.946038490782722619e-02 8.994475000205931091e+10 3.013818761207425117e+09
5.112287205399637657e-02 8.330319973577215576e+10 3.043869455616275787e+09
5.278536064943199074e-02 7.682388773698333740e+10 3.103131107586603165e+09
5.444785056141081270e-02 7.052677012241752625e+10 3.182196796834749699e+09
5.611034167293492414e-02 6.443032377348670959e+10 3.272447466601810455e+09
5.777283388046990098e-02 5.855146814051878357e+10 3.366521215371265411e+09
5.943532709206246489e-02 5.290549824222550201e+10 3.458446591984275341e+09
6.109782122576532665e-02 4.750602917084049988e+10 3.543577373552257061e+09
6.276031620831216962e-02 4.236495232749088287e+10 3.618439083497374058e+09
6.442281197399798987e-02 3.749240352568570709e+10 3.680554013403484344e+09
6.608530846372812073e-02 3.289674301404485321e+10 3.728277305852839947e+09
6.774780562420743002e-02 2.858454738313462448e+10 3.760656078683425426e+09
6.941030340724584080e-02 2.456061323626255035e+10 3.777313214877045631e+09
7.107280176916151715e-02 2.082797242093220901e+10 3.778353100115442753e+09
7.273530067026563739e-02 1.738791853695358276e+10 3.764285287098955631e+09
7.439780007441634813e-02 1.424004435964132118e+10 3.735962092065268040e+09
7.606029994863128252e-02 1.138228974256235504e+10 3.694526615111551285e+09
7.772280026274960840e-02 8.810999494543479919e+09 3.641368222943997860e+09
7.938530098913672284e-02 6.520990660567922592e+09 3.578082979872474670e+09
8.104780210242505667e-02 4.505628576208816528e+09 3.506436814085042953e+09
8.271030357928650656e-02 2.756911010845432758e+09 3.428329371398112774e+09
8.437280539823126257e-02 1.265559666321545839e+09 3.345756582358487129e+09
8.603530753943039455e-02 2.111825537677289546e+07 3.260770027023743629e+09
8.769780998455847798e-02 -9.879436517706440687e+08 3.175431337751808167e+09
8.936031271665356712e-02 -1.774121853599628448e+09 3.091760283119858742e+09
9.102281571999285004e-02 -2.350764679657940388e+09 3.011675993240332603e+09
9.268531897998151525e-02 -2.731956968245696068e+09 2.936932152075215816e+09
9.434782248305331742e-02 -2.932401747324222088e+09 2.869048902898036003e+09
9.601032621658157906e-02 -2.967300508505385399e+09 2.809246455651270390e+09
9.767283016879922675e-02 -2.852232959156352043e+09 2.758387406133751392e+09
9.933533432872686253e-02 -2.603037126203105450e+09 2.716935793915233135e+09
1.009978386861079547e-01 -2.235690667315323353e+09 2.684940192317276478e+09
1.026603432313502873e-01 -1.766194221045618773e+09 2.662045345220810413e+09
1.043228479554730720e-01 -1.210457597476963043e+09 2.647532517346803188e+09
1.059853528500589448e-01 -5.841895752881798744e+08 2.640384003105633259e+09
1.076478579072105424e-01 9.720796971545001864e+07 2.639363574776152611e+09
1.093103631195108394e-01 8.187409252403407097e+08 2.643103051497969627e+09
1.109728684799872744e-01 1.565918163065018415e+09 2.650185807948101997e+09
1.126353739820789568e-01 2.324840544278969288e+09 2.659220310471207142e+09
1.142978796196066349e-01 3.082283191453619003e+09 2.668899702826371193e+09
1.159603853867454265e-01 3.825770570400275707e+09 2.678046195304429054e+09
1.176228912779997832e-01 4.543643987023390770e+09 2.685641030194810390e+09
1.192853972881804531e-01 5.225121169483993530e+09 2.690841972096881390e+09
1.209479034123834701e-01 5.860347671993125916e+09 2.692990725767497540e+09
1.226104096459709192e-01 6.440439903403777122e+09 2.691612642845711231e+09
1.242729159845529646e-01 6.957519650962163925e+09 2.686410763718464375e+09
1.259354224239715991e-01 7.404740036465644836e+09 2.677255819751787663e+09
1.275979289602855449e-01 7.776302908191367149e+09 2.664173398986170769e+09
1.292604355897561952e-01 8.067467736844433784e+09 2.647329109486361504e+09
1.309229423088349165e-01 8.274552146818962097e+09 2.627012279569511890e+09
1.325854491141509606e-01 8.394924274975089073e+09 2.603618516031060696e+09
1.342479560025006402e-01 8.426987207315475464e+09 2.577631295429985046e+09
1.359104629708369483e-01 8.370155799124576569e+09 2.549602683372356892e+09
1.375729700162601765e-01 8.224826235828328133e+09 2.520133257696831703e+09
1.392354771360091448e-01 7.992338739800269127e+09 2.489851349846165657e+09
1.408979843274529020e-01 7.674933872199621201e+09 2.459391810443284035e+09
1.425604915880832879e-01 7.275702918468897820e+09 2.429374642706931591e+09
1.442229989155077718e-01 6.798532881093779564e+09 2.400384016553467274e+09
1.458855063074428748e-01 6.248046633442313194e+09 2.372948353595359325e+09
1.475480137617080634e-01 5.629538813863464355e+09 2.347522325635909557e+09
1.492105212762198374e-01 4.948908059549996376e+09 2.324471697502264023e+09
1.508730288489867621e-01 4.212586194988297939e+09 2.304061931422303200e+09
1.525355364781040279e-01 3.427465000041896343e+09 2.286451329358539581e+09
1.541980441617490649e-01 2.600821187917894840e+09 2.271689219279156685e+09
1.558605518981770188e-01 1.740240223449070930e+09 2.259719318144468784e+09
1.575230596857167542e-01 8.535396074713331461e+08 2.250387981753718376e+09
1.591855675227668576e-01 -5.130775637151915580e+07 2.243456648368088245e+09
1.608480754077921959e-01 -9.662495100612256527e+08 2.238617465512109280e+09
1.625105833393203636e-01 -1.883228520916910648e+09 2.235510904622376919e+09
1.641730913159387406e-01 -2.794255731167019367e+09 2.233744133128041744e+09
1.658355993362912173e-01 -3.691480642346014500e+09 2.232909014222085953e+09
1.674981073990755853e-01 -4.567258929504456520e+09 2.232598804410581112e+09
1.691606155030408176e-01 -5.414216713502156258e+09 2.232422871209402561e+09
1.708231236469845982e-01 -6.225311055912335396e+09 2.232019013697709560e+09
1.724856318297508795e-01 -6.993886279947462082e+09 2.231063203161811829e+09
1.741481400502279120e-01 -7.713725761948354721e+09 2.229276749856343269e+09
1.758106483073458848e-01 -8.379098881032440186e+09 2.226431038032099724e+09
1.774731566000750660e-01 -8.984802859049364090e+09 2.222350057512910843e+09
1.791356649274240265e-01 -9.526199268724143982e+09 2.216911004643309593e+09
1.807981732884377246e-01 -9.999245034336341858e+09 2.210043238923554420e+09
1.824606816821959798e-01 -1.040051779619149208e+10 2.201725874428630352e+09
1.841231901078118072e-01 -1.072723555702929497e+10 2.191984265967298985e+09
1.857856985644300296e-01 -1.097727057510118866e+10 2.180885625465604782e+09
1.874482070512257237e-01 -1.114915751452576637e+10 2.168533978972301960e+09
1.891107155674030538e-01 -1.124209590838944817e+10 2.155064651636125088e+09
1.907732241121938566e-01 -1.125594703355276108e+10 2.140638448581384420e+09
1.924357326848565586e-01 -1.119122533797334099e+10 2.125435684001625538e+09
1.940982412846749550e-01 -1.104908460123446655e+10 2.109650198758591413e+09
1.957607499109572380e-01 -1.083129904665043640e+10 2.093483497316750526e+09
1.974232585630348313e-01 -1.054023965853122520e+10 2.077139126790800095e+09
1.990857672402615297e-01 -1.017884599071826553e+10 2.060817412813195944e+09
2.007482759420124996e-01 -9.750593782165016174e+09 2.044710657438671350e+09
2.024107846676835298e-01 -9.259458721946535110e+09 2.028998892152492762e+09
2.040732934166899215e-01 -8.709876729498041153e+09 2.013846263299720287e+09
2.057358021884660160e-01 -8.106701136021231651e+09 1.999398107495068550e+09
2.073983109824642512e-01 -7.455157169707592964e+09 1.985778750977139473e+09
2.090608197981545235e-01 -6.760794160725720406e+09 1.973090040314489841e+09
2.107233286350234380e-01 -6.029435891713829994e+09 1.961410583850072384e+09
2.123858374925735870e-01 -5.267129525824787140e+09 1.950795655762772083e+09
2.140483463703231337e-01 -4.480093547231451035e+09 1.941277689857364655e+09
2.157108552678049240e-01 -3.674665148411180019e+09 1.932867270333271980e+09
2.173733641845664311e-01 -2.857247494628216743e+09 1.925554513545939684e+09
2.190358731201685061e-01 -2.034257288853121996e+09 1.919310729347923040e+09
2.206983820741854618e-01 -1.212073050066328049e+09 1.914090253189700842e+09
2.223608910462041566e-01 -3.969845046112828851e+08 1.909832350264345646e+09
2.240234000358239386e-01 4.048565258629646897e+08 1.906463109279295206e+09
2.256859090426557024e-01 1.187483375089260817e+09 1.903897264007290602e+09
2.273484180663219723e-01 1.945159577939455748e+09 1.902039903531480789e+09
2.290109271064561247e-01 2.672421391170013905e+09 1.900788054767730236e+09
2.306734361627020280e-01 3.364117494547836304e+09 1.900032141544842958e+09
2.323359452347137921e-01 4.015445605052659035e+09 1.899657341628728151e+09
2.339984543221555469e-01 4.621985765655587196e+09 1.899544875549666166e+09
2.356609634247005536e-01 5.179730100320706367e+09 1.899573268414442062e+09
2.373234725420314828e-01 5.685108858040349960e+09 1.899619628028242826e+09
2.389859816738397480e-01 6.135012600671420097e+09 1.899560980017958164e+09
2.406484908198254224e-01 6.526810421830222130e+09 1.899275693979738712e+09
2.423109999796965175e-01 6.858364116878018379e+09 1.898645024862430096e+09
2.439735091531692601e-01 7.128038256787918091e+09 1.897554781856021881e+09
2.456360183399674824e-01 7.334706151263502121e+09 1.895897123986173868e+09
2.472985275398224547e-01 7.477751718545321465e+09 1.893572468249369383e+09
2.489610367524725254e-01 7.557067310729648590e+09 1.890491483244294167e+09
2.506235459776631203e-01 7.573047573873686790e+09 1.886577129351994276e+09
2.522860552151463542e-01 7.526579451472474098e+09 1.881766695975856304e+09
2.539485644646808371e-01 7.419028467862216949e+09 1.876013777347141266e+09
2.556110737260313126e-01 7.252221454564787865e+09 1.869290120976255417e+09
2.572735829989687417e-01 7.028425907318435669e+09 1.861587276982762814e+09
2.589360922832700251e-01 6.750326184462813377e+09 1.852917972226499796e+09
2.605986015787175591e-01 6.420996778245474815e+09 1.843317130390221834e+09
2.622611108850994577e-01 6.043872909431970596e+09 1.832842458105595589e+09
2.639236202022091082e-01 5.622718712191618919e+09 1.821574518168130398e+09
2.655861295298450053e-01 5.161593290536528587e+09 1.809616214438600779e+09
2.672486388678106950e-01 4.664814939533393860e+09 1.797091619999288321e+09
2.689111482159146083e-01 4.136923834042263508e+09 1.784144091594004154e+09
2.705736575739698391e-01 3.582643494845582962e+09 1.770933630576143980e+09
2.722361669417941443e-01 3.006841346680320263e+09 1.757633474760101557e+09
2.738986763192096108e-01 2.414488684923043728e+09 1.744425937643060684e+09
2.755611857060425440e-01 1.810620367483831882e+09 1.731497551863697767e+09
2.772236951021236906e-01 1.200294545916543722e+09 1.719033621647760630e+09
2.788862045072874607e-01 5.885527449020732641e+08 1.707212342249422312e+09
2.805487139213725944e-01 -1.961940783492888510e+07 1.696198698963444710e+09
2.822112233442213292e-01 -6.193305083426417112e+08 1.686138408456244946e+09
2.838737327756796214e-01 -1.205820478424720287e+09 1.677152203811347246e+09
2.855362422155972579e-01 -1.774496174421850920e+09 1.669330784391282558e+09
2.871987516638271343e-01 -2.320965249400303841e+09 1.662730745959847927e+09
2.888612611202258651e-01 -2.841068032015062332e+09 1.657371771688881636e+09
2.905237705846532292e-01 -3.330907203454445839e+09 1.653235300891687393e+09
2.921862800569720031e-01 -3.786875073394652367e+09 1.650264804374555111e+09
2.938487895370484604e-01 -4.205678276588438511e+09 1.648367692215610743e+09
2.955112990247516502e-01 -4.584359733441545486e+09 1.647418773376344442e+09
2.971738085199533974e-01 -4.920317740518931389e+09 1.647265089153565645e+09
2.988363180225286353e-01 -5.211322080173484802e+09 1.647731864646524906e+09
3.004988275323551283e-01 -5.455527062261198997e+09 1.648629270947659492e+09
3.021613370493130279e-01 -5.651481435005518913e+09 1.649759667876470566e+09
3.038238465732852611e-01 -5.798135126296005249e+09 1.650925000593385935e+09
3.054863561041573639e-01 -5.894842800943737984e+09 1.651934047829360962e+09
3.071488656418173702e-01 -5.941364243423498154e+09 1.652609257532874346e+09
3.088113751861554790e-01 -5.937861599303716660e+09 1.652792950034822226e+09
3.104738847370644983e-01 -5.884893531690904617e+09 1.652352713058674574e+09
3.121363942944395120e-01 -5.783406371470653534e+09 1.651185852484567642e+09
3.137989038581776025e-01 -5.634722361762789726e+09 1.649222795244470358e+09
3.154614134281782389e-01 -5.440525117637231827e+09 1.646429365512630224e+09
3.171239230043430002e-01 -5.202842441705805779e+09 1.642807873552601337e+09
3.187864325865753523e-01 -4.924026654511801720e+09 1.638396970501041412e+09
3.204489421747808708e-01 -4.606732615609928131e+09 1.633270235223859310e+09
3.221114517688670742e-01 -4.253893626765746117e+09 1.627533474874221325e+09
3.237739613687434237e-01 -3.868695422682284832e+09 1.621320742815588713e+09
3.254364709743211015e-01 -3.454548467024451256e+09 1.614789109645335913e+09
3.270989805855132326e-01 -3.015058782189774036e+09 1.608112267937298059e+09
3.287614902022346075e-01 -2.553997550180741310e+09 1.601473109970363140e+09
3.304239998244018484e-01 -2.075269729068585634e+09 1.595055488852087736e+09
3.320865094519330207e-01 -1.582881934809384584e+09 1.589035452500599623e+09
3.337490190847480775e-01 -1.080909841622474194e+09 1.583572318960611820e+09
3.354115287227684150e-01 -5.734653556882007122e+08 1.578800029398341894e+09
3.370740383659170392e-01 -6.466381664391486347e+07 1.574819259033142805e+09
3.387365480141183438e-01 4.414085208108502030e+08 1.571690773965700626e+09
3.403990576672984991e-01 9.407264768422805071e+08 1.569430484756115198e+09
3.420615673253846745e-01 1.429357165361999273e+09 1.568006563381323338e+09
3.437240769883058711e-01 1.903490206761496782e+09 1.567338864762890577e+09
3.453865866559921449e-01 2.359466708589048386e+09 1.567300741122166872e+09
3.470490963283750507e-01 2.793806799036516666e+09 1.567723176294100761e+09
3.487116060053874755e-01 3.203235510420348644e+09 1.568401018626380444e+09
3.503741156869634166e-01 3.584706823582027912e+09 1.569100973119481802e+09
3.520366253730383144e-01 3.935425699232818604e+09 1.569570937460535526e+09
3.536991350635486642e-01 4.252867938570941448e+09 1.569550235862800598e+09
3.553616447584322380e-01 4.534797732939864159e+09 1.568780314686142921e+09
3.570241544576279180e-01 4.779282780703180313e+09 1.567015504595525265e+09
3.586866641610758633e-01 4.984706868799119949e+09 1.564033512626575470e+09
3.603491738687170098e-01 5.149779836424020767e+09 1.559645370932073832e+09
3.620116835804937372e-01 5.273544858876222610e+09 1.553704625929636717e+09
3.636741932963493684e-01 5.355383010593734741e+09 1.546115593529137135e+09
3.653367030162280593e-01 5.395015087715490341e+09 1.536840527356621265e+09
3.669992127400752979e-01 5.392500691899149895e+09 1.525905544198173761e+09
3.686617224678372939e-01 5.348234598529234886e+09 1.513405123191021204e+09
3.703242321994613118e-01 5.262940453645407677e+09 1.499504943599627018e+09
3.719867419348956150e-01 5.137661864785472870e+09 1.484442754171506405e+09
3.736492516740893000e-01 4.973750971306427002e+09 1.468526883203079939e+09
3.753117614169925176e-01 4.772854599462892532e+09 1.452131917301866293e+09
3.769742711635561405e-01 4.536898126435465813e+09 1.435691022475248814e+09
3.786367809137318741e-01 4.268067195485135078e+09 1.419684388666391611e+09
3.802992906674724227e-01 3.968787441269351959e+09 1.404623392901151180e+09
3.819618004247312126e-01 3.641702400045464516e+09 1.391030343507992983e+09
3.836243101854625026e-01 3.289649793770003319e+09 1.379414120565493107e+09
3.852868199496213841e-01 2.915636389964560509e+09 1.370242658304460287e+09
3.869493297171635593e-01 2.522811650467815399e+09 1.363913949965477943e+09
3.886118394880457849e-01 2.114440391790400267e+09 1.360727942509373903e+09
3.902743492622252064e-01 1.693874687594719410e+09 1.360862118568327904e+09
3.919368590396599683e-01 1.264525249820876122e+09 1.364353534838899851e+09
3.935993688203087704e-01 8.298325290331997871e+08 1.371089497796893835e+09
3.952618786041311449e-01 3.932377767127437592e+08 1.380807979210791826e+09
3.969243883910870685e-01 -4.184568765828159451e+07 1.393107550548348665e+09
3.985868981811374612e-01 -4.720607637130472064e+08 1.407465383219118118e+09
4.002494079742436872e-01 -8.941341743883495331e+08 1.423261015992109060e+09
4.019119177703678880e-01 -1.304903155890968323e+09 1.439803278238938332e+09
4.035744275694727046e-01 -1.701341009968827009e+09 1.456357945453922987e+09
4.052369373715214440e-01 -2.080581304718936443e+09 1.472174230790619612e+09
4.068994471764781906e-01 -2.439940521740406513e+09 1.486508880552972078e+09
4.085619569843071952e-01 -2.776938960750483036e+09 1.498647273536881924e+09
4.102244667949735413e-01 -3.089319727802226067e+09 1.507921423912375212e+09
4.118869766084432005e-01 -3.375065649753654480e+09 1.513725123371134758e+09
4.135494864246819224e-01 -3.632413975660839081e+09 1.515526645984539509e+09
4.152119962436567890e-01 -3.859868744975244522e+09 1.512879516368360519e+09
4.168745060653349932e-01 -4.056210722857895851e+09 1.505431849730448961e+09
4.185370158896842829e-01 -4.220504824231129646e+09 1.492934745867980719e+09
4.201995257166728504e-01 -4.352104970346933365e+09 1.475250182308500528e+09
4.218620355462696647e-01 -4.450656344335096359e+09 1.452358817820051908e+09
4.235245453784438063e-01 -4.516095035344427109e+09 1.424368089342721462e+09
4.251870552131651881e-01 -4.548645084148937225e+09 1.391520954933235884e+09
4.268495650504041117e-01 -4.548812966425470352e+09 1.354205580053095102e+09
4.285120748901312115e-01 -4.517379572906003952e+09 1.312966140013900757e+09
4.301745847323175664e-01 -4.455389768301405907e+09 1.268514638218800306e+09
4.318370945769347546e-01 -4.364139632763779640e+09 1.221743085905251265e+09
4.334996044239549096e-01 -4.245161510866178513e+09 1.173734354338966370e+09
4.351621142733504422e-01 -4.100207013021831512e+09 1.125768238581562281e+09
4.368246241250944295e-01 -3.931228133152984619e+09 1.079316551735037088e+09
4.384871339791597822e-01 -3.740356663672875404e+09 1.036017537030741096e+09
4.401496438355204099e-01 -3.529882104676736355e+09 9.976166487294961214e+08
4.418121536941504446e-01 -3.302228278093883514e+09 9.658606807635946274e+08
4.434746635550242400e-01 -3.059928869689815998e+09 9.423399523325757980e+08
4.451371734181167605e-01 -2.805602131691494465e+09 9.282924187525931597e+08
4.467996832834031928e-01 -2.541924986733757973e+09 9.244103305820424557e+08
4.484621931508591675e-01 -2.271606779285887241e+09 9.307083956536545753e+08
4.501247030204606481e-01 -1.997362924089844942e+09 9.465024274158743620e+08
4.517872128921838204e-01 -1.721888701886089087e+09 9.705068649646159410e+08
4.534497227660054253e-01 -1.447833451341299534e+09 1.001013205388475180e+09
4.551122326419027031e-01 -1.177775402017752886e+09 1.036089837424345374e+09
4.567747425198525613e-01 -9.141973871382391453e+08 1.073754436947250843e+09
4.584372523998329063e-01 -6.594636660849224329e+08 1.112096484144018173e+09
4.600997622818217003e-01 -4.157980759582561851e+08 1.149350291785460472e+09
4.617622721657972384e-01 -1.852637182454770803e+08 1.183930294090159178e+09
4.634247820517383154e-01 3.025562810757007822e+07 1.214442227299912691e+09
4.650872919396236149e-01 2.290721932101511359e+08 1.239681118475942612e+09
4.667498018294323758e-01 4.097088466329279542e+08 1.258623287601383686e+09
4.684123117211442255e-01 5.709115367066068649e+08 1.270416486560601711e+09
4.700748216147389580e-01 7.116594248254268169e+08 1.274370215580741644e+09
4.717373315101965336e-01 8.311726242426058054e+08 1.269947018556004047e+09
4.733998414074974126e-01 9.289174758569651842e+08 1.256754896121052265e+09
4.750623513066224435e-01 1.004609318697591424e+09 1.234540661574610233e+09
4.767248612075521974e-01 1.058212736712051034e+09 1.203183946050167322e+09
4.783873711102680226e-01 1.089939289626607180e+09 1.162691540366453648e+09
4.800498810147514894e-01 1.100242759287894249e+09 1.113191789851160288e+09
4.817123909209840571e-01 1.089811969190682173e+09 1.054928805197092175e+09
4.833749008289477955e-01 1.059561256985038638e+09 9.882563048187556267e+08
4.850374107386249412e-01 1.010618705570732474e+09 9.136309533387895823e+08
4.866999206499977859e-01 9.443122573508417606e+08 8.316051071148470640e+08
4.883624305630492324e-01 8.621538614649554491e+08 7.428189166538606882e+08
4.900249404777619611e-01 7.658218174103008509e+08 6.479917725189492702e+08
4.916874503941192631e-01 6.571415044961835146e+08 5.479131098218842745e+08
4.933499603121045407e-01 5.380646901649856567e+08 4.434326175662628412e+08
4.950124702317013070e-01 4.106476437841050029e+08 3.354499247114107609e+08
4.966749801528934083e-01 2.770282586405061483e+08 2.249039236891848445e+08
4.983374900756649684e-01 1.394024842575550377e+08 1.127624902226623446e+08
