# r [arcsec]	I [Jy/sr]	I_uncer [Jy/sr]
3.817853577942286001e-03 1.255695340929959412e+11 2.006287835304891825e+09
8.763567027319327241e-03 1.252382835028084412e+11 1.988078994373461723e+09
1.373848758764146562e-02 1.246452318356247864e+11 1.955614190566151142e+09
1.872000728009374365e-02 1.237951703127636261e+11 1.909385251757831335e+09
2.370403017919163122e-02 1.226951178146264648e+11 1.850104803215937614e+09
2.868926438607016446e-02 1.213541337363271179e+11 1.778692591064789772e+09
3.367517554121116780e-02 1.197832014506290283e+11 1.696265924188443899e+09
3.866150302165524688e-02 1.179950974749546509e+11 1.604130415471830845e+09
4.364810467787801074e-02 1.160042414593796539e+11 1.503772191970596552e+09
4.863489642318288148e-02 1.138265279926192474e+11 1.396853732882403612e+09
5.362182534931311806e-02 1.114791422560780640e+11 1.285216515031335592e+09
5.860885650759287135e-02 1.089803619270657959e+11 1.170895027951708794e+09
6.359596588733901212e-02 1.063493479477320251e+11 1.056148437142319918e+09
6.858313644859315161e-02 1.036059269242329407e+11 9.435175124369456768e+08
7.357035576433633428e-02 1.007703680199674072e+11 8.359124669450699091e+08
7.855761455883611410e-02 9.786315726193951416e+10 7.367229177510451078e+08
8.354490576851973660e-02 9.490477219160458374e+10 6.498917729034885168e+08
8.853222391973845917e-02 9.191545976172511292e+10 5.797767781078044176e+08
9.351956470533653865e-02 8.891502030979144287e+10 5.304666606154348254e+08
9.850692468967806037e-02 8.592260032787528992e+10 5.043348500515036583e+08
1.034943010988605139e-01 8.295649660048187256e+10 5.004798107022421360e+08
1.084816916687353777e-01 8.003397409851078796e+10 5.145561703088984489e+08
1.134690945329698275e-01 7.717109980195457458e+10 5.404100796123520136e+08
1.184565081393615799e-01 7.438259437989778137e+10 5.720521494839905500e+08
1.234439311864233557e-01 7.168170338771743774e+10 6.047073927125082016e+08
1.284313625747323662e-01 6.908008935226646423e+10 6.349758525663434267e+08
1.334188013691842700e-01 6.658774581086637115e+10 6.606092426326940060e+08
1.384062467694026355e-01 6.421293405372464752e+10 6.802297920439494848e+08
1.433936980863204647e-01 6.196214299684378815e+10 6.931021814110153913e+08
1.483811547234816508e-01 5.984007228834625244e+10 6.989712024696686268e+08
1.533686161619891020e-01 5.784963843032446289e+10 6.979506309765731096e+08
1.583560819482959792e-01 5.599200338538643646e+10 6.904470144766112566e+08
1.633435516842324520e-01 5.426662483669617462e+10 6.771061020171363354e+08
1.683310250188047585e-01 5.267132698652878571e+10 6.587735244119315147e+08
1.733185016414096891e-01 5.120239051536420441e+10 6.364638094124217033e+08
1.783059812761873808e-01 4.985466008461210632e+10 6.113328520257781744e+08
1.832934636772959591e-01 4.862166755458195496e+10 5.846487279937623739e+08
1.882809486249364950e-01 4.749576890776017761e+10 5.577545104842810631e+08
1.932684359219939418e-01 4.646829271808188629e+10 5.320152266452385187e+08
1.982559253911843622e-01 4.552969789132112885e+10 5.087409784642570019e+08
2.032434168726222901e-01 4.466973832102137756e+10 4.890825693330485225e+08
2.082309102217375085e-01 4.387763205911274719e+10 4.739077164052872658e+08
2.132184053074845376e-01 4.314223259052088928e+10 4.636837677460502982e+08
2.182059020107968983e-01 4.245219982603066254e+10 4.584065304144527316e+08
2.231934002232490444e-01 4.179616848651236725e+10 4.576090630744948983e+08
2.281808998458938198e-01 4.116291164255585480e+10 4.604549471829532981e+08
2.331684007882487975e-01 4.054149729483003998e+10 4.658854927590602636e+08
2.381559029674101546e-01 3.992143602938505554e+10 4.727744514412409663e+08
2.431434063072751561e-01 3.929281795605406189e+10 4.800538086252496243e+08
2.481309107378594780e-01 3.864643733378359222e+10 4.867962115314999819e+08
2.531184161946937738e-01 3.797390350083111572e+10 4.922574000519734025e+08
2.581059226182911837e-01 3.726773695669372559e+10 4.958897638305400014e+08
2.630934299536754062e-01 3.652144968254680634e+10 4.973383504897588491e+08
2.680809381499607014e-01 3.572960903420652771e+10 4.964276863074448109e+08
2.730684471599785779e-01 3.488788479215280151e+10 4.931444977564026713e+08
2.780559569399445041e-01 3.399307920327312469e+10 4.876189167018570900e+08
2.830434674491599245e-01 3.304314009499135208e+10 4.801051083501198292e+08
2.880309786497447511e-01 3.203715738068656158e+10 4.709612501089113355e+08
2.930184905063976664e-01 3.097534350255830765e+10 4.606281792003677487e+08
2.980060029861805737e-01 2.985899857116196442e+10 4.496056932571372986e+08
3.029935160583238640e-01 2.869046115697440720e+10 4.384254400073592663e+08
3.079810296940508341e-01 2.747304586607228470e+10 4.276196958627771139e+08
3.129685438664192021e-01 2.621096898720750809e+10 4.176862855237074494e+08
3.179560585501768344e-01 2.490926362952777100e+10 4.090515084373752475e+08
3.229435737216315716e-01 2.357368587760040283e+10 4.020349523812810779e+08
3.279310893585324904e-01 2.221061357234668732e+10 3.968217354841623902e+08
3.329186054399617678e-01 2.082693938248316574e+10 3.934479553453444242e+08
3.379061219462368704e-01 1.942995986104315948e+10 3.918031964966517091e+08
3.428936388588199047e-01 1.802726218579477310e+10 3.916501912226181626e+08
3.478811561602362934e-01 1.662661026163978958e+10 3.926576515283317566e+08
3.528686738339993356e-01 1.523583181837916374e+10 3.944396850418244600e+08
3.578561918645413176e-01 1.386270807004487038e+10 3.965949738732268214e+08
3.628437102371503964e-01 1.251486741394388390e+10 3.987406112569369078e+08
3.678312289379127020e-01 1.119968454069951820e+10 4.005379753169652820e+08
3.728187479536588800e-01 9.924186203036296844e+09 4.017101954947062731e+08
3.778062672719147974e-01 8.694964753301614761e+09 4.020521247631421685e+08
3.827937868808565791e-01 7.518100410193259239e+09 4.014342783238215446e+08
3.877813067692685856e-01 6.399093056610660553e+09 3.998021939771085382e+08
3.927688269265047216e-01 5.342804205538952827e+09 3.971723886377642155e+08
3.977563473424529095e-01 4.353409602211115837e+09 3.936257278056394458e+08
4.027438680075018929e-01 3.434362761057459354e+09 3.892987011072602868e+08
4.077313889125108171e-01 2.588369567799391747e+09 3.843728600442290902e+08
4.127189100487804740e-01 1.817373912901060343e+09 3.790625494597176909e+08
4.177064314080274343e-01 1.122554164836556911e+09 3.736010690276994109e+08
4.226939529823587338e-01 5.043301423798082471e+08 3.682255467801617980e+08
4.276814747642498915e-01 -3.761989364994838089e+07 3.631610877235477567e+08
4.326689967465233155e-01 -5.043328353570784330e+08 3.586051336701102853e+08
4.376565189223286523e-01 -8.975256285761915445e+08 3.547133375477183461e+08
4.426440412851241901e-01 -1.219552296742235661e+09 3.515884702120629549e+08
4.476315638286594845e-01 -1.473353987393703699e+09 3.492737906662505865e+08
4.526190865469603142e-01 -1.662403006785818577e+09 3.477518459062699080e+08
4.576066094343120838e-01 -1.790641857216705084e+09 3.469488892787436843e+08
4.625941324852472225e-01 -1.862418323912260771e+09 3.467442232643391490e+08
4.675816556945310287e-01 -1.882417673829186678e+09 3.469830494135423303e+08
4.725691790571502904e-01 -1.855593027977463484e+09 3.474910444290401340e+08
4.775567025683005173e-01 -1.787094952447027445e+09 3.480889264318608642e+08
4.825442262233765600e-01 -1.682201282168335676e+09 3.486056318650708199e+08
4.875317500179611185e-01 -1.546248146572392464e+09 3.488892207386801243e+08
4.925192739478161941e-01 -1.384563109011669159e+09 3.488151074428905249e+08
4.975067980088735964e-01 -1.202401263418509960e+09 3.482915797630885243e+08
5.024943221972267837e-01 -1.004885053712808251e+09 3.472627914494012594e+08
5.074818465091224251e-01 -7.969484955113830566e+08 3.457095119412862659e+08
5.124693709409537945e-01 -5.832863873727556467e+08 3.436479294158603549e+08
5.174568954892526662e-01 -3.683090017884183526e+08 3.411267708947658539e+08
5.224444201506837082e-01 -1.561026460960194170e+08 3.382229595026888251e+08
5.274319449220377098e-01 4.960361794392494112e+07 3.350359990339009762e+08
5.324194698002251425e-01 2.454649083863046169e+08 3.316812766607151628e+08
5.374069947822720517e-01 4.285410231401620507e+08 3.282825151956777573e+08
5.423945198653131738e-01 5.963105141464030743e+08 3.249636872418467999e+08
5.473820450465878285e-01 7.466784359498320818e+08 3.218408135957028270e+08
5.523695703234354770e-01 8.779779551860737801e+08 3.190141823062856793e+08
5.573570956932899501e-01 9.889660871221268177e+08 3.165616054048929811e+08
5.623446211536771155e-01 1.078813897430569649e+09 3.145333359452100396e+08
5.673321467022091058e-01 1.147091571144186020e+09 3.129491676964443922e+08
5.723196723365815419e-01 1.193748805650667667e+09 3.117980295150645971e+08
5.773071980545696480e-01 1.219091030240214348e+09 3.110400975933178663e+08
5.822947238540248094e-01 1.223751990877766371e+09 3.106111424563800693e+08
5.872822497328716862e-01 1.208663265444924355e+09 3.104285735246399045e+08
5.922697756891045495e-01 1.175021291757124662e+09 3.103984950714988112e+08
5.972573017207846169e-01 1.124252498407997370e+09 3.104230618221579790e+08
6.022448278260374988e-01 1.057977127273408175e+09 3.104075027846836448e+08
6.072323540030505340e-01 9.779723267770355940e+08 3.102663277558118105e+08
6.122198802500696813e-01 8.861350773403722048e+08 3.099283970923140049e+08
6.172074065653979646e-01 7.844454854695525169e+08 3.093406861590846777e+08
6.221949329473926982e-01 6.749309514033415318e+08 3.084706916972728968e+08
6.271824593944635984e-01 5.596316779517751932e+08 3.073075036972320676e+08
6.321699859050702308e-01 4.405679459247058034e+08 3.058616092851568460e+08
6.371575124777206778e-01 3.197095352656456828e+08 3.041635161309845448e+08
6.421450391109693179e-01 1.989476215352261961e+08 3.022612948675603271e+08
6.471325658034148276e-01 8.006942561582714319e+07 3.002171547502935529e+08
6.521200925536991821e-01 -3.526415868009790033e+07 2.981031932626770735e+08
6.571076193605055460e-01 -1.455377882169338167e+08 2.959965034021359086e+08
6.620951462225563855e-01 -2.493976280282051563e+08 2.939738811272746921e+08
6.670826731386124697e-01 -3.456639779736136794e+08 2.921064422042565346e+08
6.720702001074717602e-01 -4.333405547365577817e+08 2.904545177171469331e+08
6.770577271279670795e-01 -5.116204639423449636e+08 2.890632311824248433e+08
6.820452541989658890e-01 -5.798889428683001995e+08 2.879591480537121296e+08
6.870327813193682909e-01 -6.377229965348166227e+08 2.871483182083898187e+08
6.920203084881060285e-01 -6.848880884638041258e+08 2.866159053671633601e+08
6.970078357041413764e-01 -7.213320817313820124e+08 2.863274323122102022e+08
7.019953629664664740e-01 -7.471766558676240444e+08 2.862314977716045976e+08
7.069828902741016607e-01 -7.627064504550738335e+08 2.862636737073017359e+08
7.119704176260943651e-01 -7.683562068609004021e+08 2.863511965325934887e+08
7.169579450215193273e-01 -7.646961953381237984e+08 2.864180332871459126e+08
7.219454724594762673e-01 -7.524162257940946817e+08 2.863899283885579705e+08
7.269329999390895525e-01 -7.323085469133579731e+08 2.861991009022346735e+08
7.319205274595077526e-01 -7.052499402164586782e+08 2.857883447241184711e+08
7.369080550199024193e-01 -6.721833131944323778e+08 2.851143655140947700e+08
7.418955826194673087e-01 -6.340990891649508476e+08 2.841502558628259301e+08
7.468831102574174929e-01 -5.920166812059849501e+08 2.828870584445760846e+08
7.518706379329892497e-01 -5.469663237740308046e+08 2.813343962735063434e+08
7.568581656454390627e-01 -4.999715187455171347e+08 2.795201642872544527e+08
7.618456933940425113e-01 -4.520323330043998957e+08 2.774892844151532054e+08
7.668332211780939378e-01 -4.041097627174971104e+08 2.753015353208389878e+08
7.718207489969062252e-01 -3.571113554908291101e+08 2.730284866045044065e+08
7.768082768498100199e-01 -3.118782560757697225e+08 2.707496029251451492e+08
7.817958047361527329e-01 -2.691738146056092381e+08 2.685476410812556744e+08
7.867833326552983175e-01 -2.296738688555207253e+08 2.665035422392352819e+08
7.917708606066273802e-01 -1.939587841559300125e+08 2.646911141264086068e+08
7.967583885895350715e-01 -1.625073066736611426e+08 2.631718868148332834e+08
8.017459166034320850e-01 -1.356922581932479143e+08 2.619905858567540646e+08
8.067334446477437693e-01 -1.137780735975428075e+08 2.611716716660835445e+08
8.117209727219093507e-01 -9.692015627451065183e+07 2.607173260286436677e+08
8.167085008253823775e-01 -8.516600194907201827e+07 2.606071253158493638e+08
8.216960289576287213e-01 -7.845801821602199972e+07 2.607994475188849568e+08
8.266835571181275766e-01 -7.663794555879114568e+07 2.612344562350058258e+08
8.316710853063710163e-01 -7.945276608000166714e+07 2.618383331831028759e+08
8.366586135218624376e-01 -8.656196872006200254e+07 2.625283246748500168e+08
8.416461417641176723e-01 -9.754602453350183368e+07 2.632181386103071868e+08
8.466336700326639875e-01 -1.119159127512522042e+08 2.638232672680598497e+08
8.516211983270388641e-01 -1.291235279491805881e+08 2.642658934995487630e+08
8.566087266467917738e-01 -1.485727907409181893e+08 2.644791364052787721e+08
8.615962549914814028e-01 -1.696312790181225240e+08 2.644104846183132231e+08
8.665837833606774288e-01 -1.916421938909072280e+08 2.640243374350923002e+08
8.715713117539596322e-01 -2.139364740905011892e+08 2.633036217832768261e+08
8.765588401709160093e-01 -2.358448746323010623e+08 2.622504787166100740e+08
8.815463686111453256e-01 -2.567098299247288406e+08 2.608860231315146387e+08
8.865338970742548952e-01 -2.758969281317197680e+08 2.592491829416214526e+08
8.915214255598600257e-01 -2.928058323424630761e+08 2.573946278740779161e+08
8.965089540675857949e-01 -3.068804948052819967e+08 2.553898120390432179e+08
9.014964825970653850e-01 -3.176185230031404495e+08 2.533111861442464888e+08
9.064840111479389728e-01 -3.245795704791761637e+08 2.512396898887492120e+08
9.114715397198557278e-01 -3.273926408848450184e+08 2.492557130996746123e+08
9.164590683124720361e-01 -3.257622105007210374e+08 2.474338084883450270e+08
9.214465969254520550e-01 -3.194730922604324818e+08 2.458375330163894296e+08
9.264341255584663815e-01 -3.083939828510589004e+08 2.445148638617099822e+08
9.314216542111933839e-01 -2.924796535528780818e+08 2.434946509676391482e+08
9.364091828833184250e-01 -2.717717648608177900e+08 2.427845099730485678e+08
9.413967115745327519e-01 -2.463983043788260520e+08 2.423704231532053947e+08
9.463842402845346058e-01 -2.165716667407748103e+08 2.422181213299103975e+08
9.513717690130290006e-01 -1.825854131721661985e+08 2.422761058514464200e+08
9.563592977597260569e-01 -1.448097665182721913e+08 2.424799830182000697e+08
9.613468265243425570e-01 -1.036859149174882323e+08 2.427576606428357661e+08
9.663343553066010561e-01 -5.971921358511267602e+07 2.430349134349388182e+08
9.713218841062303266e-01 -1.347138917703644745e+07 2.432408529301511347e+08
9.763094129229632490e-01 3.444813522982129455e+07 2.433129149524443448e+08
9.812969417565396979e-01 8.339166457218095660e+07 2.432010743804397285e+08
9.862844706067037670e-01 1.326832655009836853e+08 2.428710893070290685e+08
9.912719994732055451e-01 1.816292609276964664e+08 2.423066503941522837e+08
9.962595283557990067e-01 2.295290307116276026e+08 2.415103625968001187e+08
1.001247057254244233e+00 2.756859595905113816e+08 2.405035200281554759e+08
1.006234586168305301e+00 3.194183713940262794e+08 2.393246604588216543e+08
1.011222115097751173e+00 3.600702886973827481e+08 2.380269162351247966e+08
1.016209644042354920e+00 3.970218593561488390e+08 2.366742256193766296e+08
1.021197173001895608e+00 4.296992958109304309e+08 2.353365419863469005e+08
1.026184701976153857e+00 4.575841796029973626e+08 2.340842803924021125e+08
1.031172230964917613e+00 4.802219921294053197e+08 2.329823633522563279e+08
1.036159759967976379e+00 4.972297431830206513e+08 2.320843483810777664e+08
1.041147288985125208e+00 5.083025811597785354e+08 2.314272055769488811e+08
1.046134818016162260e+00 5.132192827931588888e+08 2.310273276019841135e+08
1.051122347060890139e+00 5.118465357592342496e+08 2.308782711008180082e+08
1.056109876119114777e+00 5.041419442538615465e+08 2.309505472546001375e+08
1.061097405190645881e+00 4.901557054917908907e+08 2.311935305571255088e+08
1.066084934275296714e+00 4.700309237745547295e+08 2.315392934539998174e+08
1.071072463372883643e+00 4.440025480635924339e+08 2.319079588289275467e+08
1.076059992483227479e+00 4.123949386578877568e+08 2.322140335253507495e+08
1.081047521606151030e+00 3.756180882954460979e+08 2.323731550147148073e+08
1.086035050741481101e+00 3.341625425572730899e+08 2.323087319752770960e+08
1.091022579889048050e+00 2.885930835422146320e+08 2.319580532026509345e+08
1.096010109048684011e+00 2.395412591502298415e+08 2.312775412600314021e+08
1.100997638220225783e+00 1.876968576939191520e+08 2.302469097099232376e+08
1.105985167403511937e+00 1.337984436900295466e+08 2.288720310238726437e+08
1.110972696598383935e+00 7.862308533536982536e+07 2.271863347633092105e+08
1.115960225804686790e+00 2.297541710097305104e+07 2.252505421265307367e+08
1.120947755022267955e+00 -3.232380809750877693e+07 2.231505235276082754e+08
1.125935284250977553e+00 -8.644951379018199444e+07 2.209930708453532159e+08
1.130922813490668366e+00 -1.385842718806019425e+08 2.188994446576743722e+08
1.135910342741195622e+00 -1.879302773229849041e+08 2.169967305064052939e+08
1.140897872002417213e+00 -2.337211494764209986e+08 2.154073431857728958e+08
1.145885401274193693e+00 -2.752333848237428069e+08 2.142374376648537517e+08
1.150872930556387619e+00 -3.117972890749526620e+08 2.135654337393708527e+08
1.155860459848864208e+00 -3.428072225695990920e+08 2.134321832351155281e+08
1.160847989151490678e+00 -3.677310012954495549e+08 2.138343280179207623e+08
1.165835518464137355e+00 -3.861183066814963818e+08 2.147220137434077263e+08
1.170823047786675675e+00 -3.976079704532208443e+08 2.160013982802588642e+08
1.175810577118979738e+00 -4.019340161296855211e+08 2.175415476079091132e+08
1.180798106460926311e+00 -3.989303559701076746e+08 2.191846265633662641e+08
1.185785635812393490e+00 -3.885340611373300552e+08 2.207579619711209834e+08
1.190773165173261150e+00 -3.707871432667949796e+08 2.220866078308301270e+08
1.195760694543412272e+00 -3.458368072337595820e+08 2.230053588251926899e+08
1.200748223922731173e+00 -3.139341573866823316e+08 2.233695688665629327e+08
1.205735753311103498e+00 -2.754313625403736830e+08 2.230644960888470411e+08
1.210723282708418003e+00 -2.307773082511981130e+08 2.220131409788611233e+08
1.215710812114564332e+00 -1.805117879786236286e+08 2.201826530733139515e+08
1.220698341529434350e+00 -1.252583073296332806e+08 2.175893647741691172e+08
1.225685870952921253e+00 -6.571559730674026161e+07 2.143023821884263754e+08
1.230673400384920457e+00 -2.647953022889692802e+06 2.104454271890810430e+08
1.235660929825329379e+00 6.312546665741966665e+07 2.061962826237959266e+08
1.240648459274045878e+00 1.307422259345252514e+08 2.017827659654136002e+08
1.245635988730970478e+00 1.993089177241985202e+08 1.974737415666127801e+08
1.250623518196004813e+00 2.679140079058407247e+08 1.935635179579606056e+08
1.255611047669052738e+00 3.356410279681829214e+08 1.903484832009950876e+08
1.260598577150018551e+00 4.015819187041106224e+08 1.880964754704010487e+08
1.265586106638808772e+00 4.648503234476308227e+08 1.870122497185051441e+08
1.270573636135331475e+00 5.245946282726168633e+08 1.872055801067681611e+08
1.275561165639495398e+00 5.800105486394439936e+08 1.886700674281545877e+08
1.280548695151212168e+00 6.303530672102788687e+08 1.912787940333228409e+08
1.285536224670393413e+00 6.749475358921661377e+08 1.947978464459497631e+08
1.290523754196952311e+00 7.131997665397237539e+08 1.989131461542373300e+08
1.295511283730804264e+00 7.446049490011471510e+08 2.032630753206560612e+08
1.300498813271864673e+00 7.687552521400480270e+08 2.074699922773731351e+08
1.305486342820051382e+00 7.853459828668248653e+08 2.111664957287228703e+08
1.310473872375283122e+00 7.941801998029274940e+08 2.140152059374724030e+08
1.315461401937479291e+00 7.951717016342780590e+08 2.157227330792502165e+08
1.320448931506561285e+00 7.883463351617442369e+08 2.160492834579685926e+08
1.325436461082451389e+00 7.738415941131193638e+08 2.148154086811081469e+08
1.330423990665072775e+00 7.519045065584886074e+08 2.119071583867892325e+08
1.335411520254350393e+00 7.228878358224987984e+08 2.072806266530574262e+08
1.340399049850209634e+00 6.872446466954976320e+08 2.009667078353911340e+08
1.345386579452577447e+00 6.455213150442636013e+08 1.930768243029665947e+08
1.350374109061381667e+00 5.983490842117604017e+08 1.838104138407691121e+08
1.355361638676551461e+00 5.464342954006915092e+08 1.734649280945857167e+08
1.360349168298016442e+00 4.905474412034245729e+08 1.624486275483877063e+08
1.365336697925707776e+00 4.315112111341955662e+08 1.512946833039371073e+08
1.370324227559557517e+00 3.701877151475557089e+08 1.406702482005643249e+08
1.375311757199498608e+00 3.074650853157280087e+08 1.313639797797022760e+08
1.380299286845465101e+00 2.442436668952261209e+08 1.242214211029538363e+08
1.385286816497391715e+00 1.814220176449784338e+08 1.199963193779656589e+08
1.390274346155214724e+00 1.198829383928491473e+08 1.191328382299923152e+08
1.395261875818870623e+00 6.047975828777946532e+07 1.215874177896161377e+08
1.400249405488297016e+00 4.023094989069191273e+06 1.268255192568828464e+08
1.405236935163432621e+00 -4.873169686493363231e+07 1.339981063187215179e+08
1.410224464844216596e+00 -9.709618597669777274e+07 1.421646303911808133e+08
1.415211994530589656e+00 -1.404594444865806401e+08 1.504472801896930635e+08
1.420199524222492293e+00 -1.782973758666359782e+08 1.580975387036738098e+08
1.425187053919866997e+00 -2.101806387350838780e+08 1.645077862878488302e+08
1.430174583622656481e+00 -2.357810372941699028e+08 1.692005026367528737e+08
1.435162113330804123e+00 -2.548762741087735295e+08 1.718126724077795446e+08
1.440149643044254413e+00 -2.673529875858654678e+08 1.720819688396418393e+08
1.445137172762952060e+00 -2.732080248086936474e+08 1.698360580151922107e+08
1.450124702486843331e+00 -2.725479292804159522e+08 1.649845119703857601e+08
1.455112232215874490e+00 -2.655866528397277594e+08 1.575124117360500991e+08
1.460099761949993358e+00 -2.526415301452942491e+08 1.474748110911704898e+08
1.465087291689147531e+00 -2.341275833028770685e+08 1.349914395182265937e+08
1.470074821433285939e+00 -2.105502514462150037e+08 1.202412234943708181e+08
1.475062351182357734e+00 -1.824966669192162752e+08 1.034563670392643660e+08
1.480049880936313622e+00 -1.506256228151541054e+08 8.491585696804045141e+07
1.485037410695103866e+00 -1.156563999451825172e+08 6.493835107839876413e+07
1.490024940458680058e+00 -7.835663719118814170e+07 4.387448218843033165e+07
1.495012470226994683e+00 -3.952945219198969752e+07 2.209870175956225395e+07
