# r [arcsec]	I [Jy/sr]	I_uncer [Jy/sr]
1.272617859314095550e-03 5.792216878029055023e+10 2.993177742804055691e+09
2.921189009106442414e-03 5.784462286441873932e+10 2.986449715076022625e+09
4.579495862547155495e-03 5.770530954577991486e+10 2.974423215537825108e+09
6.240002426697914550e-03 5.750453603358980560e+10 2.957134187683304787e+09
7.901343393063876494e-03 5.724278561794405365e+10 2.934657422955522537e+09
9.563088128690054243e-03 5.692069176987100220e+10 2.907093635207049847e+09
1.122505851373705593e-02 5.653903380059972382e+10 2.874567307476104259e+09
1.288716767388508287e-02 5.609873391337648773e+10 2.837225811823917389e+09
1.454936822595933807e-02 5.560085410987059021e+10 2.795238724347122192e+09
1.621163214106096165e-02 5.504659272522248077e+10 2.748797156516679764e+09
1.787394178310437384e-02 5.443728055219649506e+10 2.698113066336285114e+09
1.953628550253095827e-02 5.377437655437525940e+10 2.643418546449666500e+09
2.119865529577967186e-02 5.305946317971112061e+10 2.584965097666539192e+09
2.286104548286438387e-02 5.229424129035446167e+10 2.523022901475615501e+09
2.452345192144544592e-02 5.148052472714486694e+10 2.457880108010157108e+09
2.618587151961204035e-02 5.062023452893867493e+10 2.389842157845968723e+09
2.784830192283991451e-02 4.971539282837210846e+10 2.319231157258440971e+09
2.951074130657948408e-02 4.876811644690403748e+10 2.246385327178834438e+09
3.117318823511218417e-02 4.778061021309207916e+10 2.171658545723965168e+09
3.283564156322602012e-02 4.675516002902959442e+10 2.095420002349432230e+09
3.449810036628684490e-02 4.569412571074917603e+10 2.018053977520055532e+09
3.616056388957845924e-02 4.459993362914812469e+10 1.939959754044067860e+09
3.782303151098994481e-02 4.347506917863045502e+10 1.861551653019613981e+09
3.948550271312052662e-02 4.232206910119182587e+10 1.783259166075813532e+09
4.114797706214112089e-02 4.114351369407730865e+10 1.705527122718526125e+09
4.281045419157746001e-02 3.994201892943708038e+10 1.628815782604849100e+09
4.447293378972808769e-02 3.872022851458486938e+10 1.553600672261674166e+09
4.613541558980088775e-02 3.748080592150789642e+10 1.480371889102769852e+09
4.779789936210682849e-02 3.622642641423559570e+10 1.409632470012025595e+09
4.946038490782722619e-02 3.495976910248332977e+10 1.341895271215902567e+09
5.112287205399637657e-02 3.368350904970735168e+10 1.277677648256872177e+09
5.278536064943199074e-02 3.240030946329670715e+10 1.217493100423587322e+09
5.444785056141081270e-02 3.111281399412445068e+10 1.161839026706433535e+09
5.611034167293492414e-02 2.982363917204591370e+10 1.111179939105884552e+09
5.777283388046990098e-02 2.853536700322741699e+10 1.065926018711120129e+09
5.943532709206246489e-02 2.725053775434529114e+10 1.026407864182481050e+09
6.109782122576532665e-02 2.597164294778890228e+10 9.928496162107778788e+08
6.276031620831216962e-02 2.470111859099046707e+10 9.653440505375201702e+08
6.442281197399798987e-02 2.344133866189821625e+10 9.438341689086337090e+08
6.608530846372812073e-02 2.219460887144744110e+10 9.281056601074087620e+08
6.774780562420743002e-02 2.096316072262265396e+10 9.177930183942569494e+08
6.941030340724584080e-02 1.974914588438784790e+10 9.123993860809552670e+08
7.107280176916151715e-02 1.855463089738383484e+10 9.113272467404978275e+08
7.273530067026563739e-02 1.738159222684201050e+10 9.139150295945852995e+08
7.439780007441634813e-02 1.623191167669935417e+10 9.194741596428053379e+08
7.606029994863128252e-02 1.510737217733830261e+10 9.273220295041520596e+08
7.772280026274960840e-02 1.400965395784658813e+10 9.368081414446730614e+08
7.938530098913672284e-02 1.294033111206864548e+10 9.473325144850553274e+08
8.104780210242505667e-02 1.190086856612553978e+10 9.583568541696106195e+08
8.271030357928650656e-02 1.089261945344817352e+10 9.694097693766503334e+08
8.437280539823126257e-02 9.916822901725675583e+09 9.800875728931800127e+08
8.603530753943039455e-02 8.974602234552537918e+09 9.900521063424390554e+08
8.769780998455847798e-02 8.066963588916047096e+09 9.990267659539974928e+08
8.936031271665356712e-02 7.194794948060191154e+09 1.006791600723593712e+09
9.102281571999285004e-02 6.358865587672027588e+09 1.013178078501568079e+09
9.268531897998151525e-02 5.559825931766497612e+09 1.018063895991680741e+09
9.434782248305331742e-02 4.798207813119282722e+09 1.021368048376155734e+09
9.601032621658157906e-02 4.074425131605888844e+09 1.023046264794791460e+09
9.767283016879922675e-02 3.388774902361926079e+09 1.023086845366014957e+09
9.933533432872686253e-02 2.741438684281624794e+09 1.021506892648664236e+09
1.009978386861079547e-01 2.132484378043700933e+09 1.018348906338353992e+09
1.026603432313502873e-01 1.561868381571279526e+09 1.013677697865158200e+09
1.043228479554730720e-01 1.029438089629622221e+09 1.007577576738132477e+09
1.059853528500589448e-01 5.349347231248984933e+08 1.000149759876764178e+09
1.076478579072105424e-01 7.799647261004413664e+07 9.915099568462731838e+08
1.093103631195108394e-01 -3.418380604911366701e+08 9.817860867510299683e+08
1.109728684799872744e-01 -7.251261423211137056e+08 9.711160859734156132e+08
1.126353739820789568e-01 -1.072516922897328973e+09 9.596457697998274565e+08
1.142978796196066349e-01 -1.384747209229064703e+09 9.475267153476518393e+08
1.159603853867454265e-01 -1.662637014828509808e+09 9.349141383571271896e+08
1.176228912779997832e-01 -1.907084905754200220e+09 9.219647427214947939e+08
1.192853972881804531e-01 -2.119063163798162460e+09 9.088345295043649673e+08
1.209479034123834701e-01 -2.299612787790679932e+09 8.956765619608548880e+08
1.226104096459709192e-01 -2.449838354294849873e+09 8.826386949315882921e+08
1.242729159845529646e-01 -2.570902759141562462e+09 8.698612907735762596e+08
1.259354224239715991e-01 -2.664021861367619514e+09 8.574749592140042782e+08
1.275979289602855449e-01 -2.730459051131075382e+09 8.455983740988391638e+08
1.292604355897561952e-01 -2.771519763096156597e+09 8.343362344105986357e+08
1.309229423088349165e-01 -2.788545956631497383e+09 8.237774481492201090e+08
1.325854491141509606e-01 -2.782910583911798477e+09 8.139936235243164301e+08
1.342479560025006402e-01 -2.756012066688475132e+09 8.050379504367707968e+08
1.359104629708369483e-01 -2.709268802095643520e+09 7.969445450938814878e+08
1.375729700162601765e-01 -2.644113717373955727e+09 7.897283116103320122e+08
1.392354771360091448e-01 -2.561988892842472553e+09 7.833853477596211433e+08
1.408979843274529020e-01 -2.464340271833516598e+09 7.778938902200199366e+08
1.425604915880832879e-01 -2.352612475617215633e+09 7.732157613190382719e+08
1.442229989155077718e-01 -2.228243740597489357e+09 7.692982484562616348e+08
1.458855063074428748e-01 -2.092660994266529560e+09 7.660763227910767794e+08
1.475480137617080634e-01 -1.947275085544075727e+09 7.634750880989223719e+08
1.492105212762198374e-01 -1.793476184236528397e+09 7.614123451415249109e+08
1.508730288489867621e-01 -1.632629363405313253e+09 7.598011611084402800e+08
1.525355364781040279e-01 -1.466070377456561804e+09 7.585523460051387548e+08
1.541980441617490649e-01 -1.295101647753995657e+09 7.575767557887184620e+08
1.558605518981770188e-01 -1.120988466516512871e+09 7.567873628049448729e+08
1.575230596857167542e-01 -9.449554287035658360e+08 7.561010551079003811e+08
1.591855675227668576e-01 -7.681831005072643757e+08 7.554401455313631296e+08
1.608480754077921959e-01 -5.918049319861831665e+08 7.547335876160025597e+08
1.625105833393203636e-01 -4.169044202672500610e+08 7.539179080567986965e+08
1.641730913159387406e-01 -2.445125286466017663e+08 7.529378741535061598e+08
1.658355993362912173e-01 -7.560536581416554749e+07 7.517469201638790369e+08
1.674981073990755853e-01 8.889787166669848561e+07 7.503073590418257713e+08
1.691606155030408176e-01 2.481366915783952475e+08 7.485904064442886114e+08
1.708231236469845982e-01 4.013108319919543862e+08 7.465760427561866045e+08
1.724856318297508795e-01 5.476815210086941719e+08 7.442527367768343687e+08
1.741481400502279120e-01 6.865724714069148302e+08 7.416170521076680422e+08
1.758106483073458848e-01 8.173706122961477041e+08 7.386731545297305584e+08
1.774731566000750660e-01 9.395265608645333052e+08 7.354322360347176790e+08
1.791356649274240265e-01 1.052554838229642153e+09 7.319118688449411392e+08
1.807981732884377246e-01 1.156033834319615602e+09 7.281353008467628956e+08
1.824606816821959798e-01 1.249605527564587593e+09 7.241307024339313507e+08
1.841231901078118072e-01 1.332974966006088972e+09 7.199303738381388187e+08
1.857856985644300296e-01 1.405909517206350088e+09 7.155699216103042364e+08
1.874482070512257237e-01 1.468237895073061705e+09 7.110874129841711521e+08
1.891107155674030538e-01 1.519848972397269726e+09 7.065225173436417580e+08
1.907732241121938566e-01 1.560690388535439491e+09 7.019156448532400131e+08
1.924357326848565586e-01 1.590766962251601696e+09 6.973070933899279833e+08
1.940982412846749550e-01 1.610138920262518644e+09 6.927362161040440798e+08
1.957607499109572380e-01 1.618919952511503935e+09 6.882406230833047628e+08
1.974232585630348313e-01 1.617275105614673376e+09 6.838554315263248682e+08
1.990857672402615297e-01 1.605418526301459789e+09 6.796125793767945766e+08
2.007482759420124996e-01 1.583611066978838205e+09 6.755402173594292402e+08
2.024107846676835298e-01 1.552157765818997860e+09 6.716621936579302549e+08
2.040732934166899215e-01 1.511405213974413872e+09 6.679976439990102053e+08
2.057358021884660160e-01 1.461738822681000948e+09 6.645606976249946356e+08
2.073983109824642512e-01 1.403580003113665819e+09 6.613603066126496792e+08
2.090608197981545235e-01 1.337383271910590649e+09 6.584002023531801701e+08
2.107233286350234380e-01 1.263633295282015800e+09 6.556789789568563700e+08
2.123858374925735870e-01 1.182841884573621273e+09 6.531902991386975050e+08
2.140483463703231337e-01 1.095544956056499481e+09 6.509232140618445873e+08
2.157108552678049240e-01 1.002299467574401140e+09 6.488625849405753613e+08
2.173733641845664311e-01 9.036803444928808212e+08 6.469895911669247150e+08
2.190358731201685061e-01 8.002774071608821154e+08 6.452823075094912052e+08
2.206983820741854618e-01 6.926923118329656124e+08 6.437163316248737574e+08
2.223608910462041566e-01 5.815355166768832207e+08 6.422654427431845665e+08
2.240234000358239386e-01 4.674232841602104306e+08 6.409022728663187027e+08
2.256859090426557024e-01 3.509747307143048644e+08 6.395989730283505917e+08
2.273484180663219723e-01 2.328089341675325036e+08 6.383278589368628263e+08
2.290109271064561247e-01 1.135421089926061630e+08 6.370620224590575695e+08
2.306734361627020280e-01 -6.215141060094697401e+06 6.357758977457960844e+08
2.323359452347137921e-01 -1.258604838674577326e+08 6.344457731382378340e+08
2.339984543221555469e-01 -2.448024248257147074e+08 6.330502422348479033e+08
2.356609634247005536e-01 -3.624627697164922357e+08 6.315705895169564486e+08
2.373234725420314828e-01 -4.782789770960331559e+08 6.299911076714272499e+08
2.389859816738397480e-01 -5.917063933353141546e+08 6.282993451878378391e+08
2.406484908198254224e-01 -7.022203640224692822e+08 6.264862839413820505e+08
2.423109999796965175e-01 -8.093182160454229116e+08 6.245464473348146677e+08
2.439735091531692601e-01 -9.125211052793642282e+08 6.224779401975157261e+08
2.456360183399674824e-01 -1.011375725419161320e+09 6.202824220867284536e+08
2.472985275398224547e-01 -1.105455874116207361e+09 6.179650159655191898e+08
2.489610367524725254e-01 -1.194363873203377247e+09 6.155341544970434904e+08
2.506235459776631203e-01 -1.277731840406723499e+09 6.130013664696072340e+08
2.522860552151463542e-01 -1.355222810565370321e+09 6.103810061893600225e+08
2.539485644646808371e-01 -1.426531704993921280e+09 6.076899291137738228e+08
2.556110737260313126e-01 -1.491386148220316648e+09 6.049471175692721605e+08
2.572735829989687417e-01 -1.549547131941333055e+09 6.021732611403489113e+08
2.589360922832700251e-01 -1.600809526610606194e+09 5.993902972324452400e+08
2.605986015787175591e-01 -1.645002441657583714e+09 5.966209183926765919e+08
2.622611108850994577e-01 -1.681989435887025595e+09 5.938880541848416328e+08
2.639236202022091082e-01 -1.711668580154938459e+09 5.912143367025952339e+08
2.655861295298450053e-01 -1.733972374938787222e+09 5.886215600891375542e+08
2.672486388678106950e-01 -1.748867525926526308e+09 5.861301456107175350e+08
2.689111482159146083e-01 -1.756354581227776527e+09 5.837586247923352718e+08
2.705736575739698391e-01 -1.756467434280336380e+09 5.815231537493251562e+08
2.722361669417941443e-01 -1.749272696952624798e+09 5.794370720204880238e+08
2.738986763192096108e-01 -1.734868947765880585e+09 5.775105188390164375e+08
2.755611857060425440e-01 -1.713385860538720608e+09 5.757501188064109087e+08
2.772236951021236906e-01 -1.684983219124911547e+09 5.741587473488686085e+08
2.788862045072874607e-01 -1.649849824240149260e+09 5.727353841744308472e+08
2.805487139213725944e-01 -1.608202298689363003e+09 5.714750603113857508e+08
2.822112233442213292e-01 -1.560283797568584681e+09 5.703689013302296400e+08
2.838737327756796214e-01 -1.506362630275652885e+09 5.694042662188109159e+08
2.855362422155972579e-01 -1.446730801369512796e+09 5.685649782808021307e+08
2.871987516638271343e-01 -1.381702477511085987e+09 5.678316415642585754e+08
2.888612611202258651e-01 -1.311612387872794867e+09 5.671820338555510044e+08
2.905237705846532292e-01 -1.236814165527563572e+09 5.665915653347246647e+08
2.921862800569720031e-01 -1.157678637426814795e+09 5.660337906484386921e+08
2.938487895370484604e-01 -1.074592070638522387e+09 5.654809614393506050e+08
2.955112990247516502e-01 -9.879543825509797335e+08 5.649046062476332188e+08
2.971738085199533974e-01 -8.981773227581895590e+08 5.642761250880819559e+08
2.988363180225286353e-01 -8.056826343070702553e+08 5.635673868054558039e+08
3.004988275323551283e-01 -7.109002019453566074e+08 5.627513183928874731e+08
3.021613370493130279e-01 -6.142661949184652567e+08 5.618024767004196644e+08
3.038238465732852611e-01 -5.162212117583355904e+08 5.606975942354248762e+08
3.054863561041573639e-01 -4.172084343684071302e+08 5.594160919703103304e+08
3.071488656418173702e-01 -3.176717985511583686e+08 5.579405531309990883e+08
3.088113751861554790e-01 -2.180541879312177598e+08 5.562571527867629528e+08
3.104738847370644983e-01 -1.187956580235706270e+08 5.543560386557739973e+08
3.121363942944395120e-01 -2.033169695617011562e+07 5.522316588624159098e+08
3.137989038581776025e-01 7.690847089214478433e+07 5.498830324321150780e+08
3.154614134281782389e-01 1.725035323594744503e+08 5.473139581030354500e+08
3.171239230043430002e-01 2.660416783819464743e+08 5.445331566053022146e+08
3.187864325865753523e-01 3.571221369133144617e+08 5.415543409632291794e+08
3.204489421747808708e-01 4.453566408323699832e+08 5.383962086771320105e+08
3.221114517688670742e-01 5.303708261284562945e+08 5.350823489452826977e+08
3.237739613687434237e-01 6.118055560137364864e+08 5.316410575065020323e+08
3.254364709743211015e-01 6.893181669728250504e+08 5.281050513751014471e+08
3.270989805855132326e-01 7.625836331382863522e+08 5.245110758855105042e+08
3.287614902022346075e-01 8.312956457666326761e+08 5.208993972674624324e+08
3.304239998244018484e-01 8.951676049723207951e+08 5.173131756550445557e+08
3.320865094519330207e-01 9.539335212854607105e+08 5.137977162062397599e+08
3.337490190847480775e-01 1.007348824981698632e+09 5.103996000326577425e+08
3.354115287227684150e-01 1.055191081545889378e+09 5.071657019966120720e+08
3.370740383659170392e-01 1.097260612026670694e+09 5.041421090505345464e+08
3.387365480141183438e-01 1.133381017431722164e+09 5.013729604129951596e+08
3.403990576672984991e-01 1.163399606719053030e+09 4.988992390050634742e+08
3.420615673253846745e-01 1.187187728321172714e+09 4.967575514786943197e+08
3.437240769883058711e-01 1.204641005525221109e+09 4.949789409306724072e+08
3.453865866559921449e-01 1.215679476410647392e+09 4.935877809981536865e+08
3.470490963283750507e-01 1.220247639408268929e+09 4.926008015161273479e+08
3.487116060053874755e-01 1.218314405903049231e+09 4.920262935768961906e+08
3.503741156869634166e-01 1.209872961646359921e+09 4.918635353921644092e+08
3.520366253730383144e-01 1.194940539073069334e+09 4.921024700894795656e+08
3.536991350635486642e-01 1.173558102936468363e+09 4.927236533293260932e+08
3.553616447584322380e-01 1.145789951974234343e+09 4.936984737331959605e+08
3.570241544576279180e-01 1.111723239599993706e+09 4.949896341593560576e+08
3.586866641610758633e-01 1.071467416887756586e+09 4.965518684495086074e+08
3.603491738687170098e-01 1.025153601357809305e+09 4.983328577094700336e+08
3.620116835804937372e-01 9.729338753066000938e+08 5.002743033328356147e+08
3.636741932963493684e-01 9.149805176295239925e+08 5.023131111022182107e+08
3.653367030162280593e-01 8.514851732788571119e+08 5.043826415579553843e+08
3.669992127400752979e-01 7.826579646579533815e+08 5.064139857284002304e+08
3.686617224678372939e-01 7.087265494137983322e+08 5.083372313731287122e+08
3.703242321994613118e-01 6.299351292000460625e+08 5.100826921206648350e+08
3.719867419348956150e-01 5.465434140985566378e+08 5.115820794220684171e+08
3.736492516740893000e-01 4.588255474608361125e+08 5.127696043859788775e+08
3.753117614169925176e-01 3.670689959988551140e+08 5.135830028462688923e+08
3.769742711635561405e-01 2.715734099817407131e+08 5.139644821748422980e+08
3.786367809137318741e-01 1.726494584267012477e+08 5.138615923149105310e+08
3.802992906674724227e-01 7.061764415257205069e+07 5.132280263130707145e+08
3.819618004247312126e-01 -3.419289644685418904e+07 5.120243573973896503e+08
3.836243101854625026e-01 -1.414456041091771424e+08 5.102187205234107375e+08
3.852868199496213841e-01 -2.507977131443063617e+08 5.077874464344968796e+08
3.869493297171635593e-01 -3.619014689582284093e+08 5.047156557518067956e+08
3.886118394880457849e-01 -4.744053420995293260e+08 5.009978194735781550e+08
3.902743492622252064e-01 -5.879552344028069973e+08 4.966382904906078577e+08
3.919368590396599683e-01 -7.021956729214674234e+08 4.916518082143894434e+08
3.935993688203087704e-01 -8.167709875150961876e+08 4.860639749628579617e+08
3.952618786041311449e-01 -9.313264681036015749e+08 4.799116980679749250e+08
3.969243883910870685e-01 -1.045509497797927260e+09 4.732435853714119196e+08
3.985868981811374612e-01 -1.158970658297416687e+09 4.661202734076753259e+08
4.002494079742436872e-01 -1.271364804155763149e+09 4.586146566601005197e+08
4.019119177703678880e-01 -1.382352102728852987e+09 4.508119724422919154e+08
4.035744275694727046e-01 -1.491599036842104912e+09 4.428096791080212593e+08
4.052369373715214440e-01 -1.598779367442230225e+09 4.347170459639054537e+08
4.068994471764781906e-01 -1.703575053745306015e+09 4.266543530458878875e+08
4.085619569843071952e-01 -1.805677128617771864e+09 4.187515810850956440e+08
4.102244667949735413e-01 -1.904786527195752382e+09 4.111464620147607923e+08
4.118869766084432005e-01 -2.000614866970198631e+09 4.039817661867355704e+08
4.135494864246819224e-01 -2.092885177841724873e+09 3.974017339075067639e+08
4.152119962436567890e-01 -2.181332580871025085e+09 3.915476255469045639e+08
4.168745060653349932e-01 -2.265704914723599434e+09 3.865524717089295983e+08
4.185370158896842829e-01 -2.345763309028705120e+09 3.825352482563518286e+08
4.201995257166728504e-01 -2.421282704136869907e+09 3.795948607461555600e+08
4.218620355462696647e-01 -2.492052316969712257e+09 3.778044629160070419e+08
4.235245453784438063e-01 -2.557876052914426804e+09 3.772067082539614439e+08
4.251870552131651881e-01 -2.618572863906973839e+09 3.778105018404061198e+08
4.268495650504041117e-01 -2.673977053093396187e+09 3.795896663530390859e+08
4.285120748901312115e-01 -2.723938526627729416e+09 3.824836846518606544e+08
4.301745847323175664e-01 -2.768322993401907921e+09 3.864003908718363047e+08
4.318370945769347546e-01 -2.807012113637870789e+09 3.912202263001634479e+08
4.334996044239549096e-01 -2.839903597494553089e+09 3.968015156366356611e+08
4.351621142733504422e-01 -2.866911254952326775e+09 4.029861783376372457e+08
4.368246241250944295e-01 -2.887964998434959888e+09 4.096053551609597206e+08
4.384871339791597822e-01 -2.903010799706190109e+09 4.164845624752838016e+08
4.401496438355204099e-01 -2.912010602762410641e+09 4.234481412167860270e+08
4.418121536941504446e-01 -2.914942194476167679e+09 4.303229074187257290e+08
4.434746635550242400e-01 -2.911799034914785862e+09 4.369410172458053231e+08
4.451371734181167605e-01 -2.902590049255461216e+09 4.431421262067945600e+08
4.467996832834031928e-01 -2.887339383362584114e+09 4.487749547303433418e+08
4.484621931508591675e-01 -2.866086125059492588e+09 4.536983794868159294e+08
4.501247030204606481e-01 -2.838883993245380878e+09 4.577821614827811122e+08
4.517872128921838204e-01 -2.805800996946016788e+09 4.609074055350804329e+08
4.534497227660054253e-01 -2.766919066481769562e+09 4.629668269473943710e+08
4.551122326419027031e-01 -2.722333658832952499e+09 4.638648829937716126e+08
4.567747425198525613e-01 -2.672153339383533478e+09 4.635178111422145367e+08
4.584372523998329063e-01 -2.616499342057073116e+09 4.618536030060572624e+08
4.600997622818217003e-01 -2.555505109973139286e+09 4.588119331780316234e+08
4.617622721657972384e-01 -2.489315818536266327e+09 4.543440545622349977e+08
4.634247820517383154e-01 -2.418087882987987041e+09 4.484126666477049589e+08
4.650872919396236149e-01 -2.341988452187349319e+09 4.409917593377152085e+08
4.667498018294323758e-01 -2.261194890536190987e+09 4.320664327124139071e+08
4.684123117211442255e-01 -2.175894249614609241e+09 4.216326914064151645e+08
4.700748216147389580e-01 -2.086282731319970369e+09 4.096972116994202733e+08
4.717373315101965336e-01 -1.992565143839338064e+09 3.962770788066409826e+08
4.733998414074974126e-01 -1.894954352118148565e+09 3.813994921579148173e+08
4.750623513066224435e-01 -1.793670723887573481e+09 3.651014363129367828e+08
4.767248612075521974e-01 -1.688941572795621634e+09 3.474293159528838992e+08
4.783873711102680226e-01 -1.581000599396905184e+09 3.284385533626210093e+08
4.800498810147514894e-01 -1.470087331475026131e+09 3.081931479475172758e+08
4.817123909209840571e-01 -1.356446564069460392e+09 2.867651971850058436e+08
4.833749008289477955e-01 -1.240327800725438356e+09 2.642343799105710387e+08
4.850374107386249412e-01 -1.121984695811004400e+09 2.406874023724718392e+08
4.866999206499977859e-01 -1.001674499687050819e+09 2.162174096491419673e+08
4.883624305630492324e-01 -8.796575057439022064e+08 1.909233640723023117e+08
4.900249404777619611e-01 -7.561965018733379841e+08 1.649093963030037284e+08
4.916874503941192631e-01 -6.315562237196282148e+08 1.382841343549262881e+08
4.933499603121045407e-01 -5.060028146192553043e+08 1.111600311806874871e+08
4.950124702317013070e-01 -3.798032848050247431e+08 8.365274528487627208e+07
4.966749801528934083e-01 -2.532249842924768925e+08 5.588088415931548923e+07
4.983374900756649684e-01 -1.265350473239024729e+08 2.796862768257986382e+07
