# r [arcsec]	I [Jy/sr]	I_uncer [Jy/sr]
1.272617859314095550e-03 5.252159007741650391e+10 1.416803012179994822e+09
2.921189009106442414e-03 5.250673883291146851e+10 1.415819048105295897e+09
4.579495862547155495e-03 5.248002922827735138e+10 1.414148337725392580e+09
6.240002426697914550e-03 5.244147061447847748e+10 1.411759497038227797e+09
7.901343393063876494e-03 5.239108432817091370e+10 1.408648825293901682e+09
9.563088128690054243e-03 5.232889901827665710e+10 1.404818469472261906e+09
1.122505851373705593e-02 5.225495018440338135e+10 1.400272907637929916e+09
1.288716767388508287e-02 5.216928006574677277e+10 1.395018106178578615e+09
1.454936822595933807e-02 5.207193758434631348e+10 1.389061245213737965e+09
1.621163214106096165e-02 5.196297829727032471e+10 1.382410605638936520e+09
1.787394178310437384e-02 5.184246434774945068e+10 1.375075512401688337e+09
1.953628550253095827e-02 5.171046441244618988e+10 1.367066300268369436e+09
2.119865529577967186e-02 5.156705364400639343e+10 1.358394289440034151e+09
2.286104548286438387e-02 5.141231360857329559e+10 1.349071765687667608e+09
2.452345192144544592e-02 5.124633221819610596e+10 1.339111962562183142e+09
2.618587151961204035e-02 5.106920365812469482e+10 1.328529044490211010e+09
2.784830192283991451e-02 5.088102830905454254e+10 1.317338090164205551e+09
2.951074130657948408e-02 5.068191266435710907e+10 1.305555075934895754e+09
3.117318823511218417e-02 5.047196924240108490e+10 1.293196859073379278e+09
3.283564156322602012e-02 5.025131649402981567e+10 1.280281160859887362e+09
3.449810036628684490e-02 5.002007870530680084e+10 1.266826549506176233e+09
3.616056388957845924e-02 4.977838589560694885e+10 1.252852422951129913e+09
3.782303151098994481e-02 4.952637371118320465e+10 1.238378991584410667e+09
3.948550271312052662e-02 4.926418331429263306e+10 1.223427260968501091e+09
4.114797706214112089e-02 4.899196126801972198e+10 1.208019014629366159e+09
4.281045419157746001e-02 4.870985941689673615e+10 1.192176796993696451e+09
4.447293378972808769e-02 4.841803476345599365e+10 1.175923896546432734e+09
4.613541558980088775e-02 4.811664934083659363e+10 1.159284329279863119e+09
4.779789936210682849e-02 4.780587008157708740e+10 1.142282822498108625e+09
4.946038490782722619e-02 4.748586868272612762e+10 1.124944799031741858e+09
5.112287205399637657e-02 4.715682146741865540e+10 1.107296361903052807e+09
5.278536064943199074e-02 4.681890924304074860e+10 1.089364279465157747e+09
5.444785056141081270e-02 4.647231715615538788e+10 1.071175971013856888e+09
5.611034167293492414e-02 4.611723454430229187e+10 1.052759492844193220e+09
5.777283388046990098e-02 4.575385478485855865e+10 1.034143524686046004e+09
5.943532709206246489e-02 4.538237514108483887e+10 1.015357356407463908e+09
6.109782122576532665e-02 4.500299660552548218e+10 9.964308748237352371e+08
6.276031620831216962e-02 4.461592374092417908e+10 9.773945503786584139e+08
6.442281197399798987e-02 4.422136451880210876e+10 9.582794233901442289e+08
6.608530846372812073e-02 4.381953015587639618e+10 9.391170894530036449e+08
6.774780562420743002e-02 4.341063494846630859e+10 9.199396834828578234e+08
6.941030340724584080e-02 4.299489610506778717e+10 9.007798617511662245e+08
7.107280176916151715e-02 4.257253357725437164e+10 8.816707811105169058e+08
7.273530067026563739e-02 4.214376988906418610e+10 8.626460744338668585e+08
7.439780007441634813e-02 4.170882996506845856e+10 8.437398210951087475e+08
7.606029994863128252e-02 4.126794095725340271e+10 8.249865110985223055e+08
7.772280026274960840e-02 4.082133207092150116e+10 8.064210012291890383e+08
7.938530098913672284e-02 4.036923438975308990e+10 7.880784613423875570e+08
8.104780210242505667e-02 3.991188070021794891e+10 7.699943086577907801e+08
8.271030357928650656e-02 3.944950531549991608e+10 7.522041276729395390e+08
8.437280539823126257e-02 3.898234389909468842e+10 7.347435730919584036e+08
8.603530753943039455e-02 3.851063328827825928e+10 7.176482529960559607e+08
8.769780998455847798e-02 3.803461131757282257e+10 7.009535893964211941e+08
8.936031271665356712e-02 3.755451664241925812e+10 6.846946533477721214e+08
9.102281571999285004e-02 3.707058856319655609e+10 6.689059720094703436e+08
9.268531897998151525e-02 3.658306684975926208e+10 6.536213054656517506e+08
9.434782248305331742e-02 3.609219156666407776e+10 6.388733918171790838e+08
9.601032621658157906e-02 3.559820289923873901e+10 6.246936600733392239e+08
9.767283016879922675e-02 3.510134098065887451e+10 6.111119117443581820e+08
9.933533432872686253e-02 3.460184572018917084e+10 5.981559737668801546e+08
1.009978386861079547e-01 3.409995663274427414e+10 5.858513274709577560e+08
1.026603432313502873e-01 3.359591266992791367e+10 5.742207206342793703e+08
1.043228479554730720e-01 3.308995205269214249e+10 5.632837721531729698e+08
1.059853528500589448e-01 3.258231210577854919e+10 5.530565812946271896e+08
1.076478579072105424e-01 3.207322909407105637e+10 5.435513556445168257e+08
1.093103631195108394e-01 3.156293806102175140e+10 5.347760734612537622e+08
1.109728684799872744e-01 3.105167266926799774e+10 5.267341968977792263e+08
1.126353739820789568e-01 3.053966504359913254e+10 5.194244522319424748e+08
1.142978796196066349e-01 3.002714561638595200e+10 5.128406916791074872e+08
1.159603853867454265e-01 2.951434297561951828e+10 5.069718485228452682e+08
1.176228912779997832e-01 2.900148371566732788e+10 5.018019933016769886e+08
1.192853972881804531e-01 2.848879229088479614e+10 4.973104939144523144e+08
1.209479034123834701e-01 2.797649087218865585e+10 4.934722771571166515e+08
1.226104096459709192e-01 2.746479920671480942e+10 4.902581838805162311e+08
1.242729159845529646e-01 2.695393448065603638e+10 4.876354051608828902e+08
1.259354224239715991e-01 2.644411118540840912e+10 4.855679830524456501e+08
1.275979289602855449e-01 2.593554098709765625e+10 4.840173569592133760e+08
1.292604355897561952e-01 2.542843259961002350e+10 4.829429355771217346e+08
1.309229423088349165e-01 2.492299166120070267e+10 4.823026746925334334e+08
1.325854491141509606e-01 2.441942061477754211e+10 4.820536427063063383e+08
1.342479560025006402e-01 2.391791859193486404e+10 4.821525582932534814e+08
1.359104629708369483e-01 2.341868130082256699e+10 4.825562877614701390e+08
1.375729700162601765e-01 2.292190091792403793e+10 4.832222930967739224e+08
1.392354771360091448e-01 2.242776598380095291e+10 4.841090250524536371e+08
1.408979843274529020e-01 2.193646130288274002e+10 4.851762587352042794e+08
1.425604915880832879e-01 2.144816784735032654e+10 4.863853717778741121e+08
1.442229989155077718e-01 2.096306266517043304e+10 4.876995672969486713e+08
1.458855063074428748e-01 2.048131879232929611e+10 4.890840453865304589e+08
1.475480137617080634e-01 2.000310516931185150e+10 4.905061279344809651e+08
1.492105212762198374e-01 1.952858656186285019e+10 4.919353421228758693e+08
1.508730288489867621e-01 1.905792348606566238e+10 4.933434681766884327e+08
1.525355364781040279e-01 1.859127213776283264e+10 4.947045568377516866e+08
1.541980441617490649e-01 1.812878432635543060e+10 4.959949217460493445e+08
1.558605518981770188e-01 1.767060741298677826e+10 4.971931114788777828e+08
1.575230596857167542e-01 1.721688425312852478e+10 4.982798654906975031e+08
1.591855675227668576e-01 1.676775314358866882e+10 4.992380576572380662e+08
1.608480754077921959e-01 1.632334777393073654e+10 5.000526305904968381e+08
1.625105833393203636e-01 1.588379718231690979e+10 5.007105233812646270e+08
1.641730913159387406e-01 1.544922571576372719e+10 5.012005949547503591e+08
1.658355993362912173e-01 1.501975299480252647e+10 5.015135448044086099e+08
1.674981073990755853e-01 1.459549388253377342e+10 5.016418324973651171e+08
1.691606155030408176e-01 1.417655845805202675e+10 5.015795970255423188e+08
1.708231236469845982e-01 1.376305199422091103e+10 5.013225768045142889e+08
1.724856318297508795e-01 1.335507493977351952e+10 5.008680308937185407e+08
1.741481400502279120e-01 1.295272290570235634e+10 5.002146618216375709e+08
1.758106483073458848e-01 1.255608665590366364e+10 4.993625402442741394e+08
1.774731566000750660e-01 1.216525210203944206e+10 4.983130315379392505e+08
1.791356649274240265e-01 1.178030030257243919e+10 4.970687243249192834e+08
1.807981732884377246e-01 1.140130746591946030e+10 4.956333608483819366e+08
1.824606816821959798e-01 1.102834495768422508e+10 4.940117690481954813e+08
1.841231901078118072e-01 1.066147931190069389e+10 4.922097961368991733e+08
1.857856985644300296e-01 1.030077224623731232e+10 4.902342434366521835e+08
1.874482070512257237e-01 9.946280681095323563e+09 4.880928022065690160e+08
1.891107155674030538e-01 9.598056762536302567e+09 4.857939901682160497e+08
1.907732241121938566e-01 9.256147888969593048e+09 4.833470884217639565e+08
1.924357326848565586e-01 8.920596741526281357e+09 4.807620784366095066e+08
1.940982412846749550e-01 8.591441318046615601e+09 4.780495787970638871e+08
1.957607499109572380e-01 8.268714970599977493e+09 4.752207813878219724e+08
1.974232585630348313e-01 7.952446446457507133e+09 4.722873867125181556e+08
1.990857672402615297e-01 7.642659932434000969e+09 4.692615380561508536e+08
2.007482759420124996e-01 7.339375102512334824e+09 4.661557542251960635e+08
2.024107846676835298e-01 7.042607168660579681e+09 4.629828606321297288e+08
2.040732934166899215e-01 6.752366934755002975e+09 4.597559185315815210e+08
2.057358021884660160e-01 6.468660853509978294e+09 4.564881522679498792e+08
2.073983109824642512e-01 6.191491086325929642e+09 4.531928744544932246e+08
2.090608197981545235e-01 5.920855565952915192e+09 4.498834090787406564e+08
2.107233286350234380e-01 5.656748061878518105e+09 4.465730126122193933e+08
2.123858374925735870e-01 5.399158248330434799e+09 4.432747932983992100e+08
2.140483463703231337e-01 5.148071774803959846e+09 4.400016288978629708e+08
2.157108552678049240e-01 4.903470338999702454e+09 4.367660832836288214e+08
2.173733641845664311e-01 4.665331762079342842e+09 4.335803223991066217e+08
2.190358731201685061e-01 4.433630066123751640e+09 4.304560302137672901e+08
2.206983820741854618e-01 4.208335553698421955e+09 4.274043254327512383e+08
2.223608910462041566e-01 3.989414889410354137e+09 4.244356798313521147e+08
2.240234000358239386e-01 3.776831183357797146e+09 4.215598391885130405e+08
2.256859090426557024e-01 3.570544076357405663e+09 4.187857478787524700e+08
2.273484180663219723e-01 3.370509826850416660e+09 4.161214782441243529e+08
2.290109271064561247e-01 3.176681399370281696e+09 4.135741658990506530e+08
2.306734361627020280e-01 2.989008554472682953e+09 4.111499521204661131e+08
2.323359452347137921e-01 2.807437940012540340e+09 4.088539344337756038e+08
2.339984543221555469e-01 2.631913183667917252e+09 4.066901264261637926e+08
2.356609634247005536e-01 2.462374986596170902e+09 4.046614276970332861e+08
2.373234725420314828e-01 2.298761218121388912e+09 4.027696046965280771e+08
2.389859816738397480e-01 2.141007011343390226e+09 4.010152830092061162e+08
2.406484908198254224e-01 1.989044859564734697e+09 3.993979514194995165e+08
2.423109999796965175e-01 1.842804713428893328e+09 3.979159778548616171e+08
2.439735091531692601e-01 1.702214078668120146e+09 3.965666370532449484e+08
2.456360183399674824e-01 1.567198114356268406e+09 3.953461495519423485e+08
2.472985275398224547e-01 1.437679731565324545e+09 3.942497313593096137e+08
2.489610367524725254e-01 1.313579692325444698e+09 3.932716534538491368e+08
2.506235459776631203e-01 1.194816708789263487e+09 3.924053100713155866e+08
2.522860552151463542e-01 1.081307542501167297e+09 3.916432945916335583e+08
2.539485644646808371e-01 9.729671036776272058e+08 3.909774817315288782e+08
2.556110737260313126e-01 8.697085504020093679e+08 3.903991146859418154e+08
2.572735829989687417e-01 7.714433876405985355e+08 3.898988958427256942e+08
2.589360922832700251e-01 6.780815659902881384e+08 3.894670797161174417e+08
2.605986015787175591e-01 5.895315800659611225e+08 3.890935668052695394e+08
2.622611108850994577e-01 5.057005664413633943e+08 3.887679971719665527e+08
2.639236202022091082e-01 4.264944010588319898e+08 3.884798426480728388e+08
2.655861295298450053e-01 3.518177960202624202e+08 3.882184967141906023e+08
2.672486388678106950e-01 2.815743956824245453e+08 3.879733612344934344e+08
2.689111482159146083e-01 2.156668719746508896e+08 3.877339293791868687e+08
2.705736575739698391e-01 1.539970188608988822e+08 3.874898642116313577e+08
2.722361669417941443e-01 9.646584587376911938e+07 3.872310725564277172e+08
2.738986763192096108e-01 4.297367064663141966e+07 3.869477738930847645e+08
2.755611857060425440e-01 -6.579789629460942000e+06 3.866305641365779638e+08
2.772236951021236906e-01 -5.229532788506513834e+07 3.862704742668957710e+08
2.788862045072874607e-01 -9.427415806117342412e+07 3.858590238556169271e+08
2.805487139213725944e-01 -1.326178272650857568e+08 3.853882696078167558e+08
2.822112233442213292e-01 -1.674281292561992109e+08 3.848508490915939808e+08
2.838737327756796214e-01 -1.988070193202628791e+08 3.842400198686845899e+08
2.855362422155972579e-01 -2.268565305858401656e+08 3.835496942649614215e+08
2.871987516638271343e-01 -2.516786918375085294e+08 3.827744700361441374e+08
2.888612611202258651e-01 -2.733754468752382398e+08 3.819096571861972213e+08
2.905237705846532292e-01 -2.920485754694986939e+08 3.809513011918100715e+08
2.921862800569720031e-01 -3.077996159545053840e+08 3.798962028728177547e+08
2.938487895370484604e-01 -3.207297895053072572e+08 3.787419351267136931e+08
2.955112990247516502e-01 -3.309399261363815069e+08 3.774868567212185860e+08
2.971738085199533974e-01 -3.385303924619166851e+08 3.761301233052892685e+08
2.988363180225286353e-01 -3.436010212493693233e+08 3.746716957646153569e+08
3.004988275323551283e-01 -3.462510428013385534e+08 3.731123460063258410e+08
3.021613370493130279e-01 -3.465790181949237585e+08 3.714536602166337967e+08
3.038238465732852611e-01 -3.446827744054191709e+08 3.696980395858560801e+08
3.054863561041573639e-01 -3.406593413385264277e+08 3.678486984491062760e+08
3.071488656418173702e-01 -3.346048907947400808e+08 3.659096597369021773e+08
3.088113751861554790e-01 -3.266146773852285147e+08 3.638857475782794952e+08
3.104738847370644983e-01 -3.167829814146992564e+08 3.617825768419702053e+08
3.121363942944395120e-01 -3.052030537487573028e+08 3.596065393463844061e+08
3.137989038581776025e-01 -2.919670626768975854e+08 3.573647864122515321e+08
3.154614134281782389e-01 -2.771660427799616456e+08 3.550652073772284389e+08
3.171239230043430002e-01 -2.608898458115181029e+08 3.527164036398018003e+08
3.187864325865753523e-01 -2.432270935998677313e+08 3.503276577538005114e+08
3.204489421747808708e-01 -2.242651329670649767e+08 3.479088970557824373e+08
3.221114517688670742e-01 -2.040899926767787039e+08 3.454706512806956172e+08
3.237739613687434237e-01 -1.827863423976458311e+08 3.430240036102317572e+08
3.254364709743211015e-01 -1.604374536898379922e+08 3.405805346051293612e+08
3.270989805855132326e-01 -1.371251629989330769e+08 3.381522585076096654e+08
3.287614902022346075e-01 -1.129298366597312391e+08 3.357515514620981812e+08
3.304239998244018484e-01 -8.793033789055137336e+07 3.333910713016140461e+08
3.320865094519330207e-01 -6.220399577514833212e+07 3.310836686856755614e+08
3.337490190847480775e-01 -3.582657621181960404e+07 3.288422895569158196e+08
3.354115287227684150e-01 -8.872254820730797946e+06 3.266798691104496717e+08
3.370740383659170392e-01 1.858640821427419782e+07 3.246092177415367365e+08
3.387365480141183438e-01 4.647849138138524443e+07 3.226428997475809455e+08
3.403990576672984991e-01 7.473473317951218784e+07 3.207931059047756195e+08
3.420615673253846745e-01 1.032875515792156160e+08 3.190715214034044743e+08
3.437240769883058711e-01 1.320710616313703060e+08 3.174891909934666157e+08
3.453865866559921449e-01 1.610210912457158864e+08 3.160563835417641401e+08
3.470490963283750507e-01 1.900751951703031957e+08 3.147824585129647851e+08
3.487116060053874755e-01 2.191726671936906576e+08 3.136757371275914311e+08
3.503741156869634166e-01 2.482545506057029963e+08 3.127433811049084663e+08
3.520366253730383144e-01 2.772636469406370521e+08 3.119912819348745346e+08
3.536991350635486642e-01 3.061445230396553278e+08 3.114239635349580050e+08
3.553616447584322380e-01 3.348435164618398547e+08 3.110445009179940224e+08
3.570241544576279180e-01 3.633087392788884640e+08 3.108544571346195340e+08
3.586866641610758633e-01 3.914900802866777182e+08 3.108538402650213242e+08
3.603491738687170098e-01 4.193392056726192832e+08 3.110410816486204267e+08
3.620116835804937372e-01 4.468095581699764729e+08 3.114130358827174306e+08
3.636741932963493684e-01 4.738563547419044971e+08 3.119650024364939928e+08
3.653367030162280593e-01 5.004365828276119828e+08 3.126907680511806607e+08
3.669992127400752979e-01 5.265089951949012280e+08 3.135826684749216437e+08
3.686617224678372939e-01 5.520341034317218065e+08 3.146316675419015884e+08
3.703242321994613118e-01 5.769741701237187386e+08 3.158274511841014028e+08
3.719867419348956150e-01 6.012931997497076988e+08 3.171585336683530211e+08
3.736492516740893000e-01 6.249569283435345888e+08 3.186123731973257661e+08
3.753117614169925176e-01 6.479328119565778971e+08 3.201754939872267246e+08
3.769742711635561405e-01 6.701900139659860134e+08 3.218336120339663625e+08
3.786367809137318741e-01 6.916993912682634592e+08 3.235717619727971554e+08
3.802992906674724227e-01 7.124334793999521732e+08 3.253744227138800621e+08
3.819618004247312126e-01 7.323664766261978149e+08 3.272256398570052981e+08
3.836243101854625026e-01 7.514742270412675142e+08 3.291091432456598282e+08
3.852868199496213841e-01 7.697342027167217731e+08 3.310084583748194575e+08
3.869493297171635593e-01 7.871254849483598471e+08 3.329070107165977955e+08
3.886118394880457849e-01 8.036287446304823160e+08 3.347882223435507417e+08
3.902743492622252064e-01 8.192262218114740849e+08 3.366356005176991820e+08
3.919368590396599683e-01 8.339017044606236219e+08 3.384328181509451270e+08
3.935993688203087704e-01 8.476405064947265387e+08 3.401637862474492192e+08
3.952618786041311449e-01 8.604294450992742777e+08 3.418127185895087719e+08
3.969243883910870685e-01 8.722568173876899481e+08 3.433641890513473153e+08
3.985868981811374612e-01 8.831123764336355925e+08 3.448031820010567307e+08
4.002494079742436872e-01 8.929873067214148045e+08 3.461151363062543869e+08
4.019119177703678880e-01 9.018741990457911491e+08 3.472859834798183441e+08
4.035744275694727046e-01 9.097670249043977261e+08 3.483021805099139810e+08
4.052369373715214440e-01 9.166611104164295197e+08 3.491507379022120237e+08
4.068994471764781906e-01 9.225531098072685003e+08 3.498192434444018006e+08
4.085619569843071952e-01 9.274409784887208939e+08 3.502958821634919047e+08
4.102244667949735413e-01 9.313239457803329229e+08 3.505694529183503389e+08
4.118869766084432005e-01 9.342024872926082611e+08 3.506293820199184418e+08
4.135494864246819224e-01 9.360782970187669992e+08 3.504657342410547733e+08
4.152119962436567890e-01 9.369542591571947336e+08 3.500692215274521112e+08
4.168745060653349932e-01 9.368344197036167383e+08 3.494312096921027899e+08
4.185370158896842829e-01 9.357239578384709358e+08 3.485437233299774528e+08
4.201995257166728504e-01 9.336291571460201740e+08 3.473994491654506922e+08
4.218620355462696647e-01 9.305573766842398643e+08 3.459917380040126443e+08
4.235245453784438063e-01 9.265170219467486143e+08 3.443146054437083602e+08
4.251870552131651881e-01 9.215175157296303511e+08 3.423627314647401571e+08
4.268495650504041117e-01 9.155692689447050095e+08 3.401314590073754191e+08
4.285120748901312115e-01 9.086836513867564201e+08 3.376167916151977181e+08
4.301745847323175664e-01 9.008729624994914532e+08 3.348153902202077508e+08
4.318370945769347546e-01 8.921504021396310329e+08 3.317245691152800918e+08
4.334996044239549096e-01 8.825300413896434307e+08 3.283422911659123302e+08
4.351621142733504422e-01 8.720267934064947367e+08 3.246671622844331264e+08
4.368246241250944295e-01 8.606563843638978004e+08 3.206984252016555667e+08
4.384871339791597822e-01 8.484353244691190720e+08 3.164359525428925753e+08
4.401496438355204099e-01 8.353808791092082262e+08 3.118802392333135605e+08
4.418121536941504446e-01 8.215110401075338125e+08 3.070323942280806899e+08
4.434746635550242400e-01 8.068444971433951855e+08 3.018941315868602395e+08
4.451371734181167605e-01 7.914006093098073006e+08 2.964677608810874224e+08
4.467996832834031928e-01 7.751993768687810898e+08 2.907561769514279366e+08
4.484621931508591675e-01 7.582614131636728048e+08 2.847628489994555116e+08
4.501247030204606481e-01 7.406079167618404627e+08 2.784918090321197510e+08
4.517872128921838204e-01 7.222606437706768513e+08 2.719476396403110623e+08
4.534497227660054253e-01 7.032418804094877243e+08 2.651354611339178979e+08
4.551122326419027031e-01 6.835744157684607506e+08 2.580609180120020509e+08
4.567747425198525613e-01 6.632815148474388123e+08 2.507301647979073226e+08
4.584372523998329063e-01 6.423868917879847288e+08 2.431498512148232162e+08
4.600997622818217003e-01 6.209146834080728292e+08 2.353271067408622205e+08
4.617622721657972384e-01 5.988894229310874939e+08 2.272695245165781379e+08
4.634247820517383154e-01 5.763360140397483110e+08 2.189851446554512084e+08
4.650872919396236149e-01 5.532797051170552969e+08 2.104824369260663092e+08
4.667498018294323758e-01 5.297460638367840052e+08 2.017702828729656637e+08
4.684123117211442255e-01 5.057609519234085083e+08 1.928579573374375105e+08
4.700748216147389580e-01 4.813505002934853435e+08 1.837551094685366154e+08
4.717373315101965336e-01 4.565410843330805302e+08 1.744717431752808094e+08
4.733998414074974126e-01 4.313592995994670391e+08 1.650181971445549428e+08
4.750623513066224435e-01 4.058319376068637967e+08 1.554051243633405864e+08
4.767248612075521974e-01 3.799859620975691676e+08 1.456434713262151182e+08
4.783873711102680226e-01 3.538484853147484660e+08 1.357444568586546481e+08
4.800498810147514894e-01 3.274467448561514616e+08 1.257195508473543674e+08
4.817123909209840571e-01 3.008080803928713202e+08 1.155804528337992728e+08
4.833749008289477955e-01 2.739599111377331614e+08 1.053390710331482142e+08
4.850374107386249412e-01 2.469297129285423160e+08 9.500750195042021573e+07
4.866999206499977859e-01 2.197449963879012764e+08 8.459801204684701562e+07
4.883624305630492324e-01 1.924332841986353397e+08 7.412302299011042714e+07
4.900249404777619611e-01 1.650220901745071709e+08 6.359510631210845709e+07
4.916874503941192631e-01 1.375388962496775985e+08 5.302699950308298320e+07
4.933499603121045407e-01 1.100111332472379357e+08 4.243168562011010200e+07
4.950124702317013070e-01 8.246615561027820408e+07 3.182268208553378284e+07
4.966749801528934083e-01 5.493122804324036092e+07 2.121527712918598950e+07
4.983374900756649684e-01 2.743346984657519311e+07 1.063505908890998736e+07
