# r [arcsec]	I [Jy/sr]	I_uncer [Jy/sr]
1.272617859314095550e-03 5.298449410175494385e+10 1.329034303101672173e+09
2.921189009106442414e-03 5.297355220416931915e+10 1.328318634439840317e+09
4.579495862547155495e-03 5.295387168026309204e+10 1.327136446008815050e+09
6.240002426697914550e-03 5.292545636286450958e+10 1.325453176508749723e+09
7.901343393063876494e-03 5.288831756274825287e+10 1.323262978138111115e+09
9.563088128690054243e-03 5.284247063223014069e+10 1.320565666781533003e+09
1.122505851373705593e-02 5.278793463378489685e+10 1.317362980934972525e+09
1.288716767388508287e-02 5.272473226888204193e+10 1.313657681162321568e+09
1.454936822595933807e-02 5.265288984887200928e+10 1.309453259479784966e+09
1.621163214106096165e-02 5.257243727443491364e+10 1.304753823585737705e+09
1.787394178310437384e-02 5.248340801621069336e+10 1.299564042268288612e+09
1.953628550253095827e-02 5.238583909452645874e+10 1.293889115508796453e+09
2.119865529577967186e-02 5.227977105755842590e+10 1.287734755622052670e+09
2.286104548286438387e-02 5.216524795766542053e+10 1.281107173682370901e+09
2.452345192144544592e-02 5.204231732581252289e+10 1.274013068577802896e+09
2.618587151961204035e-02 5.191103014404440308e+10 1.266459617385068417e+09
2.784830192283991451e-02 5.177144081601673889e+10 1.258454466380661249e+09
2.951074130657948408e-02 5.162360713557939911e+10 1.250005722324199915e+09
3.117318823511218417e-02 5.146759025343009186e+10 1.241121943816282988e+09
3.283564156322602012e-02 5.130345464186905670e+10 1.231812132624727964e+09
3.449810036628684490e-02 5.113126805766120148e+10 1.222085724927506685e+09
3.616056388957845924e-02 5.095110150303633881e+10 1.211952582451373100e+09
3.782303151098994481e-02 5.076302918486325836e+10 1.201422983508738756e+09
3.948550271312052662e-02 5.056712847200090027e+10 1.190507613942453861e+09
4.114797706214112089e-02 5.036347985088573456e+10 1.179217558003928185e+09
4.281045419157746001e-02 5.015216687935979462e+10 1.167564289188475609e+09
4.447293378972808769e-02 4.993327613878701019e+10 1.155559661063325167e+09
4.613541558980088775e-02 4.970689718448157501e+10 1.143215898122226715e+09
4.779789936210682849e-02 4.947312249448805237e+10 1.130545586704080343e+09
4.946038490782722619e-02 4.923204741674110413e+10 1.117561666017446756e+09
5.112287205399637657e-02 4.898377011465209961e+10 1.104277419310948133e+09
5.278536064943199074e-02 4.872839151113952637e+10 1.090706465233786345e+09
5.444785056141081270e-02 4.846601523117201233e+10 1.076862749429291725e+09
5.611034167293492414e-02 4.819674754282331848e+10 1.062760536406563163e+09
5.777283388046990098e-02 4.792069729692059326e+10 1.048414401735434890e+09
5.943532709206246489e-02 4.763797586529136658e+10 1.033839224608561873e+09
6.109782122576532665e-02 4.734869707767257690e+10 1.019050180814897656e+09
6.276031620831216962e-02 4.705297715731999969e+10 1.004062736168411613e+09
6.442281197399798987e-02 4.675093465534999847e+10 9.888926404310299158e+08
6.608530846372812073e-02 4.644269038387641144e+10 9.735559217697541714e+08
6.774780562420743002e-02 4.612836734797023773e+10 9.580688817806743383e+08
6.941030340724584080e-02 4.580809067649824524e+10 9.424480911099580526e+08
7.107280176916151715e-02 4.548198755188684845e+10 9.267103856927424669e+08
7.273530067026563739e-02 4.515018713884249878e+10 9.108728636240487099e+08
7.439780007441634813e-02 4.481282051210812378e+10 8.949528826648182869e+08
7.606029994863128252e-02 4.447002058326345062e+10 8.789680583693839312e+08
7.772280026274960840e-02 4.412192202665637207e+10 8.629362628083220720e+08
7.938530098913672284e-02 4.376866120448493195e+10 8.468756238349663019e+08
8.104780210242505667e-02 4.341037609109681702e+10 8.308045248217955828e+08
8.271030357928650656e-02 4.304720619655364227e+10 8.147416047585386038e+08
8.437280539823126257e-02 4.267929248949901581e+10 7.987057585699219704e+08
8.603530753943039455e-02 4.230677731940759277e+10 7.827161374630217552e+08
8.769780998455847798e-02 4.192980433822873688e+10 7.667921490636303425e+08
8.936031271665356712e-02 4.154851842151430511e+10 7.509534570379294157e+08
9.102281571999285004e-02 4.116306558905857849e+10 7.352199798241066933e+08
9.268531897998151525e-02 4.077359292510602570e+10 7.196118880145063400e+08
9.434782248305331742e-02 4.038024849818794250e+10 7.041495998348869085e+08
9.601032621658157906e-02 3.998318128063301086e+10 6.888537740594779253e+08
9.767283016879922675e-02 3.958254106780140686e+10 6.737452995838637352e+08
9.933533432872686253e-02 3.917847839710597992e+10 6.588452807460418940e+08
1.009978386861079547e-01 3.877114446686051178e+10 6.441750173537751436e+08
1.026603432313502873e-01 3.836069105501777649e+10 6.297559782309696674e+08
1.043228479554730720e-01 3.794727043783991241e+10 6.156097669598058462e+08
1.059853528500589448e-01 3.753103530856676483e+10 6.017580783660318851e+08
1.076478579072105424e-01 3.711213869611567688e+10 5.882226441850171089e+08
1.093103631195108394e-01 3.669073388388880920e+10 5.750251662765678167e+08
1.109728684799872744e-01 3.626697432871113586e+10 5.621872357338782549e+08
1.126353739820789568e-01 3.584101357998054504e+10 5.497302362899522781e+08
1.142978796196066349e-01 3.541300519905485535e+10 5.376752305729707479e+08
1.159603853867454265e-01 3.498310267895018005e+10 5.260428280415463448e+08
1.176228912779997832e-01 3.455145936437609100e+10 5.148530338481091261e+08
1.192853972881804531e-01 3.411822837218304062e+10 5.041250784723775387e+08
1.209479034123834701e-01 3.368356251225233459e+10 4.938772287351942062e+08
1.226104096459709192e-01 3.324761420889370346e+10 4.841265817573155761e+08
1.242729159845529646e-01 3.281053542277809906e+10 4.748888445448141098e+08
1.259354224239715991e-01 3.237247757348409653e+10 4.661781031283329725e+08
1.275979289602855449e-01 3.193359146267243958e+10 4.580065864870735407e+08
1.292604355897561952e-01 3.149402719796264267e+10 4.503844317654927373e+08
1.309229423088349165e-01 3.105393411754326630e+10 4.433194584208503366e+08
1.325854491141509606e-01 3.061346071556866074e+10 4.368169597952761650e+08
1.342479560025006402e-01 3.017275456837912369e+10 4.308795210567503572e+08
1.359104629708369483e-01 2.973196226159883499e+10 4.255068723795934916e+08
1.375729700162601765e-01 2.929122931815344620e+10 4.206957855587141514e+08
1.392354771360091448e-01 2.885070012723939514e+10 4.164400209448662400e+08
1.408979843274529020e-01 2.841051787430157852e+10 4.127303296890767217e+08
1.425604915880832879e-01 2.797082447205475235e+10 4.095545139060020447e+08
1.442229989155077718e-01 2.753176049258341599e+10 4.068975446811371446e+08
1.458855063074428748e-01 2.709346510056972885e+10 4.047417350762949586e+08
1.475480137617080634e-01 2.665607598768225479e+10 4.030669626692805290e+08
1.492105212762198374e-01 2.621972930816530228e+10 4.018509339207162857e+08
1.508730288489867621e-01 2.578455961566442490e+10 4.010694809748532176e+08
1.525355364781040279e-01 2.535069980132011414e+10 4.006968804848360419e+08
1.541980441617490649e-01 2.491828103317783737e+10 4.007061837458834648e+08
1.558605518981770188e-01 2.448743269693540955e+10 4.010695477837581635e+08
1.575230596857167542e-01 2.405828233805585098e+10 4.017585579798768759e+08
1.591855675227668576e-01 2.363095560530433655e+10 4.027445341805745363e+08
1.608480754077921959e-01 2.320557619570443726e+10 4.039988138676630855e+08
1.625105833393203636e-01 2.278226580097080612e+10 4.054930077100712657e+08
1.641730913159387406e-01 2.236114405543301010e+10 4.071992245244207382e+08
1.658355993362912173e-01 2.194232848548178864e+10 4.090902642427219152e+08
1.674981073990755853e-01 2.152593446056545639e+10 4.111397788382939696e+08
1.691606155030408176e-01 2.111207514575872421e+10 4.133224022607501745e+08
1.708231236469845982e-01 2.070086145592723846e+10 4.156138512620480657e+08
1.724856318297508795e-01 2.029240201151742554e+10 4.179909995729314089e+08
1.741481400502279120e-01 1.988680309598464966e+10 4.204319282378582954e+08
1.758106483073458848e-01 1.948416861488252640e+10 4.229159550735819936e+08
1.774731566000750660e-01 1.908460005663681030e+10 4.254236462215216160e+08
1.791356649274240265e-01 1.868819645501954651e+10 4.279368126532379389e+08
1.807981732884377246e-01 1.829505435333316040e+10 4.304384942995734215e+08
1.824606816821959798e-01 1.790526777033468628e+10 4.329129342345952392e+08
1.841231901078118072e-01 1.751892816789884949e+10 4.353455450796836019e+08
1.857856985644300296e-01 1.713612442044391060e+10 4.377228695212120414e+08
1.874482070512257237e-01 1.675694278612675285e+10 4.400325365683642030e+08
1.891107155674030538e-01 1.638146687981924820e+10 4.422632149265425205e+08
1.907732241121938566e-01 1.600977764787601471e+10 4.444045646316832304e+08
1.924357326848565586e-01 1.564195334469751930e+10 4.464471878838682771e+08
1.940982412846749550e-01 1.527806951110301208e+10 4.483825798388133645e+08
1.957607499109572380e-01 1.491819895450890541e+10 4.502030799573861957e+08
1.974232585630348313e-01 1.456241173092465591e+10 4.519018243805437088e+08
1.990857672402615297e-01 1.421077512876671600e+10 4.534726996855356693e+08
2.007482759420124996e-01 1.386335365448973274e+10 4.549102982842525244e+08
2.024107846676835298e-01 1.352020902003789520e+10 4.562098756503475308e+08
2.040732934166899215e-01 1.318140013211779976e+10 4.573673094978112578e+08
2.057358021884660160e-01 1.284698308328429985e+10 4.583790609862858653e+08
2.073983109824642512e-01 1.251701114484306717e+10 4.592421379872643352e+08
2.090608197981545235e-01 1.219153476155870247e+10 4.599540604171996117e+08
2.107233286350234380e-01 1.187060154817188835e+10 4.605128276189725995e+08
2.123858374925735870e-01 1.155425628770586205e+10 4.609168877567244172e+08
2.140483463703231337e-01 1.124254093156778336e+10 4.611651091766108274e+08
2.157108552678049240e-01 1.093549460142396355e+10 4.612567536775426269e+08
2.173733641845664311e-01 1.063315359284779739e+10 4.611914516303204298e+08
2.190358731201685061e-01 1.033555138072080612e+10 4.609691788803988695e+08
2.206983820741854618e-01 1.004271862638186646e+10 4.605902353685816526e+08
2.223608910462041566e-01 9.754683186503059387e+09 4.600552254029610753e+08
2.240234000358239386e-01 9.471470123685396194e+09 4.593650395182032585e+08
2.256859090426557024e-01 9.193101718747537613e+09 4.585208378571067452e+08
2.273484180663219723e-01 8.919597484705110550e+09 4.575240350153015256e+08
2.290109271064561247e-01 8.650974182405340195e+09 4.563762862885839939e+08
2.306734361627020280e-01 8.387245837814508438e+09 4.550794752677925229e+08
2.323359452347137921e-01 8.128423760923025131e+09 4.536357027271950245e+08
2.339984543221555469e-01 7.874516566260087967e+09 4.520472767555022240e+08
2.356609634247005536e-01 7.625530194984588623e+09 4.503167040802694559e+08
2.373234725420314828e-01 7.381467938536734581e+09 4.484466825399070978e+08
2.389859816738397480e-01 7.142330463822337151e+09 4.464400946574593186e+08
2.406484908198254224e-01 6.908115839905874252e+09 4.443000022736040354e+08
2.423109999796965175e-01 6.678819566185557365e+09 4.420296421966297626e+08
2.439735091531692601e-01 6.454434602025553703e+09 4.396324228278561831e+08
2.456360183399674824e-01 6.234951397813633919e+09 4.371119217217241526e+08
2.472985275398224547e-01 6.020357927419704437e+09 4.344718840398377180e+08
2.489610367524725254e-01 5.810639722023303986e+09 4.317162218567507267e+08
2.506235459776631203e-01 5.605779905280257225e+09 4.288490142755113244e+08
2.522860552151463542e-01 5.405759229796750069e+09 4.258745083080521822e+08
2.539485644646808371e-01 5.210556114880226135e+09 4.227971204733013511e+08
2.556110737260313126e-01 5.020146685533921242e+09 4.196214390638599992e+08
2.572735829989687417e-01 4.834504812660339355e+09 4.163522270264117122e+08
2.589360922832700251e-01 4.653602154441286087e+09 4.129944253969811201e+08
2.605986015787175591e-01 4.477408198859757423e+09 4.095531572269780636e+08
2.622611108850994577e-01 4.305890307325257301e+09 4.060337319270815253e+08
2.639236202022091082e-01 4.139013759372592926e+09 4.024416499495726824e+08
2.655861295298450053e-01 3.976741798389596462e+09 3.987826077188624144e+08
2.672486388678106950e-01 3.819035678343537331e+09 3.950625027093384862e+08
2.689111482159146083e-01 3.665854711465710163e+09 3.912874385566729307e+08
2.705736575739698391e-01 3.517156316853414536e+09 3.874637300742452145e+08
2.722361669417941443e-01 3.372896069956510067e+09 3.835979080301406384e+08
2.738986763192096108e-01 3.233027752905086517e+09 3.796967235217797756e+08
2.755611857060425440e-01 3.097503405636410236e+09 3.757671517652862668e+08
2.772236951021236906e-01 2.966273377790639400e+09 3.718163950948287249e+08
2.788862045072874607e-01 2.839286381322597504e+09 3.678518849435613155e+08
2.805487139213725944e-01 2.716489543798818111e+09 3.638812825528921485e+08
2.822112233442213292e-01 2.597828462333302498e+09 3.599124781308599710e+08
2.838737327756796214e-01 2.483247258123219013e+09 3.559535881545642614e+08
2.855362422155972579e-01 2.372688631540607452e+09 3.520129504848886132e+08
2.871987516638271343e-01 2.266093917741880417e+09 3.480991169392886162e+08
2.888612611202258651e-01 2.163403142749676228e+09 3.442208429453504682e+08
2.905237705846532292e-01 2.064555079964369297e+09 3.403870738830281496e+08
2.921862800569720031e-01 1.969487307069218636e+09 3.366069277131495476e+08
2.938487895370484604e-01 1.878136263276109695e+09 3.328896734888504148e+08
2.955112990247516502e-01 1.790437306880011797e+09 3.292447053589852452e+08
2.971738085199533974e-01 1.706324773070999146e+09 3.256815116977247000e+08
2.988363180225286353e-01 1.625732031967695951e+09 3.222096390384268165e+08
3.004988275323551283e-01 1.548591546823345423e+09 3.188386505540869236e+08
3.021613370493130279e-01 1.474834932367991209e+09 3.155780789147088528e+08
3.038238465732852611e-01 1.404393013237453699e+09 3.124373734628781080e+08
3.054863561041573639e-01 1.337195882453803301e+09 3.094258417887978554e+08
3.071488656418173702e-01 1.273172959907875538e+09 3.065525859487495422e+08
3.088113751861554790e-01 1.212253050806067467e+09 3.038264337591023445e+08
3.104738847370644983e-01 1.154364404038552523e+09 3.012558658036487699e+08
3.121363942944395120e-01 1.099434770424885750e+09 2.988489390112563968e+08
3.137989038581776025e-01 1.047391460796625376e+09 2.966132078832250237e+08
3.154614134281782389e-01 9.981614038774555922e+08 2.945556446635646820e+08
3.171239230043430002e-01 9.516712039155787230e+08 2.926825599395022988e+08
3.187864325865753523e-01 9.078471980287113190e+08 2.909995253177328110e+08
3.204489421747808708e-01 8.666155132268368006e+08 2.895112999311072230e+08
3.221114517688670742e-01 8.279021230596745014e+08 2.882217625773485899e+08
3.237739613687434237e-01 7.916329038655822277e+08 2.871338512668496966e+08
3.254364709743211015e-01 7.577336905657891035e+08 2.862495118507932425e+08
3.270989805855132326e-01 7.261303319801492691e+08 2.855696572184684873e+08
3.287614902022346075e-01 6.967487456124473810e+08 2.850941382909550071e+08
3.304239998244018484e-01 6.695149718784441948e+08 2.848217277145659924e+08
3.320865094519330207e-01 6.443552277313688993e+08 2.847501167819682956e+08
3.337490190847480775e-01 6.211959596523243189e+08 2.848759257058984041e+08
3.354115287227684150e-01 5.999638959650979042e+08 2.851947269587482810e+08
3.370740383659170392e-01 5.805860984465551376e+08 2.857010809988161325e+08
3.387365480141183438e-01 5.629900131880344152e+08 2.863885833471719027e+08
3.403990576672984991e-01 5.471035206809017658e+08 2.872499216816365123e+08
3.420615673253846745e-01 5.328549850891312957e+08 2.882769413854441643e+08
3.437240769883058711e-01 5.201733026752913594e+08 2.894607178397591710e+08
3.453865866559921449e-01 5.089879493487783670e+08 2.907916336780793071e+08
3.470490963283750507e-01 4.992290273042413592e+08 2.922594592308598161e+08
3.487116060053874755e-01 4.908273107178801298e+08 2.938534344613583088e+08
3.503741156869634166e-01 4.837142904736356139e+08 2.955623508298688531e+08
3.520366253730383144e-01 4.778222178877326250e+08 2.973746316961572170e+08
3.536991350635486642e-01 4.730841474042068720e+08 2.992784100765547156e+08
3.553616447584322380e-01 4.694339782339764833e+08 3.012616027890354991e+08
3.570241544576279180e-01 4.668064949089627862e+08 3.033119802424508333e+08
3.586866641610758633e-01 4.651374067262792587e+08 3.054172313366332650e+08
3.603491738687170098e-01 4.643633860590081811e+08 3.075650231391876340e+08
3.620116835804937372e-01 4.644221055058152080e+08 3.097430551766456366e+08
3.636741932963493684e-01 4.652522738594151139e+08 3.119391083296743631e+08
3.653367030162280593e-01 4.667936708701770306e+08 3.141410884433032870e+08
3.669992127400752979e-01 4.689871807837417722e+08 3.163370648623358607e+08
3.686617224678372939e-01 4.717748246321405768e+08 3.185153041719812155e+08
3.703242321994613118e-01 4.750997912610015273e+08 3.206642994777205586e+08
3.719867419348956150e-01 4.789064670708701611e+08 3.227727955859917998e+08
3.736492516740893000e-01 4.831404644593425989e+08 3.248298104657570720e+08
3.753117614169925176e-01 4.877486489465313554e+08 3.268246533689283133e+08
3.769742711635561405e-01 4.926791649656501412e+08 3.287469399834024310e+08
3.786367809137318741e-01 4.978814603124589920e+08 3.305866049710397720e+08
3.802992906674724227e-01 5.033063092302805185e+08 3.323339122261814475e+08
3.819618004247312126e-01 5.089058341286904812e+08 3.339794631599108577e+08
3.836243101854625026e-01 5.146335259185309410e+08 3.355142032922964692e+08
3.852868199496213841e-01 5.204442629557338953e+08 3.369294274023497105e+08
3.869493297171635593e-01 5.262943285881781578e+08 3.382167834618430138e+08
3.886118394880457849e-01 5.321414272930395603e+08 3.393682755471702814e+08
3.902743492622252064e-01 5.379446994029967785e+08 3.403762659033414125e+08
3.919368590396599683e-01 5.436647344148857594e+08 3.412334763043226600e+08
3.935993688203087704e-01 5.492635828749282360e+08 3.419329888382804990e+08
3.952618786041311449e-01 5.547047668436818123e+08 3.424682462202374339e+08
3.969243883910870685e-01 5.599532889308183193e+08 3.428330517228800654e+08
3.985868981811374612e-01 5.649756399072290659e+08 3.430215687948179841e+08
4.002494079742436872e-01 5.697398048909476995e+08 3.430283204267086983e+08
4.019119177703678880e-01 5.742152681110136509e+08 3.428481883091001511e+08
4.035744275694727046e-01 5.783730162494332790e+08 3.424764118197010756e+08
4.052369373715214440e-01 5.821855403717581034e+08 3.419085868636193275e+08
4.068994471764781906e-01 5.856268364438239336e+08 3.411406645890662670e+08
4.085619569843071952e-01 5.886724044484232664e+08 3.401689499862685204e+08
4.102244667949735413e-01 5.912992461056596041e+08 3.389901003815191984e+08
4.118869766084432005e-01 5.934858612087324858e+08 3.376011238233541250e+08
4.135494864246819224e-01 5.952122425807071924e+08 3.359993773650211096e+08
4.152119962436567890e-01 5.964598696730500460e+08 3.341825652336236238e+08
4.168745060653349932e-01 5.972117008038436174e+08 3.321487368845782280e+08
4.185370158896842829e-01 5.974521640670984983e+08 3.298962849278346896e+08
4.201995257166728504e-01 5.971671469102467299e+08 3.274239429215751290e+08
4.218620355462696647e-01 5.963439844112846851e+08 3.247307830167009234e+08
4.235245453784438063e-01 5.949714462577735186e+08 3.218162134474948645e+08
4.251870552131651881e-01 5.930397224614605904e+08 3.186799758497055173e+08
4.268495650504041117e-01 5.905404078115781546e+08 3.153221424019071460e+08
4.285120748901312115e-01 5.874664851015022993e+08 3.117431127703621984e+08
4.301745847323175664e-01 5.838123071373584270e+08 3.079436108550214171e+08
4.318370945769347546e-01 5.795735775613160133e+08 3.039246813161574602e+08
4.334996044239549096e-01 5.747473305057888031e+08 2.996876858813048005e+08
4.351621142733504422e-01 5.693319091059376001e+08 2.952342994123131037e+08
4.368246241250944295e-01 5.633269428927849531e+08 2.905665057346347570e+08
4.384871339791597822e-01 5.567333241004490852e+08 2.856865932085673213e+08
4.401496438355204099e-01 5.495531828997980356e+08 2.805971500481187105e+08
4.418121536941504446e-01 5.417898616079757214e+08 2.753010593668552041e+08
4.434746635550242400e-01 5.334478878764446974e+08 2.698014939601486325e+08
4.451371734181167605e-01 5.245329469146634340e+08 2.641019108032959998e+08
4.467996832834031928e-01 5.150518527541625500e+08 2.582060452785634995e+08
4.484621931508591675e-01 5.050125186058726907e+08 2.521179051104177833e+08
4.501247030204606481e-01 4.944239263243191242e+08 2.458417640266196430e+08
4.517872128921838204e-01 4.832960950300902128e+08 2.393821551234671175e+08
4.534497227660054253e-01 4.716400489005237818e+08 2.327438639584692717e+08
4.551122326419027031e-01 4.594677841927807927e+08 2.259319213462148607e+08
4.567747425198525613e-01 4.467922354982804060e+08 2.189515958885210752e+08
4.584372523998329063e-01 4.336272413034396172e+08 2.118083862106066346e+08
4.600997622818217003e-01 4.199875088490182161e+08 2.045080129431337118e+08
4.617622721657972384e-01 4.058885783734530210e+08 1.970564104173724651e+08
4.634247820517383154e-01 3.913467867215308547e+08 1.894597181239724755e+08
4.650872919396236149e-01 3.763792304193664789e+08 1.817242718958199024e+08
4.667498018294323758e-01 3.610037281805096269e+08 1.738565948808820844e+08
4.684123117211442255e-01 3.452387829646807313e+08 1.658633882551532388e+08
4.700748216147389580e-01 3.291035435344794393e+08 1.577515217641888559e+08
4.717373315101965336e-01 3.126177656534698606e+08 1.495280240298639238e+08
4.733998414074974126e-01 2.958017728465384841e+08 1.412000727455894947e+08
4.750623513066224435e-01 2.786764168982133269e+08 1.327749846813369691e+08
4.767248612075521974e-01 2.612630379703404009e+08 1.242602056816548854e+08
4.783873711102680226e-01 2.435834245671161711e+08 1.156633005691408962e+08
4.800498810147514894e-01 2.256597731587233841e+08 1.069919432583161145e+08
4.817123909209840571e-01 2.075146477876786292e+08 9.825390702698948979e+07
4.833749008289477955e-01 1.891709393439176977e+08 8.945705555933156610e+07
4.850374107386249412e-01 1.706518249966856539e+08 8.060933497747988999e+07
4.866999206499977859e-01 1.519807272460961938e+08 7.171876852108874917e+07
4.883624305630492324e-01 1.331812734055954814e+08 6.279345575259326398e+07
4.900249404777619611e-01 1.142772544943777025e+08 5.384158313015618175e+07
4.916874503941192631e-01 9.529258510885542631e+07 4.487146035687754303e+07
4.933499603121045407e-01 7.625126200139474869e+07 3.589163200201279670e+07
4.950124702317013070e-01 5.717732526502705365e+07 2.691123559739025310e+07
4.966749801528934083e-01 3.809481512339370698e+07 1.794147039967227355e+07
4.983374900756649684e-01 1.902774561980150267e+07 9.005637390021668747e+06
