# r [arcsec]	I [Jy/sr]	I_uncer [Jy/sr]
3.817853577942286001e-03 6.129827680814709473e+10 6.118841529261234999e+08
8.763567027319327241e-03 6.123378103312509155e+10 6.101084922947061062e+08
1.373848758764146562e-02 6.111788680235986328e+10 6.069270580995388031e+08
1.872000728009374365e-02 6.095080549036601257e+10 6.023558876360584497e+08
2.370403017919163122e-02 6.073287562507734680e+10 5.964201641404252052e+08
2.868926438607016446e-02 6.046454170150730133e+10 5.891529105838743448e+08
3.367517554121116780e-02 6.014635102946554565e+10 5.805947041322811842e+08
3.866150302165524688e-02 5.977895184216847229e+10 5.707934769946467876e+08
4.364810467787801074e-02 5.936309138382024384e+10 5.598043160759762526e+08
4.863489642318288148e-02 5.889961378472733307e+10 5.476892513751150370e+08
5.362182534931311806e-02 5.838945768707676697e+10 5.345170354453431368e+08
5.860885650759287135e-02 5.783365361680548859e+10 5.203629197950437665e+08
6.359596588733901212e-02 5.723332110602333069e+10 5.053084359687977433e+08
6.858313644859315161e-02 5.658966557382291412e+10 4.894411904755371809e+08
7.357035576433633428e-02 5.590397497498299408e+10 4.728546840133957267e+08
7.855761455883611410e-02 5.517761622717200470e+10 4.556481665801151991e+08
8.354490576851973660e-02 5.441203142812141418e+10 4.379265409264490008e+08
8.853222391973845917e-02 5.360873387497532654e+10 4.198003270742688179e+08
9.351956470533653865e-02 5.276930389868045044e+10 4.013856997319943309e+08
9.850692468967806037e-02 5.189538452688594055e+10 3.828046074064885974e+08
1.034943010988605139e-01 5.098867698935740662e+10 3.641849752744008303e+08
1.084816916687353777e-01 5.005093608041133118e+10 3.456609809290384054e+08
1.134690945329698275e-01 4.908396539330669403e+10 3.273733692432419658e+08
1.184565081393615799e-01 4.808961244191818237e+10 3.094697345396050215e+08
1.234439311864233557e-01 4.706976368535405731e+10 2.921046384510832429e+08
1.284313625747323662e-01 4.602633947144326019e+10 2.754393437155731916e+08
1.334188013691842700e-01 4.496128891525916290e+10 2.596408250329368711e+08
1.384062467694026355e-01 4.387658472898854065e+10 2.448795778830006421e+08
1.433936980863204647e-01 4.277421801958316040e+10 2.313256218581658602e+08
1.483811547234816508e-01 4.165619307066590881e+10 2.191420687338884473e+08
1.533686161619891020e-01 4.052452212517287445e+10 2.084758314923200607e+08
1.583560819482959792e-01 3.938122018512849426e+10 1.994456392915419042e+08
1.633435516842324520e-01 3.822829984485589600e+10 1.921285457790853679e+08
1.683310250188047585e-01 3.706776617371743011e+10 1.865473462153274119e+08
1.733185016414096891e-01 3.590161166427797699e+10 1.826621526093304753e+08
1.783059812761873808e-01 3.473181126146613312e+10 1.803690774718938172e+08
1.832934636772959591e-01 3.356031748798532486e+10 1.795072600071674883e+08
1.882809486249364950e-01 3.238905568082615280e+10 1.798729677080615163e+08
1.932684359219939418e-01 3.121991935327738953e+10 1.812374916690348983e+08
1.982559253911843622e-01 3.005476569634421158e+10 1.833649951225693822e+08
2.032434168726222901e-01 2.889541123293607712e+10 1.860273645940390229e+08
2.082309102217375085e-01 2.774362763759041214e+10 1.890146745683319867e+08
2.132184053074845376e-01 2.660113773387210464e+10 1.921412735570025742e+08
2.182059020107968983e-01 2.546961168089820099e+10 1.952483176717151701e+08
2.231934002232490444e-01 2.435066335974552155e+10 1.982038312207540870e+08
2.281808998458938198e-01 2.324584696971476746e+10 2.009012740002986491e+08
2.331684007882487975e-01 2.215665384367342758e+10 2.032573535126950741e+08
2.381559029674101546e-01 2.108450949085322952e+10 2.052095705887280107e+08
2.431434063072751561e-01 2.003077087465620041e+10 2.067137865181299448e+08
2.481309107378594780e-01 1.899672393214457321e+10 2.077419601273663640e+08
2.531184161946937738e-01 1.798358134099549484e+10 2.082801151207635999e+08
2.581059226182911837e-01 1.699248053881338882e+10 2.083265470097500086e+08
2.630934299536754062e-01 1.602448199874184799e+10 2.078902521046249270e+08
2.680809381499607014e-01 1.508056776441197777e+10 2.069895487006406784e+08
2.730684471599785779e-01 1.416164024630772209e+10 2.056508563198260963e+08
2.780559569399445041e-01 1.326852128068438530e+10 2.039075986891725063e+08
2.830434674491599245e-01 1.240195145124362183e+10 2.017991977403341234e+08
2.880309786497447511e-01 1.156258967281457520e+10 1.993701280930440724e+08
2.930184905063976664e-01 1.075101303536491966e+10 1.966690037217850685e+08
2.980060029861805737e-01 9.967716905741853714e+09 1.937476707464413345e+08
3.029935160583238640e-01 9.213115283630081177e+09 1.906602827944020331e+08
3.079810296940508341e-01 8.487541407331269264e+09 1.874623386452075243e+08
3.129685438664192021e-01 7.791248604090801239e+09 1.842096665374031961e+08
3.179560585501768344e-01 7.124411378862731934e+09 1.809573462901312411e+08
3.229435737216315716e-01 6.487126734579826355e+09 1.777585698676934242e+08
3.279310893585324904e-01 5.879415716217038155e+09 1.746634534508897960e+08
3.329186054399617678e-01 5.301225170180548668e+09 1.717178291172837317e+08
3.379061219462368704e-01 4.752429709847942352e+09 1.689620606142797470e+08
3.428936388588199047e-01 4.232833877406239033e+09 1.664299431556545794e+08
3.478811561602362934e-01 3.742174491509647369e+09 1.641477585245167911e+08
3.528686738339993356e-01 3.280123169690159798e+09 1.621335605632618368e+08
3.578561918645413176e-01 2.846289013921702385e+09 1.603967595471939147e+08
3.628437102371503964e-01 2.440221447246837616e+09 1.589380558844403923e+08
3.678312289379127020e-01 2.061413188943933010e+09 1.577497455238139331e+08
3.728187479536588800e-01 1.709303355324922085e+09 1.568163854905963838e+08
3.778062672719147974e-01 1.383280672933781147e+09 1.561157740198979378e+08
3.827937868808565791e-01 1.082686790634351015e+09 1.556201719560545683e+08
3.877813067692685856e-01 8.068196768716319799e+08 1.552976750815629959e+08
3.927688269265047216e-01 5.549370882233452797e+08 1.551136428012416065e+08
3.977563473424529095e-01 3.262600952668765187e+08 1.550320961927514076e+08
4.027438680075018929e-01 1.199766517398007065e+08 1.550170146775074005e+08
4.077313889125108171e-01 -6.475480700737232715e+07 1.550334812849493325e+08
4.127189100487804740e-01 -2.288017501965894997e+08 1.550486476763379574e+08
4.177064314080274343e-01 -3.730539362411469817e+08 1.550325087722017467e+08
4.226939529823587338e-01 -4.984198094096003175e+08 1.549584913010371327e+08
4.276814747642498915e-01 -6.058229218996295929e+08 1.548038703756805062e+08
4.326689967465233155e-01 -6.961983943924976587e+08 1.545500336794934273e+08
4.376565189223286523e-01 -7.704894278103249073e+08 1.541826148483303785e+08
4.426440412851241901e-01 -8.296438785958163738e+08 1.536915171519695818e+08
4.476315638286594845e-01 -8.746109093912075758e+08 1.530708465261419713e+08
4.526190865469603142e-01 -9.063377264965243340e+08 1.523187701299790740e+08
4.576066094343120838e-01 -9.257664149512391090e+08 1.514373134497683048e+08
4.625941324852472225e-01 -9.338308815071074963e+08 1.504321059086623192e+08
4.675816556945310287e-01 -9.314539151417452097e+08 1.493120822078547478e+08
4.725691790571502904e-01 -9.195443741157432795e+08 1.480891443574034870e+08
4.775567025683005173e-01 -8.989945078908524513e+08 1.467777876474739611e+08
4.825442262233765600e-01 -8.706774215202006102e+08 1.453946927213465273e+08
4.875317500179611185e-01 -8.354446893829663992e+08 1.439582854968174398e+08
4.925192739478161941e-01 -7.941241243835506439e+08 1.424882669863708317e+08
4.975067980088735964e-01 -7.475177079605350494e+08 1.410051161177335680e+08
5.024943221972267837e-01 -6.963996854629658461e+08 1.395295704499098957e+08
5.074818465091224251e-01 -6.415148306557760239e+08 1.380820921431402862e+08
5.124693709409537945e-01 -5.835768823136196136e+08 1.366823295110839605e+08
5.174568954892526662e-01 -5.232671550555234551e+08 1.353485876795753241e+08
5.224444201506837082e-01 -4.612333257713009119e+08 1.340973248945472687e+08
5.274319449220377098e-01 -3.980883961911805868e+08 1.329426933633967936e+08
5.324194698002251425e-01 -3.344098313626360893e+08 1.318961446444965154e+08
5.374069947822720517e-01 -2.707388730210841894e+08 1.309661190439016521e+08
5.423945198653131738e-01 -2.075800260834288299e+08 1.301578359395174384e+08
5.473820450465878285e-01 -1.454007157524476945e+08 1.294731974123275429e+08
5.523695703234354770e-01 -8.463111200653526187e+07 1.289108113417375833e+08
5.573570956932899501e-01 -2.566411755729313940e+07 1.284661328586425036e+08
5.623446211536771155e-01 3.114448529946007952e+07 1.281317156078581214e+08
5.673321467022091058e-01 8.547573414127664268e+07 1.278975575756658018e+08
5.723196723365815419e-01 1.370470379788408279e+08 1.277515210855465978e+08
5.773071980545696480e-01 1.856115872643772960e+08 1.276798034829650819e+08
5.822947238540248094e-01 2.309576292079203725e+08 1.276674341867495477e+08
5.872822497328716862e-01 2.729076157322062850e+08 1.276987750035431832e+08
5.922697756891045495e-01 3.113172318224278688e+08 1.277580034404113442e+08
5.972573017207846169e-01 3.460743124093329310e+08 1.278295626218836308e+08
6.022448278260374988e-01 3.770976562555806637e+08 1.278985657220099866e+08
6.072323540030505340e-01 4.043357456029223800e+08 1.279511470370408595e+08
6.122198802500696813e-01 4.277653805732128620e+08 1.279747555736883432e+08
6.172074065653979646e-01 4.473902375025201440e+08 1.279583900887844563e+08
6.221949329473926982e-01 4.632393605253809690e+08 1.278927768069165200e+08
6.271824593944635984e-01 4.753655958143585920e+08 1.277704925913680941e+08
6.321699859050702308e-01 4.838439779145175815e+08 1.275860372475923449e+08
6.371575124777206778e-01 4.887700776052201390e+08 1.273358590280933231e+08
6.421450391109693179e-01 4.902583206586520672e+08 1.270183374291661233e+08
6.471325658034148276e-01 4.884402867587222457e+08 1.266337271525135189e+08
6.521200925536991821e-01 4.834629976929917932e+08 1.261840667727340758e+08
6.571076193605055460e-01 4.754872037290264368e+08 1.256730552964244932e+08
6.620951462225563855e-01 4.646856768534659147e+08 1.251058995049168468e+08
6.670826731386124697e-01 4.512415192642307281e+08 1.244891347961873710e+08
6.720702001074717602e-01 4.353464951957715154e+08 1.238304222288206518e+08
6.770577271279670795e-01 4.171993937960392237e+08 1.231383246481939405e+08
6.820452541989658890e-01 3.970044303914754391e+08 1.224220651544107646e+08
6.870327813193682909e-01 3.749696930544761419e+08 1.216912717421238273e+08
6.920203084881060285e-01 3.513056409430971146e+08 1.209557126759703904e+08
6.970078357041413764e-01 3.262236604128027558e+08 1.202250280035184026e+08
7.019953629664664740e-01 2.999346844048187137e+08 1.195084634713000804e+08
7.069828902741016607e-01 2.726478801078443527e+08 1.188146138928981125e+08
7.119704176260943651e-01 2.445694093618105650e+08 1.181511836026959568e+08
7.169579450215193273e-01 2.159012657348727286e+08 1.175247718907303363e+08
7.219454724594762673e-01 1.868401916569225788e+08 1.169406911454458088e+08
7.269329999390895525e-01 1.575766784451001287e+08 1.164028247548108846e+08
7.319205274595077526e-01 1.282940514965252876e+08 1.159135306089719981e+08
7.369080550199024193e-01 9.916764237712106109e+07 1.154735943459540904e+08
7.418955826194673087e-01 7.036404898419179022e+07 1.150822343921656907e+08
7.468831102574174929e-01 4.204048442037189007e+07 1.147371585302795172e+08
7.518706379329892497e-01 1.434421468889169022e+07 1.144346693781521618e+08
7.568581656454390627e-01 -1.258791519755231775e+07 1.141698139865512550e+08
7.618456933940425113e-01 -3.862986759999457747e+07 1.139365709465568364e+08
7.668332211780939378e-01 -6.366671251481860876e+07 1.137280670725369751e+08
7.718207489969062252e-01 -8.759484355836708844e+07 1.135368149664079100e+08
7.768082768498100199e-01 -1.103221119529756308e+08 1.133549625737260729e+08
7.817958047361527329e-01 -1.317678812037737221e+08 1.131745461543850005e+08
7.867833326552983175e-01 -1.518630055310346186e+08 1.129877388039339632e+08
7.917708606066273802e-01 -1.705497354792110920e+08 1.127870876488702297e+08
7.967583885895350715e-01 -1.877815544395566583e+08 1.125657339653331786e+08
8.017459166034320850e-01 -2.035229501108911037e+08 1.123176116172962785e+08
8.067334446477437693e-01 -2.177491251773383915e+08 1.120376202796874493e+08
8.117209727219093507e-01 -2.304456517006672919e+08 1.117217708386225104e+08
8.167085008253823775e-01 -2.416080739089349508e+08 1.113673011078223586e+08
8.216960289576287213e-01 -2.512414642121359706e+08 1.109727605597748607e+08
8.266835571181275766e-01 -2.593599373906860650e+08 1.105380631553834081e+08
8.316710853063710163e-01 -2.659861279795210958e+08 1.100645076009092778e+08
8.366586135218624376e-01 -2.711506359160271287e+08 1.095547645106563121e+08
8.416461417641176723e-01 -2.748914455292607546e+08 1.090128300649114996e+08
8.466336700326639875e-01 -2.772533229253255725e+08 1.084439458874372840e+08
8.516211983270388641e-01 -2.782871967665172815e+08 1.078544850917566270e+08
8.566087266467917738e-01 -2.780495273572199941e+08 1.072518048240705431e+08
8.615962549914814028e-01 -2.766016688314242363e+08 1.066440662250516564e+08
8.665837833606774288e-01 -2.740092290930057764e+08 1.060400235855786949e+08
8.715713117539596322e-01 -2.703414319895430207e+08 1.054487856074567139e+08
8.765588401709160093e-01 -2.656704860040438473e+08 1.048795530865817666e+08
8.815463686111453256e-01 -2.600709635321190953e+08 1.043413389555024803e+08
8.865338970742548952e-01 -2.536191945737767220e+08 1.038426783464163095e+08
8.915214255598600257e-01 -2.463926784133233428e+08 1.033913380002545863e+08
8.965089540675857949e-01 -2.384695165870699584e+08 1.029940357459941208e+08
9.014964825970653850e-01 -2.299278701552984118e+08 1.026561816793223023e+08
9.064840111479389728e-01 -2.208454439967520833e+08 1.023816528674515784e+08
9.114715397198557278e-01 -2.112990005387299657e+08 1.021726127358895540e+08
9.164590683124720361e-01 -2.013639050240468085e+08 1.020293846947464496e+08
9.214465969254520550e-01 -1.911137041016355455e+08 1.019503870937490910e+08
9.264341255584663815e-01 -1.806197392082857490e+08 1.019321334521968365e+08
9.314216542111933839e-01 -1.699507958949729800e+08 1.019692983914340883e+08
9.364091828833184250e-01 -1.591727899360092878e+08 1.020548461681672186e+08
9.413967115745327519e-01 -1.483484907530387342e+08 1.021802155317399204e+08
9.463842402845346058e-01 -1.375372823831375539e+08 1.023355521120366603e+08
9.513717690130290006e-01 -1.267949619310968518e+08 1.025099778834757209e+08
9.563592977597260569e-01 -1.161735751645035446e+08 1.026918865130256861e+08
9.613468265243425570e-01 -1.057212886424317509e+08 1.028692535263880938e+08
9.663343553066010561e-01 -9.548229751868537068e+07 1.030299510632375926e+08
9.713218841062303266e-01 -8.549676791971907020e+07 1.031620583252715021e+08
9.763094129229632490e-01 -7.580081258258652687e+07 1.032541604209316075e+08
9.812969417565396979e-01 -6.642649823251360655e+07 1.032956299673508555e+08
9.862844706067037670e-01 -5.740188300301962346e+07 1.032768873511119187e+08
9.912719994732055451e-01 -4.875108203554435074e+07 1.031896368543988019e+08
9.962595283557990067e-01 -4.049435925834260136e+07 1.030270768492715061e+08
1.001247057254244233e+00 -3.264824322266612202e+07 1.027840829173377603e+08
1.006234586168305301e+00 -2.522566477796471119e+07 1.024573630656275898e+08
1.011222115097751173e+00 -1.823611428947127238e+07 1.020455841985803545e+08
1.016209644042354920e+00 -1.168581604868512414e+07 1.015494687019968778e+08
1.021197173001895608e+00 -5.577917491752782837e+06 1.009718594363529384e+08
1.026184701976153857e+00 8.730917127311104559e+04 1.003177506685456187e+08
1.031172230964917613e+00 5.312255307080456987e+06 9.959428155274553597e+07
1.036159759967976379e+00 1.010175655179380439e+07 9.881068778052794933e+07
1.041147288985125208e+00 1.446286816547477990e+07 9.797820606901240349e+07
1.046134818016162260e+00 1.840463730201504007e+07 9.710992539912791550e+07
1.051122347060890139e+00 2.193787437060294673e+07 9.622057856443953514e+07
1.056109876119114777e+00 2.507492556915657595e+07 9.532626791060727835e+07
1.061097405190645881e+00 2.782944856045647711e+07 9.444412044662387669e+07
1.066084934275296714e+00 3.021619314236090705e+07 9.359187010389216244e+07
1.071072463372883643e+00 3.225078862565597147e+07 9.278736905436839163e+07
1.076059992483227479e+00 3.394953949720954895e+07 9.204803574809530377e+07
1.081047521606151030e+00 3.532923078784081340e+07 9.139025447467324138e+07
1.086035050741481101e+00 3.640694441233032197e+07 9.082874917177391052e+07
1.091022579889048050e+00 3.719988758324770629e+07 9.037596183761203289e+07
1.096010109048684011e+00 3.772523423462007195e+07 9.004147184157022834e+07
1.100997638220225783e+00 3.799998022395902872e+07 8.983149515337075293e+07
1.105985167403511937e+00 3.804081291168789566e+07 8.974850079637432098e+07
1.110972696598383935e+00 3.786399555060690641e+07 8.979097515152099729e+07
1.115960225804686790e+00 3.748526675085796416e+07 8.995335358437283337e+07
1.120947755022267955e+00 3.691975512841794640e+07 9.022612476528288424e+07
1.125935284250977553e+00 3.618190908532261103e+07 9.059609826214285195e+07
1.130922813490668366e+00 3.528544152328088880e+07 9.104681292798633873e+07
1.135910342741195622e+00 3.424328914954895526e+07 9.155905424971295893e+07
1.140897872002417213e+00 3.306758590056936443e+07 9.211144421822005510e+07
1.145885401274193693e+00 3.176964988591353595e+07 9.268106742495697737e+07
1.150872930556387619e+00 3.035998314147375524e+07 9.324410110590016842e+07
1.155860459848864208e+00 2.884828337870558351e+07 9.377642336757560074e+07
1.160847989151490678e+00 2.724346682757465169e+07 9.425418138156184554e+07
1.165835518464137355e+00 2.555370118987545744e+07 9.465430870299844444e+07
1.170823047786675675e+00 2.378644765784863010e+07 9.495498723109804094e+07
1.175810577118979738e+00 2.194851089646286145e+07 9.513605428086847067e+07
1.180798106460926311e+00 2.004609584994612262e+07 9.517935870858553052e+07
1.185785635812393490e+00 1.808487020488451794e+07 9.506907218691810966e+07
1.190773165173261150e+00 1.607003132827296853e+07 9.479196282383316755e+07
1.195760694543412272e+00 1.400637649590857141e+07 9.433763864919644594e+07
1.200748223922731173e+00 1.189837523800810054e+07 9.369876830183871090e+07
1.205735753311103498e+00 9.750242649233449250e+06 9.287128571906936169e+07
1.210723282708418003e+00 7.566012543476884253e+06 9.185458485021327436e+07
1.215710812114564332e+00 5.349609378383780830e+06 9.065170938948012888e+07
1.220698341529434350e+00 3.104917924671323970e+06 8.926954114082080126e+07
1.225685870952921253e+00 8.358497211015176727e+05 8.771898866489958763e+07
1.230673400384920457e+00 -1.453594577278388897e+06 8.601517494272410870e+07
1.235660929825329379e+00 -3.759267770239260513e+06 8.417761837996262312e+07
1.240648459274045878e+00 -6.076824333767951466e+06 8.223039484664468467e+07
1.245635988730970478e+00 -8.401674931285059080e+06 8.020225872815676033e+07
1.250623518196004813e+00 -1.072894776400723308e+07 7.812668729726453125e+07
1.255611047669052738e+00 -1.305345721028007939e+07 7.604179464548154175e+07
1.260598577150018551e+00 -1.536968010744898766e+07 7.399003965075719357e+07
1.265586106638808772e+00 -1.767173992838242278e+07 7.201763016598665714e+07
1.270573636135331475e+00 -1.995339900430113077e+07 7.017351003960569203e+07
1.275561165639495398e+00 -2.220805884849704430e+07 6.850781934471331537e+07
1.280548695151212168e+00 -2.442876853435906768e+07 6.706975841253395379e+07
1.285536224670393413e+00 -2.660824098901228979e+07 6.590487880900052190e+07
1.290523754196952311e+00 -2.873887697142320126e+07 6.505197158544387668e+07
1.295511283730804264e+00 -3.081279641561722010e+07 6.453989825522130728e+07
1.300498813271864673e+00 -3.282187673919867724e+07 6.438485069411327690e+07
1.305486342820051382e+00 -3.475779764032106847e+07 6.458855306201104075e+07
1.310473872375283122e+00 -3.661209183611997962e+07 6.513778126731275022e+07
1.315461401937479291e+00 -3.837620113349731266e+07 6.600529779465958476e+07
1.320448931506561285e+00 -4.004153716673324257e+07 6.715198403697609901e+07
1.325436461082451389e+00 -4.159954609014239162e+07 6.852972320945131779e+07
1.330423990665072775e+00 -4.304177647296601534e+07 7.008451817935366929e+07
1.335411520254350393e+00 -4.435994961472298950e+07 7.175940986624106765e+07
1.340399049850209634e+00 -4.554603147375642508e+07 7.349692442296622694e+07
1.345386579452577447e+00 -4.659230539260013402e+07 7.524094488127620518e+07
1.350374109061381667e+00 -4.749144479186183959e+07 7.693802752276134491e+07
1.355361638676551461e+00 -4.823658501609972119e+07 7.853825195285126567e+07
1.360349168298016442e+00 -4.882139351740259677e+07 7.999571648348179460e+07
1.365336697925707776e+00 -4.924013759153714776e+07 8.126878432160848379e+07
1.370324227559557517e+00 -4.948774890039714426e+07 8.232016673318320513e+07
1.375311757199498608e+00 -4.955988405763030052e+07 8.311690700362336636e+07
1.380299286845465101e+00 -4.945298058803625405e+07 8.363030898403671384e+07
1.385286816497391715e+00 -4.916430762925416976e+07 8.383583819185863435e+07
1.390274346155214724e+00 -4.869201078695651889e+07 8.371301197732119262e+07
1.395261875818870623e+00 -4.803515062884853780e+07 8.324528744013944268e+07
1.400249405488297016e+00 -4.719373435090695322e+07 8.241995076539465785e+07
1.405236935163432621e+00 -4.616874023534127325e+07 8.122800857485347986e+07
1.410224464844216596e+00 -4.496213457243893296e+07 7.966408019690024853e+07
1.415211994530589656e+00 -4.357688081501360983e+07 7.772628889135840535e+07
1.420199524222492293e+00 -4.201694078420113772e+07 7.541614979790721834e+07
1.425187053919866997e+00 -4.028726785416422039e+07 7.273845237761262059e+07
1.430174583622656481e+00 -3.839379208404915780e+07 6.970113537611122429e+07
1.435162113330804123e+00 -3.634339738728550076e+07 6.631515261224742979e+07
1.440149643044254413e+00 -3.414389085193379223e+07 6.259432831275196373e+07
1.445137172762952060e+00 -3.180396446443719789e+07 5.855520102444379032e+07
1.450124702486843331e+00 -2.933314948323101178e+07 5.421685558299183846e+07
1.455112232215874490e+00 -2.674176387542715296e+07 4.960074287015061826e+07
1.460099761949993358e+00 -2.404085317132766172e+07 4.473048755233708769e+07
1.465087291689147531e+00 -2.124212531444189698e+07 3.963168414650416374e+07
1.470074821433285939e+00 -1.835787992403259128e+07 3.433168230878406018e+07
1.475062351182357734e+00 -1.540093274419980496e+07 2.885936232126352936e+07
1.480049880936313622e+00 -1.238453564586894773e+07 2.324490297875647992e+07
1.485037410695103866e+00 -9.322293316561285406e+06 1.751954596034912765e+07
1.490024940458680058e+00 -6.228076498543110676e+06 1.171537663150331005e+07
1.495012470226994683e+00 -3.115935030648048036e+06 5.865272195774984546e+06
