# r [arcsec]	I [Jy/sr]	I_uncer [Jy/sr]
1.272617859314095550e-03 1.497020361435393372e+11 3.894666821927524090e+09
2.921189009106442414e-03 1.495974689112638245e+11 3.887487372283056736e+09
4.579495862547155495e-03 1.494095357956710815e+11 3.874632611110620022e+09
6.240002426697914550e-03 1.491385224698990784e+11 3.856132303442714214e+09
7.901343393063876494e-03 1.487848957993587646e+11 3.832048165802946091e+09
9.563088128690054243e-03 1.483492699189320068e+11 3.802463381169472218e+09
1.122505851373705593e-02 1.478324016731998291e+11 3.767480928261743546e+09
1.288716767388508287e-02 1.472351882256105347e+11 3.727222969851983547e+09
1.454936822595933807e-02 1.465586647555767822e+11 3.681830414746077061e+09
1.621163214106096165e-02 1.458040019297751465e+11 3.631462502705273151e+09
1.787394178310437384e-02 1.449725030838289185e+11 3.576296379661302090e+09
1.953628550253095827e-02 1.440656011026589966e+11 3.516526658001959801e+09
2.119865529577967186e-02 1.430848550017561951e+11 3.452364965623860836e+09
2.286104548286438387e-02 1.420319462167134094e+11 3.384039491397103786e+09
2.452345192144544592e-02 1.409086746106290283e+11 3.311794537074884892e+09
2.618587151961204035e-02 1.397169542103325195e+11 3.235890087488856316e+09
2.784830192283991451e-02 1.384588086833870850e+11 3.156601412483560562e+09
2.951074130657948408e-02 1.371363665686844330e+11 3.074218715633368492e+09
3.117318823511218417e-02 1.357518562741049347e+11 2.989046846301224709e+09
3.283564156322602012e-02 1.343076008554553986e+11 2.901405093054811478e+09
3.449810036628684490e-02 1.328060125914158630e+11 2.811627077658658504e+09
3.616056388957845924e-02 1.312495873698260498e+11 2.720060769622141361e+09
3.782303151098994481e-02 1.296408989011147156e+11 2.627068641144237518e+09
3.948550271312052662e-02 1.279825927750669250e+11 2.533027980677145004e+09
4.114797706214112089e-02 1.262773803776039886e+11 2.438331379233193874e+09
4.281045419157746001e-02 1.245280326844732056e+11 2.343387395557752609e+09
4.447293378972808769e-02 1.227373739490993347e+11 2.248621392271226883e+09
4.613541558980088775e-02 1.209082753020115509e+11 2.154476512079383850e+09
4.779789936210682849e-02 1.190436482794683380e+11 2.061414727094870090e+09
4.946038490782722619e-02 1.171464382989731598e+11 1.969917839994175434e+09
5.112287205399637657e-02 1.152196180994649963e+11 1.880488236954046965e+09
5.278536064943199074e-02 1.132661811638956451e+11 1.793649082893921375e+09
5.444785056141081270e-02 1.112891351419624634e+11 1.709943505459239006e+09
5.611034167293492414e-02 1.092914952904873505e+11 1.629932138173290253e+09
5.777283388046990098e-02 1.072762779489517822e+11 1.554188202189750433e+09
5.943532709206246489e-02 1.052464940672997742e+11 1.483289142102109909e+09
6.109782122576532665e-02 1.032051428029673920e+11 1.417803772930010796e+09
6.276031620831216962e-02 1.011552052037403717e+11 1.358274062816406965e+09
6.442281197399798987e-02 9.909963799260273743e+10 1.305191214079304218e+09
6.608530846372812073e-02 9.704136747043766785e+10 1.258966727176119804e+09
6.774780562420743002e-02 9.498328355184658813e+10 1.219900614484926939e+09
6.941030340724584080e-02 9.292823394893589783e+10 1.188150594129722595e+09
7.107280176916151715e-02 9.087901851730307007e+10 1.163707361213194132e+09
7.273530067026563739e-02 8.883838377786825562e+10 1.146381186136126280e+09
7.439780007441634813e-02 8.680901762762269592e+10 1.135803646183137894e+09
7.606029994863128252e-02 8.479354425156291199e+10 1.131445423512636900e+09
7.772280026274960840e-02 8.279451924754847717e+10 1.132647708452791691e+09
7.938530098913672284e-02 8.081442497492144775e+10 1.138662074066835403e+09
8.104780210242505667e-02 7.885566613708071899e+10 1.148692636338419914e+09
8.271030357928650656e-02 7.692056560738136292e+10 1.161934995549937487e+09
8.437280539823126257e-02 7.501136050686497498e+10 1.177608272562715054e+09
8.603530753943039455e-02 7.313019854164199829e+10 1.194978658858278751e+09
8.769780998455847798e-02 7.127913460668965149e+10 1.213374630444274187e+09
8.936031271665356712e-02 6.946012766222381592e+10 1.232195046524164200e+09
9.102281571999285004e-02 6.767503788770973969e+10 1.250911792859252930e+09
9.268531897998151525e-02 6.592562411783141327e+10 1.269068622372256517e+09
9.434782248305331742e-02 6.421354156384627533e+10 1.286277598206448555e+09
9.601032621658157906e-02 6.254033982283200836e+10 1.302214215043718815e+09
9.767283016879922675e-02 6.090746117647217560e+10 1.316611957122878790e+09
9.933533432872686253e-02 5.931623918018871307e+10 1.329256788804128885e+09
1.009978386861079547e-01 5.776789754249887085e+10 1.339981875996323347e+09
1.026603432313502873e-01 5.626354929368373871e+10 1.348662698361595392e+09
1.043228479554730720e-01 5.480419624197119904e+10 1.355212620828136921e+09
1.059853528500589448e-01 5.339072871463311768e+10 1.359578936140795946e+09
1.076478579072105424e-01 5.202392558057411957e+10 1.361739357223272800e+09
1.093103631195108394e-01 5.070445455022782898e+10 1.361698920893713713e+09
1.109728684799872744e-01 4.943287274778132629e+10 1.359487257050011396e+09
1.126353739820789568e-01 4.820962755005205536e+10 1.355156175823518991e+09
1.142978796196066349e-01 4.703505768559633636e+10 1.348777526721692801e+09
1.159603853867454265e-01 4.590939458697761536e+10 1.340441286743642807e+09
1.176228912779997832e-01 4.483276398847434998e+10 1.330253837810454607e+09
1.192853972881804531e-01 4.380518776086145020e+10 1.318336396991947412e+09
1.209479034123834701e-01 4.282658597439913940e+10 1.304823565562503338e+09
1.226104096459709192e-01 4.189677918053473663e+10 1.289861964747762918e+09
1.242729159845529646e-01 4.101549090238181305e+10 1.273608927056880236e+09
1.259354224239715991e-01 4.018235032356707764e+10 1.256231212408525467e+09
1.275979289602855449e-01 3.939689516460059357e+10 1.237903717969462156e+09
1.292604355897561952e-01 3.865857473556348419e+10 1.218808149979881048e+09
1.309229423088349165e-01 3.796675315355460358e+10 1.199131625172425270e+09
1.325854491141509606e-01 3.732071271305950165e+10 1.179065169161707401e+09
1.342479560025006402e-01 3.671965739713117981e+10 1.158802080025990486e+09
1.359104629708369483e-01 3.616271651708249664e+10 1.138536127943121672e+09
1.375729700162601765e-01 3.564894846822536469e+10 1.118459567068629265e+09
1.392354771360091448e-01 3.517734458903858948e+10 1.098760944744510889e+09
1.408979843274529020e-01 3.474683311110286713e+10 1.079622706371823549e+09
1.425604915880832879e-01 3.435628318709138870e+10 1.061218612355922818e+09
1.442229989155077718e-01 3.400450898407947159e+10 1.043711006269817472e+09
1.458855063074428748e-01 3.369027382953078079e+10 1.027247999789377928e+09
1.475480137617080634e-01 3.341229439735605621e+10 1.011960667874882698e+09
1.492105212762198374e-01 3.316924492158905029e+10 9.979603738375595808e+08
1.508730288489867621e-01 3.295976142537252426e+10 9.853363640798323154e+08
1.525355364781040279e-01 3.278244595313837814e+10 9.741537819091395140e+08
1.541980441617490649e-01 3.263587079412551498e+10 9.644522448907241821e+08
1.558605518981770188e-01 3.251858268560967636e+10 9.562451084718438387e+08
1.575230596857167542e-01 3.242910698451403046e+10 9.495195003958926201e+08
1.591855675227668576e-01 3.236595179646187592e+10 9.442371591715053320e+08
1.608480754077921959e-01 3.232761205157455063e+10 9.403360517317013741e+08
1.625105833393203636e-01 3.231257351682031631e+10 9.377326882722554207e+08
1.641730913159387406e-01 3.231931673503255463e+10 9.363250039432932138e+08
1.658355993362912173e-01 3.234632088120526886e+10 9.359956438088117838e+08
1.674981073990755853e-01 3.239206752709104538e+10 9.366154725942583084e+08
1.691606155030408176e-01 3.245504430561658478e+10 9.380471342351995707e+08
1.708231236469845982e-01 3.253374846710088348e+10 9.401485052381085157e+08
1.724856318297508795e-01 3.262669031978056717e+10 9.427759155911359787e+08
1.741481400502279120e-01 3.273239654764354706e+10 9.457870460160053968e+08
1.758106483073458848e-01 3.284941339910554886e+10 9.490434457632865906e+08
1.774731566000750660e-01 3.297630974060332489e+10 9.524126471234831810e+08
1.791356649274240265e-01 3.311167996971202469e+10 9.557698790175329447e+08
1.807981732884377246e-01 3.325414678292390442e+10 9.589994014769983292e+08
1.824606816821959798e-01 3.340236379382216263e+10 9.619954956477853060e+08
1.841231901078118072e-01 3.355501799786124802e+10 9.646631509746780396e+08
1.857856985644300296e-01 3.371083208058401489e+10 9.669184936212555170e+08
1.874482070512257237e-01 3.386856656659479904e+10 9.686889992031000853e+08
1.891107155674030538e-01 3.402702180718354034e+10 9.699135296930375099e+08
1.907732241121938566e-01 3.418503980502194977e+10 9.705422298532400131e+08
1.924357326848565586e-01 3.434150587484607315e+10 9.705363134656828642e+08
1.940982412846749550e-01 3.449535013962933350e+10 9.698677644786716700e+08
1.957607499109572380e-01 3.464554886216876221e+10 9.685189732823324203e+08
1.974232585630348313e-01 3.479112561256316376e+10 9.664823238487908840e+08
1.990857672402615297e-01 3.493115227252814484e+10 9.637597435101400614e+08
2.007482759420124996e-01 3.506474987793060303e+10 9.603622237031174898e+08
2.024107846676835298e-01 3.519108930140717316e+10 9.563093170697478056e+08
2.040732934166899215e-01 3.530939177735977173e+10 9.516286138140887022e+08
2.057358021884660160e-01 3.541892927200859070e+10 9.463551981315664053e+08
2.073983109824642512e-01 3.551902470160799408e+10 9.405310838077222109e+08
2.090608197981545235e-01 3.560905200230127716e+10 9.342046266917276382e+08
2.107233286350234380e-01 3.568843605542534637e+10 9.274299106775711775e+08
2.123858374925735870e-01 3.575665247244939423e+10 9.202661030724061728e+08
2.140483463703231337e-01 3.581322724400109863e+10 9.127767748250938654e+08
2.157108552678049240e-01 3.585773625776924896e+10 9.050291810681009293e+08
2.173733641845664311e-01 3.588980469030670929e+10 8.970934978508197069e+08
2.190358731201685061e-01 3.590910627803719330e+10 8.890420118780443668e+08
2.206983820741854618e-01 3.591536247296295929e+10 8.809482615741267204e+08
2.223608910462041566e-01 3.590834148880611420e+10 8.728861299311618805e+08
2.240234000358239386e-01 3.588785724348225403e+10 8.649288923768856525e+08
2.256859090426557024e-01 3.585376820394246674e+10 8.571482263002920151e+08
2.273484180663219723e-01 3.580597613961976624e+10 8.496131927951128483e+08
2.290109271064561247e-01 3.574442479074497223e+10 8.423892054525871277e+08
2.306734361627020280e-01 3.566909845797557068e+10 8.355370053858398199e+08
2.323359452347137921e-01 3.558002051977711487e+10 8.291116657395777702e+08
2.339984543221555469e-01 3.547725188411821747e+10 8.231616523151898384e+08
2.356609634247005536e-01 3.536088938099804688e+10 8.177279691643486023e+08
2.373234725420314828e-01 3.523106410240419769e+10 8.128434186599435806e+08
2.389859816738397480e-01 3.508793969624337006e+10 8.085320043024864197e+08
2.406484908198254224e-01 3.493171062075585175e+10 8.048085012058552504e+08
2.423109999796965175e-01 3.476260036593569183e+10 8.016782138660531044e+08
2.439735091531692601e-01 3.458085964832559204e+10 7.991369337370219231e+08
2.456360183399674824e-01 3.438676458554537201e+10 7.971711008252217770e+08
2.472985275398224547e-01 3.418061485678262711e+10 7.957581646549401283e+08
2.489610367524725254e-01 3.396273185535928345e+10 7.948671313062273264e+08
2.506235459776631203e-01 3.373345683936662674e+10 7.944592755402779579e+08
2.522860552151463542e-01 3.349314908620604324e+10 7.944889909283838272e+08
2.539485644646808371e-01 3.324218405672693634e+10 7.949047468108078241e+08
2.556110737260313126e-01 3.298095157447355270e+10 7.956501190169742107e+08
2.572735829989687417e-01 3.270985402537148666e+10 7.966648615206015110e+08
2.589360922832700251e-01 3.242930458297647095e+10 7.978859883002997637e+08
2.605986015787175591e-01 3.213972546424688339e+10 7.992488382319988012e+08
2.622611108850994577e-01 3.184154622050546265e+10 8.006881003470381498e+08
2.639236202022091082e-01 3.153520206813488388e+10 8.021387817748049498e+08
2.655861295298450053e-01 3.122113226320863724e+10 8.035371057078126669e+08
2.672486388678106950e-01 3.089977852411937714e+10 8.048213314218657017e+08
2.689111482159146083e-01 3.057158350593913269e+10 8.059324925314110518e+08
2.705736575739698391e-01 3.023698933004357147e+10 8.068150530878351927e+08
2.722361669417941443e-01 2.989643617225559616e+10 8.074174838033767939e+08
2.738986763192096108e-01 2.955036091249296951e+10 8.076927626141679287e+08
2.755611857060425440e-01 2.919919584865117264e+10 8.075988050338082314e+08
2.772236951021236906e-01 2.884336747718871689e+10 8.070988304011932611e+08
2.788862045072874607e-01 2.848329534257604218e+10 8.061616702749345303e+08
2.805487139213725944e-01 2.811939095755058289e+10 8.047620249820518494e+08
2.822112233442213292e-01 2.775205679578015900e+10 8.028806737691519260e+08
2.838737327756796214e-01 2.738168535835102081e+10 8.005046432104053497e+08
2.855362422155972579e-01 2.700865831509994507e+10 7.976273375477226973e+08
2.871987516638271343e-01 2.663334572169061279e+10 7.942486335239027739e+08
2.888612611202258651e-01 2.625610531292363739e+10 7.903749410351569653e+08
2.905237705846532292e-01 2.587728187258370209e+10 7.860192296047631502e+08
2.921862800569720031e-01 2.549720667987988281e+10 7.812010192622152567e+08
2.938487895370484604e-01 2.511619703216845322e+10 7.759463329162954092e+08
2.955112990247516502e-01 2.473455584354746628e+10 7.702876057470741272e+08
2.971738085199533974e-01 2.435257131853311539e+10 7.642635455271600485e+08
2.988363180225286353e-01 2.397051669986276245e+10 7.579189361595818996e+08
3.004988275323551283e-01 2.358865008918144989e+10 7.513043751478580236e+08
3.021613370493130279e-01 2.320721433922450638e+10 7.444759342966859341e+08
3.038238465732852611e-01 2.282643701576195526e+10 7.374947318084008694e+08
3.054863561041573639e-01 2.244653042749729919e+10 7.304264032919977903e+08
3.071488656418173702e-01 2.206769172179603577e+10 7.233404592660589218e+08
3.088113751861554790e-01 2.169010304401379395e+10 7.163095177953915596e+08
3.104738847370644983e-01 2.131393175795122528e+10 7.094084032606629133e+08
3.121363942944395120e-01 2.093933072481666565e+10 7.027131062072445154e+08
3.137989038581776025e-01 2.056643863792797089e+10 6.962996049817366600e+08
3.154614134281782389e-01 2.019538041020898438e+10 6.902425575292054415e+08
3.171239230043430002e-01 1.982626761141134262e+10 6.846138811621636152e+08
3.187864325865753523e-01 1.945919895187424850e+10 6.794812488936684132e+08
3.204489421747808708e-01 1.909426080951939011e+10 6.749065422786740065e+08
3.221114517688670742e-01 1.873152779663738632e+10 6.709443114997682571e+08
3.237739613687434237e-01 1.837106336303718948e+10 6.676403022805045843e+08
3.254364709743211015e-01 1.801292043190467834e+10 6.650301146131052971e+08
3.270989805855132326e-01 1.765714206482038116e+10 6.631380589232796431e+08
3.287614902022346075e-01 1.730376215219295120e+10 6.619762702656044960e+08
3.304239998244018484e-01 1.695280612543654823e+10 6.615441302725851536e+08
3.320865094519330207e-01 1.660429168714296341e+10 6.618280305474909544e+08
3.337490190847480775e-01 1.625822955551012421e+10 6.628014915105006695e+08
3.354115287227684150e-01 1.591462421928301048e+10 6.644256295323865414e+08
3.370740383659170392e-01 1.557347469952458763e+10 6.666499449353644848e+08
3.387365480141183438e-01 1.523477531449372673e+10 6.694133863421037197e+08
3.403990576672984991e-01 1.489851644402531624e+10 6.726456346088718176e+08
3.420615673253846745e-01 1.456468528982733345e+10 6.762685430557664633e+08
3.437240769883058711e-01 1.423326662819372177e+10 6.801976699207850695e+08
3.453865866559921449e-01 1.390424355169935608e+10 6.843438431686917543e+08
3.470490963283750507e-01 1.357759819658291245e+10 6.886147057399222851e+08
3.487116060053874755e-01 1.325331245256126976e+10 6.929161995546716452e+08
3.503741156869634166e-01 1.293136865201260948e+10 6.971539576881910563e+08
3.520366253730383144e-01 1.261175023553527832e+10 7.012345849140926600e+08
3.536991350635486642e-01 1.229444239106276894e+10 7.050668164378304482e+08
3.553616447584322380e-01 1.197943266384855080e+10 7.085625526172044277e+08
3.570241544576279180e-01 1.166671153480044556e+10 7.116377736073193550e+08
3.586866641610758633e-01 1.135627296479330254e+10 7.142133422271434069e+08
3.603491738687170098e-01 1.104811490279778862e+10 7.162157061323971748e+08
3.620116835804937372e-01 1.074223975579406166e+10 7.175775118663032055e+08
3.636741932963493684e-01 1.043865481866635513e+10 7.182381438621908426e+08
3.653367030162280593e-01 1.013737266245320129e+10 7.181442012689024210e+08
3.669992127400752979e-01 9.838411479515605927e+09 7.172499247983553410e+08
3.686617224678372939e-01 9.541795384395021439e+09 7.155175848618843555e+08
3.703242321994613118e-01 9.247554669349020004e+09 7.129178411866701841e+08
3.719867419348956150e-01 8.955726013722162247e+09 7.094300829897490740e+08
3.736492516740893000e-01 8.666352646567323685e+09 7.050427576584985256e+08
3.753117614169925176e-01 8.379484462096802711e+09 6.997536947531177998e+08
3.769742711635561405e-01 8.095178087776381493e+09 6.935704309495437145e+08
3.786367809137318741e-01 7.813496905084328651e+09 6.865105401999996901e+08
3.802992906674724227e-01 7.534511023140373230e+09 6.786019717593002319e+08
3.819618004247312126e-01 7.258297205643683434e+09 6.698833966195400953e+08
3.836243101854625026e-01 6.984938751740243912e+09 6.604045600513314009e+08
3.852868199496213841e-01 6.714525331636058807e+09 6.502266340362085104e+08
3.869493297171635593e-01 6.447152777983339310e+09 6.394225579726570845e+08
3.886118394880457849e-01 6.182922834222210884e+09 6.280773486578499079e+08
3.902743492622252064e-01 5.921942861274409294e+09 6.162883506443688869e+08
3.919368590396599683e-01 5.664325504128657341e+09 6.041653851305358410e+08
3.935993688203087704e-01 5.410188320046940804e+09 5.918307392161989212e+08
3.952618786041311449e-01 5.159653370265225410e+09 5.794189177159515619e+08
3.969243883910870685e-01 4.912846777208219528e+09 5.670760576558773518e+08
3.985868981811374612e-01 4.669898249390089035e+09 5.549588833340395689e+08
4.002494079742436872e-01 4.430940576296918869e+09 5.432330616434553862e+08
4.019119177703678880e-01 4.196109095652221680e+09 5.320708100356404185e+08
4.035744275694727046e-01 3.965541135611360550e+09 5.216476224636229277e+08
4.052369373715214440e-01 3.739375434474370480e+09 5.121380229388864040e+08
4.068994471764781906e-01 3.517751540660330296e+09 5.037103418723140359e+08
4.085619569843071952e-01 3.300809195685789108e+09 4.965206410191035271e+08
4.102244667949735413e-01 3.088687703031589508e+09 4.907060802114061117e+08
4.118869766084432005e-01 2.881525285756834984e+09 4.863781972394583821e+08
4.135494864246819224e-01 2.679458435817168236e+09 4.836167180125801563e+08
4.152119962436567890e-01 2.482621258041788578e+09 4.824645760367459655e+08
4.168745060653349932e-01 2.291144811730970860e+09 4.829247571945330501e+08
4.185370158896842829e-01 2.105156452865447283e+09 4.849593881029031277e+08
4.201995257166728504e-01 1.924779179879619360e+09 4.884911879515997171e+08
4.218620355462696647e-01 1.750130985944369793e+09 4.934070754641090035e+08
4.235245453784438063e-01 1.581324220659938812e+09 4.995634468427616358e+08
4.251870552131651881e-01 1.418464964025624514e+09 5.067924795220525265e+08
4.268495650504041117e-01 1.261652415479897738e+09 5.149087916874998808e+08
4.285120748901312115e-01 1.110978300739375830e+09 5.237158782480939031e+08
4.301745847323175664e-01 9.665262990990369320e+08 5.330119039704303145e+08
4.318370945769347546e-01 8.283714937316346169e+08 5.425946129666453600e+08
4.334996044239549096e-01 6.965798474724724293e+08 5.522652719154866934e+08
4.351621142733504422e-01 5.712077064029296637e+08 5.618316816208031178e+08
4.368246241250944295e-01 4.523013334894867539e+08 5.711103636917411089e+08
4.384871339791597822e-01 3.398964743614510894e+08 5.799280624743913412e+08
4.401496438355204099e-01 2.340179571858884394e+08 5.881227077280845642e+08
4.418121536941504446e-01 1.346793284765227735e+08 5.955439716321260929e+08
4.434746635550242400e-01 4.188252647781996429e+07 6.020535334161562920e+08
4.451371734181167605e-01 -4.438240634066165239e+07 6.075251420983014107e+08
4.467996832834031928e-01 -1.241375703468908221e+08 6.118445462485916615e+08
4.484621931508591675e-01 -1.974174141841670871e+08 6.149093409615921974e+08
4.501247030204606481e-01 -2.642688975647458732e+08 6.166287670947649479e+08
4.517872128921838204e-01 -3.247516105953420401e+08 6.169234860086003542e+08
4.534497227660054253e-01 -3.789378489769585729e+08 6.157253443178839684e+08
4.551122326419027031e-01 -4.269126445888022184e+08 6.129771367633042336e+08
4.567747425198525613e-01 -4.687737511790001392e+08 6.086323709604049921e+08
4.584372523998329063e-01 -5.046315850299468637e+08 6.026550347344067097e+08
4.600997622818217003e-01 -5.346091206706205606e+08 5.950193649329891205e+08
4.617622721657972384e-01 -5.588417418839958906e+08 5.857096153834649324e+08
4.634247820517383154e-01 -5.774770484265155792e+08 5.747198211727842093e+08
4.650872919396236149e-01 -5.906746190653210878e+08 5.620535560981639624e+08
4.667498018294323758e-01 -5.986057317057888508e+08 5.477236802992628813e+08
4.684123117211442255e-01 -6.014530415501302481e+08 5.317520751331409812e+08
4.700748216147389580e-01 -5.994102183946238756e+08 5.141693628245359063e+08
4.717373315101965336e-01 -5.926815443421443701e+08 4.950146085893465877e+08
4.733998414074974126e-01 -5.814814733299320936e+08 4.743350035489068627e+08
4.750623513066224435e-01 -5.660341540847127438e+08 4.521855268970218301e+08
4.767248612075521974e-01 -5.465729181581803560e+08 4.286285864949031472e+08
4.783873711102680226e-01 -5.233397349610762000e+08 4.037336371098163128e+08
4.800498810147514894e-01 -4.965846356975547075e+08 3.775767763356293440e+08
4.817123909209840571e-01 -4.665651083601911068e+08 3.502403180937490463e+08
4.833749008289477955e-01 -4.335454659144639373e+08 3.218123446395483017e+08
4.850374107386249412e-01 -3.977961900705946684e+08 2.923862375820164084e+08
4.866999206499977859e-01 -3.595932529048973918e+08 2.620601899141694307e+08
4.883624305630492324e-01 -3.192174189916202426e+08 2.309367002916911542e+08
4.900249404777619611e-01 -2.769535303301917911e+08 1.991220537212721705e+08
4.916874503941192631e-01 -2.330897770699034333e+08 1.667257928181840777e+08
4.933499603121045407e-01 -1.879169560876708925e+08 1.338601961092017293e+08
4.950124702317013070e-01 -1.417277211380583942e+08 1.006398090779667795e+08
4.966749801528934083e-01 -9.481582541840364039e+07 6.718128168891911209e+07
4.983374900756649684e-01 -4.747536494340444356e+07 3.360558133187187463e+07
