# r [arcsec]	I [Jy/sr]	I_uncer [Jy/sr]
1.272617859314095550e-03 7.251294432906312561e+10 1.745573689598824024e+09
2.921189009106442414e-03 7.249810968539537048e+10 1.744694847675453901e+09
4.579495862547155495e-03 7.247142745079473877e+10 1.743194295498007298e+09
6.240002426697914550e-03 7.243290270915911865e+10 1.741046151033647537e+09
7.901343393063876494e-03 7.238255063290039062e+10 1.738246773556518555e+09
9.563088128690054243e-03 7.232039182420858765e+10 1.734797099678331137e+09
1.122505851373705593e-02 7.224645186605081177e+10 1.730699783634138823e+09
1.288716767388508287e-02 7.216076122603350830e+10 1.725958508903996468e+09
1.454936822595933807e-02 7.206335521733676147e+10 1.720577765153976917e+09
1.621163214106096165e-02 7.195427397131799316e+10 1.714562758260747194e+09
1.787394178310437384e-02 7.183356241178424072e+10 1.707919366737691641e+09
1.953628550253095827e-02 7.170127022809594727e+10 1.700654116762732744e+09
2.119865529577967186e-02 7.155745184621366882e+10 1.692774165411572695e+09
2.286104548286438387e-02 7.140216639731770325e+10 1.684287287721686125e+09
2.452345192144544592e-02 7.123547768390487671e+10 1.675201865570080042e+09
2.618587151961204035e-02 7.105745414328242493e+10 1.665526877379519939e+09
2.784830192283991451e-02 7.086816880850094604e+10 1.655271888140738249e+09
2.951074130657948408e-02 7.066769926668037415e+10 1.644447039483891010e+09
3.117318823511218417e-02 7.045612761478382874e+10 1.633063039661650181e+09
3.283564156322602012e-02 7.023354041285542297e+10 1.621131153374951363e+09
3.449810036628684490e-02 7.000002863474572754e+10 1.608663191415441990e+09
3.616056388957845924e-02 6.975568761635160828e+10 1.595671500122318983e+09
3.782303151098994481e-02 6.950061700142407227e+10 1.582168950670501709e+09
3.948550271312052662e-02 6.923492068494514465e+10 1.568168928212228775e+09
4.114797706214112089e-02 6.895870675414845276e+10 1.553685320907680273e+09
4.281045419157746001e-02 6.867208742719175720e+10 1.538732508879600525e+09
4.447293378972808769e-02 6.837517898953813171e+10 1.523325353134663820e+09
4.613541558980088775e-02 6.806810172808278656e+10 1.507479184494955301e+09
4.779789936210682849e-02 6.775097986306860352e+10 1.491209792589143753e+09
4.946038490782722619e-02 6.742394147783238220e+10 1.474533414949424982e+09
5.112287205399637657e-02 6.708711844643998718e+10 1.457466726265507221e+09
5.278536064943199074e-02 6.674064635923287964e+10 1.440026827849700451e+09
5.444785056141081270e-02 6.638466444637458801e+10 1.422231237364346981e+09
5.611034167293492414e-02 6.601931549939476776e+10 1.404097878863429308e+09
5.777283388046990098e-02 6.564474579084025574e+10 1.385645073207820415e+09
5.943532709206246489e-02 6.526110499203611755e+10 1.366891528901833057e+09
6.109782122576532665e-02 6.486854608903978729e+10 1.347856333407077551e+09
6.276031620831216962e-02 6.446722529684083557e+10 1.328558944985507727e+09
6.442281197399798987e-02 6.405730197184221649e+10 1.309019185119835615e+09
6.608530846372812073e-02 6.363893852271331024e+10 1.289257231556592941e+09
6.774780562420743002e-02 6.321230031964019775e+10 1.269293612016058445e+09
6.941030340724584080e-02 6.277755560205642700e+10 1.249149198601898909e+09
7.107280176916151715e-02 6.233487538490930939e+10 1.228845202939772129e+09
7.273530067026563739e-02 6.188443336350208282e+10 1.208403172062507868e+09
7.439780007441634813e-02 6.142640581702077484e+10 1.187844985047283649e+09
7.606029994863128252e-02 6.096097151075022125e+10 1.167192850393623590e+09
7.772280026274960840e-02 6.048831159709877777e+10 1.146469304114398241e+09
7.938530098913672284e-02 6.000860951545390320e+10 1.125697208484436512e+09
8.104780210242505667e-02 5.952205089095671082e+10 1.104899751365010262e+09
8.271030357928650656e-02 5.902882343226438904e+10 1.084100445987643957e+09
8.437280539823126257e-02 5.852911682833822632e+10 1.063323131036748290e+09
8.603530753943039455e-02 5.802312264437435150e+10 1.042591970822992206e+09
8.769780998455847798e-02 5.751103421688650513e+10 1.021931455277331233e+09
8.936031271665356712e-02 5.699304654805815125e+10 1.001366399430973768e+09
9.102281571999285004e-02 5.646935619941062164e+10 9.809219419584045410e+08
9.268531897998151525e-02 5.594016118484812164e+10 9.606235422767710686e+08
9.434782248305331742e-02 5.540566086317457581e+10 9.404969755794017315e+08
9.601032621658157906e-02 5.486605583012751770e+10 9.205683250688999891e+08
9.767283016879922675e-02 5.432154781001216888e+10 9.008639705158259869e+08
9.933533432872686253e-02 5.377233954700674438e+10 8.814105721291617155e+08
1.009978386861079547e-01 5.321863469619587708e+10 8.622350485630856752e+08
1.026603432313502873e-01 5.266063771442459869e+10 8.433645477261298895e+08
1.043228479554730720e-01 5.209855375101886749e+10 8.248264088930839300e+08
1.059853528500589448e-01 5.153258853846685028e+10 8.066481144637603760e+08
1.076478579072105424e-01 5.096294828310655212e+10 7.888572295750192404e+08
1.093103631195108394e-01 5.038983955591940308e+10 7.714813276663962603e+08
1.109728684799872744e-01 4.981346918346563721e+10 7.545479000446091890e+08
1.126353739820789568e-01 4.923404413906594086e+10 7.380842475103522539e+08
1.142978796196066349e-01 4.865177143427171326e+10 7.221173522265808582e+08
1.159603853867454265e-01 4.806685801071150208e+10 7.066737282478634119e+08
1.176228912779997832e-01 4.747951063236859131e+10 6.917792495262129307e+08
1.192853972881804531e-01 4.688993577837059021e+10 6.774589547829592228e+08
1.209479034123834701e-01 4.629833953634790039e+10 6.637368294109157324e+08
1.226104096459709192e-01 4.570492749644696045e+10 6.506355655556532145e+08
1.242729159845529646e-01 4.510990464602951050e+10 6.381763027124987841e+08
1.259354224239715991e-01 4.451347526517733765e+10 6.263783525385377407e+08
1.275979289602855449e-01 4.391584282300798798e+10 6.152589130627874136e+08
1.292604355897561952e-01 4.331720987492279053e+10 6.048327789985227585e+08
1.309229423088349165e-01 4.271777796080668640e+10 5.951120563059371710e+08
1.325854491141509606e-01 4.211774750427739716e+10 5.861058903871147633e+08
1.342479560025006402e-01 4.151731771301699066e+10 5.778202181700333357e+08
1.359104629708369483e-01 4.091668648027184296e+10 5.702575547027108669e+08
1.375729700162601765e-01 4.031605028757329559e+10 5.634168246222069263e+08
1.392354771360091448e-01 3.971560410872829437e+10 5.572932478955633640e+08
1.408979843274529020e-01 3.911554131515765381e+10 5.518782875476694107e+08
1.425604915880832879e-01 3.851605358262641907e+10 5.471596647519966364e+08
1.442229989155077718e-01 3.791733079942562866e+10 5.431214438070399761e+08
1.458855063074428748e-01 3.731956097606478119e+10 5.397441863615437746e+08
1.475480137617080634e-01 3.672293015652505493e+10 5.370051710397822857e+08
1.492105212762198374e-01 3.612762233113191986e+10 5.348786716210172772e+08
1.508730288489867621e-01 3.553381935109162140e+10 5.333362843910543919e+08
1.525355364781040279e-01 3.494170084474122620e+10 5.323472934052711725e+08
1.541980441617490649e-01 3.435144413557903671e+10 5.318790612977266312e+08
1.558605518981770188e-01 3.376322416210177994e+10 5.318974329771493673e+08
1.575230596857167542e-01 3.317721339949604797e+10 5.323671400172395706e+08
1.591855675227668576e-01 3.259358178325565720e+10 5.332521946624172926e+08
1.608480754077921959e-01 3.201249663473120117e+10 5.345162639647653103e+08
1.625105833393203636e-01 3.143412258868102646e+10 5.361230164683592916e+08
1.641730913159387406e-01 3.085862152285349655e+10 5.380364358779468536e+08
1.658355993362912173e-01 3.028615248963795090e+10 5.402210981381490231e+08
1.674981073990755853e-01 2.971687164983019257e+10 5.426424101799204350e+08
1.691606155030408176e-01 2.915093220853922272e+10 5.452668101803256273e+08
1.708231236469845982e-01 2.858848435327015305e+10 5.480619304784002304e+08
1.724856318297508795e-01 2.802967519422826004e+10 5.509967252861708403e+08
1.741481400502279120e-01 2.747464870685674286e+10 5.540415660315542221e+08
1.758106483073458848e-01 2.692354567664644241e+10 5.571683076072479486e+08
1.774731566000750660e-01 2.637650364624871826e+10 5.603503290107465982e+08
1.791356649274240265e-01 2.583365686491392899e+10 5.635625518900400400e+08
1.807981732884377246e-01 2.529513624026803970e+10 5.667814404022015333e+08
1.824606816821959798e-01 2.476106929247455597e+10 5.699849855880832672e+08
1.841231901078118072e-01 2.423158011077541733e+10 5.731526771964324713e+08
1.857856985644300296e-01 2.370678931244759369e+10 5.762654655893123150e+08
1.874482070512257237e-01 2.318681400418426514e+10 5.793057160435340405e+08
1.891107155674030538e-01 2.267176774591727448e+10 5.822571574518191814e+08
1.907732241121938566e-01 2.216176051709613800e+10 5.851048271288441420e+08
1.924357326848565586e-01 2.165689868542739868e+10 5.878350131538032293e+08
1.940982412846749550e-01 2.115728497809733582e+10 5.904351954322879314e+08
1.957607499109572380e-01 2.066301845547043610e+10 5.928939864402793646e+08
1.974232585630348313e-01 2.017419448728003693e+10 5.952010724223474264e+08
1.990857672402615297e-01 1.969090473131299973e+10 5.973471556502103806e+08
2.007482759420124996e-01 1.921323711458621597e+10 5.993238982102793455e+08
2.024107846676835298e-01 1.874127581702056503e+10 6.011238676702480316e+08
2.040732934166899215e-01 1.827510125760936356e+10 6.027404848801656961e+08
2.057358021884660160e-01 1.781479008307651901e+10 6.041679740830349922e+08
2.073983109824642512e-01 1.736041515902019119e+10 6.054013154475537539e+08
2.090608197981545235e-01 1.691204556353422546e+10 6.064362000840671062e+08
2.107233286350234380e-01 1.646974658330473709e+10 6.072689875659478903e+08
2.123858374925735870e-01 1.603357971215782547e+10 6.078966659463682175e+08
2.140483463703231337e-01 1.560360265206453896e+10 6.083168142385835648e+08
2.157108552678049240e-01 1.517986931656996536e+10 6.085275673100514412e+08
2.173733641845664311e-01 1.476242983664853859e+10 6.085275831277028322e+08
2.190358731201685061e-01 1.435133056895228958e+10 6.083160122851916552e+08
2.206983820741854618e-01 1.394661410644757271e+10 6.078924697350368500e+08
2.223608910462041566e-01 1.354831929140559387e+10 6.072570086489781141e+08
2.240234000358239386e-01 1.315648123073917961e+10 6.064100963258129358e+08
2.256859090426557024e-01 1.277113131364280128e+10 6.053525920686039925e+08
2.273484180663219723e-01 1.239229723153480339e+10 6.040857269543197155e+08
2.290109271064561247e-01 1.202000300024688911e+10 6.026110854196498394e+08
2.306734361627020280e-01 1.165426898445876884e+10 6.009305885922712088e+08
2.323359452347137921e-01 1.129511192432402420e+10 5.990464792966170311e+08
2.339984543221555469e-01 1.094254496427680016e+10 5.969613086691679955e+08
2.356609634247005536e-01 1.059657768396674919e+10 5.946779243194526434e+08
2.373234725420314828e-01 1.025721613130233383e+10 5.921994599764251709e+08
2.389859816738397480e-01 9.924462857558525085e+09 5.895293265640114546e+08
2.406484908198254224e-01 9.598316954513252258e+09 5.866712046493456364e+08
2.423109999796965175e-01 9.278774093574007034e+09 5.836290382124577761e+08
2.439735091531692601e-01 8.965826566856431961e+09 5.804070296858292818e+08
2.456360183399674824e-01 8.659463330168203354e+09 5.770096362147039175e+08
2.472985275398224547e-01 8.359670047862179756e+09 5.734415670890101194e+08
2.489610367524725254e-01 8.066429139510171890e+09 5.697077822993521690e+08
2.506235459776631203e-01 7.779719828355555534e+09 5.658134921672890186e+08
2.522860552151463542e-01 7.499518191494876862e+09 5.617641580007749796e+08
2.539485644646808371e-01 7.225797211746019363e+09 5.575654937226841450e+08
2.556110737260313126e-01 6.958526831152324677e+09 5.532234684178367853e+08
2.572735829989687417e-01 6.697674006072348595e+09 5.487443097397732735e+08
2.589360922832700251e-01 6.443202763807389259e+09 5.441345081139186621e+08
2.605986015787175591e-01 6.195074260716176033e+09 5.394008216670037508e+08
2.622611108850994577e-01 5.953246841760603905e+09 5.345502818041028976e+08
2.639236202022091082e-01 5.717676101438024521e+09 5.295901993469173312e+08
2.655861295298450053e-01 5.488314946036011696e+09 5.245281711322013736e+08
2.672486388678106950e-01 5.265113657165262222e+09 5.193720869586005807e+08
2.689111482159146083e-01 5.048019956511202812e+09 5.141301367517861128e+08
2.705736575739698391e-01 4.836979071746571541e+09 5.088108177995499969e+08
2.722361669417941443e-01 4.631933803555726051e+09 5.034229418875453472e+08
2.738986763192096108e-01 4.432824593709151268e+09 4.979756421397331357e+08
2.755611857060425440e-01 4.239589594127896309e+09 4.924783793409191966e+08
2.772236951021236906e-01 4.052164736893208027e+09 4.869409474866530895e+08
2.788862045072874607e-01 3.870483805126481533e+09 4.813734782698792815e+08
2.805487139213725944e-01 3.694478504695796013e+09 4.757864441767411828e+08
2.822112233442213292e-01 3.524078536681324005e+09 4.701906598209622502e+08
2.838737327756796214e-01 3.359211670546378613e+09 4.645972811038146615e+08
2.855362422155972579e-01 3.199803817949864388e+09 4.590178017389903069e+08
2.871987516638271343e-01 3.045779107147728920e+09 4.534640466385070086e+08
2.888612611202258651e-01 2.897059957917970657e+09 4.479481616080533862e+08
2.905237705846532292e-01 2.753567156950839996e+09 4.424825987613172531e+08
2.921862800569720031e-01 2.615219933651780128e+09 4.370800970271104574e+08
2.938487895370484604e-01 2.481936036285466194e+09 4.317536570974116921e+08
2.955112990247516502e-01 2.353631808414130688e+09 4.265165101552721858e+08
2.971738085199533974e-01 2.230222265561772823e+09 4.213820797276903391e+08
2.988363180225286353e-01 2.111621172052014589e+09 4.163639360414409637e+08
3.004988275323551283e-01 1.997741117954884529e+09 4.114757423210192919e+08
3.021613370493130279e-01 1.888493596090032816e+09 4.067311925660830736e+08
3.038238465732852611e-01 1.783789079021649837e+09 4.021439404816553593e+08
3.054863561041573639e-01 1.683537095994558096e+09 3.977275194187253714e+08
3.071488656418173702e-01 1.587646309747317314e+09 3.934952534113845229e+08
3.088113751861554790e-01 1.496024593148112059e+09 3.894601596743128896e+08
3.104738847370644983e-01 1.408579105600034952e+09 3.856348432448939085e+08
3.121363942944395120e-01 1.325216369152339458e+09 3.820313848113577366e+08
3.137989038581776025e-01 1.245842344268414259e+09 3.786612231507182121e+08
3.154614134281782389e-01 1.170362505194417000e+09 3.755350339882718921e+08
3.171239230043430002e-01 1.098681914872055531e+09 3.726626074664528966e+08
3.187864325865753523e-01 1.030705299340674520e+09 3.700527267468193173e+08
3.204489421747808708e-01 9.663371215863656998e+08 3.677130505388266444e+08
3.221114517688670742e-01 9.054816547657017708e+08 3.656500025254865289e+08
3.237739613687434237e-01 8.480430547778757811e+08 3.638686707160824537e+08
3.254364709743211015e-01 7.939254321094731092e+08 3.623727196768475175e+08
3.270989805855132326e-01 7.430329229253917933e+08 3.611643183685382009e+08
3.287614902022346075e-01 6.952697593360084295e+08 3.602440859473800659e+08
3.304239998244018484e-01 6.505403388109196424e+08 3.596110573826497197e+08
3.320865094519330207e-01 6.087492926787810326e+08 3.592626701278451681e+08
3.337490190847480775e-01 5.698015536763308048e+08 3.591947723919511437e+08
3.354115287227684150e-01 5.336024224928201437e+08 3.594016528296927214e+08
3.370740383659170392e-01 5.000576332793877125e+08 3.598760907547329664e+08
3.387365480141183438e-01 4.690734180632057190e+08 3.606094253161257505e+08
3.403990576672984991e-01 4.405565700403201580e+08 3.615916415096395612e+08
3.420615673253846745e-01 4.144145056971241236e+08 3.628114704495341182e+08
3.437240769883058711e-01 3.905553257250494361e+08 3.642565010231397152e+08
3.453865866559921449e-01 3.688878746882495284e+08 3.659132998949589729e+08
3.470490963283750507e-01 3.493217994101690650e+08 3.677675368219318986e+08
3.487116060053874755e-01 3.317676060381869078e+08 3.698041123587023020e+08
3.503741156869634166e-01 3.161367157582860589e+08 3.720072852673739791e+08
3.520366253730383144e-01 3.023415191195729375e+08 3.743607972551825643e+08
3.536991350635486642e-01 2.902954289429904819e+08 3.768479930334948301e+08
3.553616447584322380e-01 2.799129317786850929e+08 3.794519340833502412e+08
3.570241544576279180e-01 2.711096378859118223e+08 3.821555049111412764e+08
3.586866641610758633e-01 2.638023297034041882e+08 3.849415109550606012e+08
3.603491738687170098e-01 2.579090087910508215e+08 3.877927676518942118e+08
3.620116835804937372e-01 2.533489412070167363e+08 3.906921804755460620e+08
3.636741932963493684e-01 2.500427013069539070e+08 3.936228160160566568e+08
3.653367030162280593e-01 2.479122139342007637e+08 3.965679643731315732e+08
3.669992127400752979e-01 2.468807949863964617e+08 3.995111932968426943e+08
3.686617224678372939e-01 2.468731903324446678e+08 4.024363946196475029e+08
3.703242321994613118e-01 2.478156130699920654e+08 4.053278235999217629e+08
3.719867419348956150e-01 2.496357790950780809e+08 4.081701318342368007e+08
3.736492516740893000e-01 2.522629409805724919e+08 4.109483944109879136e+08
3.753117614169925176e-01 2.556279201406659782e+08 4.136481319648059607e+08
3.769742711635561405e-01 2.596631372713693678e+08 4.162553282695775628e+08
3.786367809137318741e-01 2.643026410594654381e+08 4.187564439653327465e+08
3.802992906674724227e-01 2.694821351435007453e+08 4.211384269738448262e+08
3.819618004247312126e-01 2.751390033238238692e+08 4.233887201032589674e+08
3.836243101854625026e-01 2.812123330148181915e+08 4.254952662949807644e+08
3.852868199496213841e-01 2.876429369270507097e+08 4.274465119105008841e+08
3.869493297171635593e-01 2.943733729888973832e+08 4.292314084103860855e+08
3.886118394880457849e-01 3.013479624881680012e+08 4.308394127263385653e+08
3.902743492622252064e-01 3.085128064484592080e+08 4.322604865885931253e+08
3.919368590396599683e-01 3.158158002287448645e+08 4.334850950258827209e+08
3.935993688203087704e-01 3.232066463554584980e+08 4.345042042248601317e+08
3.952618786041311449e-01 3.306368655872163773e+08 4.353092788983972669e+08
3.969243883910870685e-01 3.380598062168788910e+08 4.358922792893472314e+08
3.985868981811374612e-01 3.454306516148688197e+08 4.362456579069659710e+08
4.002494079742436872e-01 3.527064260290370584e+08 4.363623560756862760e+08
4.019119177703678880e-01 3.598459986373283863e+08 4.362358003548032641e+08
4.035744275694727046e-01 3.668100858752397299e+08 4.358598988745816350e+08
4.052369373715214440e-01 3.735612520412578583e+08 4.352290376178105474e+08
4.068994471764781906e-01 3.800639081985646486e+08 4.343380766698458791e+08
4.085619569843071952e-01 3.862843093799706697e+08 4.331823464441523552e+08
4.102244667949735413e-01 3.921905501226147413e+08 4.317576438913623691e+08
4.118869766084432005e-01 3.977525583351225257e+08 4.300602286843865514e+08
4.135494864246819224e-01 4.029420875270318389e+08 4.280868193771158457e+08
4.152119962436567890e-01 4.077327074128057361e+08 4.258345895207661390e+08
4.168745060653349932e-01 4.120997929118021131e+08 4.233011637283604741e+08
4.185370158896842829e-01 4.160205115672183037e+08 4.204846136668518186e+08
4.201995257166728504e-01 4.194738094067450166e+08 4.173834539638695717e+08
4.218620355462696647e-01 4.224403952642905116e+08 4.139966380053110719e+08
4.235245453784438063e-01 4.249027235945869088e+08 4.103235536106598377e+08
4.251870552131651881e-01 4.268449757994634509e+08 4.063640185606365800e+08
4.268495650504041117e-01 4.282530401011458039e+08 4.021182759647797942e+08
4.285120748901312115e-01 4.291144899784943461e+08 3.975869894434038997e+08
4.301745847323175664e-01 4.294185612119657397e+08 3.927712381139956117e+08
4.318370945769347546e-01 4.291561275453580022e+08 3.876725113564883471e+08
4.334996044239549096e-01 4.283196750251082778e+08 3.822927033502984643e+08
4.351621142733504422e-01 4.269032750109539628e+08 3.766341073589524627e+08
4.368246241250944295e-01 4.249025559326827526e+08 3.706994097582235336e+08
4.384871339791597822e-01 4.223146737877311707e+08 3.644916837845832705e+08
4.401496438355204099e-01 4.191382814467737079e+08 3.580143830042116642e+08
4.418121536941504446e-01 4.153734967754163742e+08 3.512713344799205661e+08
4.434746635550242400e-01 4.110218696339309812e+08 3.442667316406451464e+08
4.451371734181167605e-01 4.060863477625235319e+08 3.370051268321835399e+08
4.467996832834031928e-01 4.005712416278514862e+08 3.294914235576307178e+08
4.484621931508591675e-01 3.944821882189059258e+08 3.217308683874551654e+08
4.501247030204606481e-01 3.878261138932933211e+08 3.137290425523102283e+08
4.517872128921838204e-01 3.806111962436104417e+08 3.054918531989368200e+08
4.534497227660054253e-01 3.728468250965933204e+08 2.970255243278583884e+08
4.551122326419027031e-01 3.645435626124255657e+08 2.883365873919234276e+08
4.567747425198525613e-01 3.557131026023688316e+08 2.794318715821852684e+08
4.584372523998329063e-01 3.463682290214692950e+08 2.703184937774762511e+08
4.600997622818217003e-01 3.365227737738714218e+08 2.610038481923538148e+08
4.617622721657972384e-01 3.261915737668483853e+08 2.514955956970324218e+08
4.634247820517383154e-01 3.153904273752087951e+08 2.418016528534678519e+08
4.650872919396236149e-01 3.041360502268745899e+08 2.319301806363336146e+08
4.667498018294323758e-01 2.924460305016868711e+08 2.218895728967936635e+08
4.684123117211442255e-01 2.803387836184877157e+08 2.116884445294172466e+08
4.700748216147389580e-01 2.678335065508754551e+08 2.013356194199478030e+08
4.717373315101965336e-01 2.549501315851111710e+08 1.908401181229987144e+08
4.733998414074974126e-01 2.417092798371692002e+08 1.802111453770129383e+08
4.750623513066224435e-01 2.281322142504187822e+08 1.694580773923737109e+08
4.767248612075521974e-01 2.142407925049824119e+08 1.585904490698094070e+08
4.783873711102680226e-01 2.000574194191076756e+08 1.476179410760807991e+08
4.800498810147514894e-01 1.856049994476100504e+08 1.365503670334001482e+08
4.817123909209840571e-01 1.709068886387656331e+08 1.253976607725608796e+08
4.833749008289477955e-01 1.559868469437449276e+08 1.141698641553936899e+08
4.850374107386249412e-01 1.408689898411220610e+08 1.028771156193144470e+08
4.866999206499977859e-01 1.255777407265604138e+08 9.152964078028880060e+07
4.883624305630492324e-01 1.101377822359670848e+08 8.013774653118537366e+07
4.900249404777619611e-01 9.457400912273295224e+07 6.871182405834069848e+07
4.916874503941192631e-01 7.891147901850391924e+07 5.726237200230856240e+07
4.933499603121045407e-01 6.317536675284898281e+07 4.580007872954321653e+07
4.950124702317013070e-01 4.739091284732428938e+07 3.433609798828823864e+07
4.966749801528934083e-01 3.158338345850744843e+07 2.288319762855862454e+07
4.983374900756649684e-01 1.577798970844059065e+07 1.146366074559650756e+07
