# r [arcsec]	I [Jy/sr]	I_uncer [Jy/sr]
1.272617859314095550e-03 3.067971010286867905e+10 1.418404491870316744e+09
2.921189009106442414e-03 3.067592973598368073e+10 1.418070955969554186e+09
4.579495862547155495e-03 3.066912943450808334e+10 1.417569011578078985e+09
6.240002426697914550e-03 3.065930917629618073e+10 1.416865655059449434e+09
7.901343393063876494e-03 3.064647092591143036e+10 1.415954035606133938e+09
9.563088128690054243e-03 3.063061744922566986e+10 1.414832192996401072e+09
1.122505851373705593e-02 3.061175220126771545e+10 1.413499575468274117e+09
1.288716767388508287e-02 3.058987930450741959e+10 1.411956190129558325e+09
1.454936822595933807e-02 3.056500354221219254e+10 1.410202328616511106e+09
1.621163214106096165e-02 3.053713035530482101e+10 1.408238460152990341e+09
1.787394178310437384e-02 3.050626584015348053e+10 1.406065183766970634e+09
1.953628550253095827e-02 3.047241674659562683e+10 1.403683204576543331e+09
2.119865529577967186e-02 3.043559047593675232e+10 1.401093320978750944e+09
2.286104548286438387e-02 3.039579507884935760e+10 1.398296417209160328e+09
2.452345192144544592e-02 3.035303925312664032e+10 1.395293458726429939e+09
2.618587151961204035e-02 3.030733234127350616e+10 1.392085489167548656e+09
2.784830192283991451e-02 3.025868432793849182e+10 1.388673628209798336e+09
2.951074130657948408e-02 3.020710583716941452e+10 1.385059069978341579e+09
3.117318823511218417e-02 3.015260812949883652e+10 1.381243081783908606e+09
3.283564156322602012e-02 3.009520309885878372e+10 1.377227003074509859e+09
3.449810036628684490e-02 3.003490326932466507e+10 1.373012244513581038e+09
3.616056388957845924e-02 2.997172179168311691e+10 1.368600287144658089e+09
3.782303151098994481e-02 2.990567243983935165e+10 1.363992681606501579e+09
3.948550271312052662e-02 2.983676960704154968e+10 1.359191047380532980e+09
4.114797706214112089e-02 2.976502830195120239e+10 1.354197072057923555e+09
4.281045419157746001e-02 2.969046414453537750e+10 1.349012510614471197e+09
4.447293378972808769e-02 2.961309336180012512e+10 1.343639184690910101e+09
4.613541558980088775e-02 2.953293278335543823e+10 1.338078981873066902e+09
4.779789936210682849e-02 2.944999983681762314e+10 1.332333854970304251e+09
4.946038490782722619e-02 2.936431254305040741e+10 1.326405821290369987e+09
5.112287205399637657e-02 2.927588951124674225e+10 1.320296961911621809e+09
5.278536064943199074e-02 2.918474993384538269e+10 1.314009420950549603e+09
5.444785056141081270e-02 2.909091358129994202e+10 1.307545404827373743e+09
5.611034167293492414e-02 2.899440079668056107e+10 1.300907181527985811e+09
5.777283388046990098e-02 2.889523249013039398e+10 1.294097079866246462e+09
5.943532709206246489e-02 2.879343013316306686e+10 1.287117488744891882e+09
6.109782122576532665e-02 2.868901575280958939e+10 1.279970856418268681e+09
6.276031620831216962e-02 2.858201192562138367e+10 1.272659689758835554e+09
6.442281197399798987e-02 2.847244177151532745e+10 1.265186553526311874e+09
6.608530846372812073e-02 2.836032894748237991e+10 1.257554069644925356e+09
6.774780562420743002e-02 2.824569764114571762e+10 1.249764916487938643e+09
6.941030340724584080e-02 2.812857256417934036e+10 1.241821828172831059e+09
7.107280176916151715e-02 2.800897894558797836e+10 1.233727593867625713e+09
7.273530067026563739e-02 2.788694252484123993e+10 1.225485057113097191e+09
7.439780007441634813e-02 2.776248954488345718e+10 1.217097115159990788e+09
7.606029994863128252e-02 2.763564674499714279e+10 1.208566718326252460e+09
7.772280026274960840e-02 2.750644135354393005e+10 1.199896869374901533e+09
7.938530098913672284e-02 2.737490108056984329e+10 1.191090622915307045e+09
8.104780210242505667e-02 2.724105411028497696e+10 1.182151084831712484e+09
8.271030357928650656e-02 2.710492909342042160e+10 1.173081411740144968e+09
8.437280539823126257e-02 2.696655513945479202e+10 1.163884810476514578e+09
8.603530753943039455e-02 2.682596180873162460e+10 1.154564537620562077e+09
8.769780998455847798e-02 2.668317910444459534e+10 1.145123899056255817e+09
8.936031271665356712e-02 2.653823746451910019e+10 1.135566249573379755e+09
9.102281571999285004e-02 2.639116775337321854e+10 1.125894992512293339e+09
9.268531897998151525e-02 2.624200125356893539e+10 1.116113579456585884e+09
9.434782248305331742e-02 2.609076965735523224e+10 1.106225509975699663e+09
9.601032621658157906e-02 2.593750505810592651e+10 1.096234331421253681e+09
9.767283016879922675e-02 2.578223994165092468e+10 1.086143638781463146e+09
9.933533432872686253e-02 2.562500717750925064e+10 1.075957074597052336e+09
1.009978386861079547e-01 2.546584001002140427e+10 1.065678328941793084e+09
1.026603432313502873e-01 2.530477204938726807e+10 1.055311139473118901e+09
1.043228479554730720e-01 2.514183726260814285e+10 1.044859291555207968e+09
1.059853528500589448e-01 2.497706996434226227e+10 1.034326618460955262e+09
1.076478579072105424e-01 2.481050480766641617e+10 1.023717001654821157e+09
1.093103631195108394e-01 2.464217677475900269e+10 1.013034371163652778e+09
1.109728684799872744e-01 2.447212116749203873e+10 1.002282706037351012e+09
1.126353739820789568e-01 2.430037359795331573e+10 9.914660349067330360e+08
1.142978796196066349e-01 2.412696997888103485e+10 9.805884366413201094e+08
1.159603853867454265e-01 2.395194651403445435e+10 9.696540411137727499e+08
1.176228912779997832e-01 2.377533968848418808e+10 9.586670300742723942e+08
1.192853972881804531e-01 2.359718625883881760e+10 9.476316381410826445e+08
1.209479034123834701e-01 2.341752324340436935e+10 9.365521539118663073e+08
1.226104096459709192e-01 2.323638791228479385e+10 9.254329212007995844e+08
1.242729159845529646e-01 2.305381777741239929e+10 9.142783404060248137e+08
1.259354224239715991e-01 2.286985058253627396e+10 9.030928700128889084e+08
1.275979289602855449e-01 2.268452429314115524e+10 8.918810282369189262e+08
1.292604355897561952e-01 2.249787708632750702e+10 8.806473948115590811e+08
1.309229423088349165e-01 2.230994734063640976e+10 8.693966129233067036e+08
1.325854491141509606e-01 2.212077362583250046e+10 8.581333912990580797e+08
1.342479560025006402e-01 2.193039469264302063e+10 8.468625064473760128e+08
1.359104629708369483e-01 2.173884946245639038e+10 8.355888050561650991e+08
1.375729700162601765e-01 2.154617701699031830e+10 8.243172065479661226e+08
1.392354771360091448e-01 2.135241658791912842e+10 8.130527057914763689e+08
1.408979843274529020e-01 2.115760754647514343e+10 8.018003759696553946e+08
1.425604915880832879e-01 2.096178939302258682e+10 7.905653715988291502e+08
1.442229989155077718e-01 2.076500174660527802e+10 7.793529316951079369e+08
1.458855063074428748e-01 2.056728433447421646e+10 7.681683830793745518e+08
1.475480137617080634e-01 2.036867698159683609e+10 7.570171438102366924e+08
1.492105212762198374e-01 2.016921960015183258e+10 7.459047267309529781e+08
1.508730288489867621e-01 1.996895217901062393e+10 7.348367431119334698e+08
1.525355364781040279e-01 1.976791477320741272e+10 7.238189063668484688e+08
1.541980441617490649e-01 1.956614749340851212e+10 7.128570358134946823e+08
1.558605518981770188e-01 1.936369049537684631e+10 7.019570604467610121e+08
1.575230596857167542e-01 1.916058396942863083e+10 6.911250226808695793e+08
1.591855675227668576e-01 1.895686812990822220e+10 6.803670820149154663e+08
1.608480754077921959e-01 1.875258320465423203e+10 6.696895185613958836e+08
1.625105833393203636e-01 1.854776942448423386e+10 6.590987363717516661e+08
1.641730913159387406e-01 1.834246701268658066e+10 6.486012664799183607e+08
1.658355993362912173e-01 1.813671617452993393e+10 6.382037695723999739e+08
1.674981073990755853e-01 1.793055708679032516e+10 6.279130381806730032e+08
1.691606155030408176e-01 1.772402988729906845e+10 6.177359982761356831e+08
1.708231236469845982e-01 1.751717466451296616e+10 6.076797101322224140e+08
1.724856318297508795e-01 1.731003144711679840e+10 5.977513683017213345e+08
1.741481400502279120e-01 1.710264019365075684e+10 5.879583005382552147e+08
1.758106483073458848e-01 1.689504078217177773e+10 5.783079654737865925e+08
1.774731566000750660e-01 1.668727299995217896e+10 5.688079488447780609e+08
1.791356649274240265e-01 1.647937653321865654e+10 5.594659580418456793e+08
1.807981732884377246e-01 1.627139095692640114e+10 5.502898147391995192e+08
1.824606816821959798e-01 1.606335572458663940e+10 5.412874453475812674e+08
1.841231901078118072e-01 1.585531015813447571e+10 5.324668690192716122e+08
1.857856985644300296e-01 1.564729343785064507e+10 5.238361829274489284e+08
1.874482070512257237e-01 1.543934459233555794e+10 5.154035445392249823e+08
1.891107155674030538e-01 1.523150248853861046e+10 5.071771506063615680e+08
1.907732241121938566e-01 1.502380582184900665e+10 4.991652126117359400e+08
1.924357326848565586e-01 1.481629310624332047e+10 4.913759284346958995e+08
1.940982412846749550e-01 1.460900266450312614e+10 4.838174500355930924e+08
1.957607499109572380e-01 1.440197261849583435e+10 4.764978470125179291e+08
1.974232585630348313e-01 1.419524087952586937e+10 4.694250659514291286e+08
1.990857672402615297e-01 1.398884513876167297e+10 4.626068855767889619e+08
2.007482759420124996e-01 1.378282285773343849e+10 4.560508678125395775e+08
2.024107846676835298e-01 1.357721125891237068e+10 4.497643049844570756e+08
2.040732934166899215e-01 1.337204731636896515e+10 4.437541635306491256e+08
2.057358021884660160e-01 1.316736774651597786e+10 4.380270247360520363e+08
2.073983109824642512e-01 1.296320899893507385e+10 4.325890231644160151e+08
2.090608197981545235e-01 1.275960724729363060e+10 4.274457836213943958e+08
2.107233286350234380e-01 1.255659838035261154e+10 4.226023576381469369e+08
2.123858374925735870e-01 1.235421799306612015e+10 4.180631606073811650e+08
2.140483463703231337e-01 1.215250137777947426e+10 4.138319108241139054e+08
2.157108552678049240e-01 1.195148351552250862e+10 4.099115717717912793e+08
2.173733641845664311e-01 1.175119906740655136e+10 4.063042990414487123e+08
2.190358731201685061e-01 1.155168236612172318e+10 4.030113932698513269e+08
2.206983820741854618e-01 1.135296740754216576e+10 4.000332604258254766e+08
2.223608910462041566e-01 1.115508784243620872e+10 3.973693806596817970e+08
2.240234000358239386e-01 1.095807696829022789e+10 3.950182867593329549e+08
2.256859090426557024e-01 1.076196772123901367e+10 3.929775530320531130e+08
2.273484180663219723e-01 1.056679266811802101e+10 3.912437951640790701e+08
2.290109271064561247e-01 1.037258399862345505e+10 3.898126813076947331e+08
2.306734361627020280e-01 1.017937351759994507e+10 3.886789543291365504e+08
2.323359452347137921e-01 9.987192637440870285e+09 3.878364648287777901e+08
2.339984543221555469e-01 9.796072370618350983e+09 3.872782142415289283e+08
2.356609634247005536e-01 9.606043322333200455e+09 3.869964070493065715e+08
2.373234725420314828e-01 9.417135683294580460e+09 3.869825109077401757e+08
2.389859816738397480e-01 9.229379222627588272e+09 3.872273233116127849e+08
2.406484908198254224e-01 9.042803280911779404e+09 3.877210433069795370e+08
2.423109999796965175e-01 8.857436763351480484e+09 3.884533467042094469e+08
2.439735091531692601e-01 8.673308133083740234e+09 3.894134632506909370e+08
2.456360183399674824e-01 8.490445404617181778e+09 3.905902542851430774e+08
2.472985275398224547e-01 8.308876137414993286e+09 3.919722895016672015e+08
2.489610367524725254e-01 8.128627429612399101e+09 3.935479215984514356e+08
2.506235459776631203e-01 7.949725911879952431e+09 3.953053577563342452e+08
2.522860552151463542e-01 7.772197741426101685e+09 3.972327270798971653e+08
2.539485644646808371e-01 7.596068596146464348e+09 3.993181433253011107e+08
2.556110737260313126e-01 7.421363668918825150e+09 4.015497624279654622e+08
2.572735829989687417e-01 7.248107662046101570e+09 4.039158345204769969e+08
2.589360922832700251e-01 7.076324781845435143e+09 4.064047502921177149e+08
2.605986015787175591e-01 6.906038733393187523e+09 4.090050816841327548e+08
2.622611108850994577e-01 6.737272715414658546e+09 4.117056170326377153e+08
2.639236202022091082e-01 6.570049415333566666e+09 4.144953908703721762e+08
2.655861295298450053e-01 6.404391004470214844e+09 4.173637086715427041e+08
2.672486388678106950e-01 6.240319133398447990e+09 4.203001668816009760e+08
2.689111482159146083e-01 6.077854927458603859e+09 4.232946686071047187e+08
2.705736575739698391e-01 5.917018982426162720e+09 4.263374353649246097e+08
2.722361669417941443e-01 5.757831360342445374e+09 4.294190152939074636e+08
2.738986763192096108e-01 5.600311585503497124e+09 4.325302882307029963e+08
2.755611857060425440e-01 5.444478640607665062e+09 4.356624680370728374e+08
2.772236951021236906e-01 5.290350963070674896e+09 4.388071025485457778e+08
2.788862045072874607e-01 5.137946441496919632e+09 4.419560714895462394e+08
2.805487139213725944e-01 4.987282412319504738e+09 4.451015826749700308e+08
2.822112233442213292e-01 4.838375656600485802e+09 4.482361667885319591e+08
2.838737327756796214e-01 4.691242397001242638e+09 4.513526710021712184e+08
2.855362422155972579e-01 4.545898294911926270e+09 4.544442516692547202e+08
2.871987516638271343e-01 4.402358447754728317e+09 4.575043663010380864e+08
2.888612611202258651e-01 4.260637386449033260e+09 4.605267650064703822e+08
2.905237705846532292e-01 4.120749073044749260e+09 4.635054815542634130e+08
2.921862800569720031e-01 3.982706898528056145e+09 4.664348241921840310e+08
2.938487895370484604e-01 3.846523680788959026e+09 4.693093663388128281e+08
2.955112990247516502e-01 3.712211662763021469e+09 4.721239372459828854e+08
2.971738085199533974e-01 3.579782510740037918e+09 4.748736127120036483e+08
2.988363180225286353e-01 3.449247312843115330e+09 4.775537059131342769e+08
3.004988275323551283e-01 3.320616577675288677e+09 4.801597584067519903e+08
3.021613370493130279e-01 3.193900233139956951e+09 4.826875313504498005e+08
3.038238465732852611e-01 3.069107625426715851e+09 4.851329969694682956e+08
3.054863561041573639e-01 2.946247518171335697e+09 4.874923302988813519e+08
3.071488656418173702e-01 2.825328091782888412e+09 4.897619012183687687e+08
3.088113751861554790e-01 2.706356942941843510e+09 4.919382667928004265e+08
3.104738847370644983e-01 2.589341084270097733e+09 4.940181639255112410e+08
3.121363942944395120e-01 2.474286944167096138e+09 4.959985023281547427e+08
3.137989038581776025e-01 2.361200366819039345e+09 4.978763578071830869e+08
3.154614134281782389e-01 2.250086612376430035e+09 4.996489658637772799e+08
3.171239230043430002e-01 2.140950357301179886e+09 5.013137156025559306e+08
3.187864325865753523e-01 2.033795694880774021e+09 5.028681439421012998e+08
3.204489421747808708e-01 1.928626135916816711e+09 5.043099301190690398e+08
3.221114517688670742e-01 1.825444609572764874e+09 5.056368904760860801e+08
3.237739613687434237e-01 1.724253464400156260e+09 5.068469735245091319e+08
3.254364709743211015e-01 1.625054469522042513e+09 5.079382552697564960e+08
3.270989805855132326e-01 1.527848815992027521e+09 5.089089347898187637e+08
3.287614902022346075e-01 1.432637118312358856e+09 5.097573300543189645e+08
3.304239998244018484e-01 1.339419416122606516e+09 5.104818739740190506e+08
3.320865094519330207e-01 1.248195176050824404e+09 5.110811106686261296e+08
3.337490190847480775e-01 1.158963293730238676e+09 5.115536919426635504e+08
3.354115287227684150e-01 1.071722095975543141e+09 5.118983739576236010e+08
3.370740383659170392e-01 9.864693431291218996e+08 5.121140140907033086e+08
3.387365480141183438e-01 9.032022315597608089e+08 5.121995679692519307e+08
3.403990576672984991e-01 8.219173963292485476e+08 5.121540866709396243e+08
3.420615673253846745e-01 7.426109140145670176e+08 5.119767140803244710e+08
3.437240769883058711e-01 6.652783056902961731e+08 5.116666843927429914e+08
3.453865866559921449e-01 5.899145400675231218e+08 5.112233197554283738e+08
3.470490963283750507e-01 5.165140367906857729e+08 5.106460280394755602e+08
3.487116060053874755e-01 4.450706698872846365e+08 5.099343007321444750e+08
3.503741156869634166e-01 3.755777713741298914e+08 5.090877109437380433e+08
3.520366253730383144e-01 3.080281350137316585e+08 5.081059115203823447e+08
3.536991350635486642e-01 2.424140202247990072e+08 5.069886332563582063e+08
3.553616447584322380e-01 1.787271561403015554e+08 5.057356831988071203e+08
3.570241544576279180e-01 1.169587458168069422e+08 5.043469430391330719e+08
3.586866641610758633e-01 5.709947058761471510e+07 5.028223675840641856e+08
3.603491738687170098e-01 -8.605054332995092263e+05 5.011619833018345833e+08
3.620116835804937372e-01 -5.693153070865283161e+07 4.993658869370533824e+08
3.636741932963493684e-01 -1.111244614874561429e+08 4.974342441896013618e+08
3.653367030162280593e-01 -1.634506568769183159e+08 4.953672884526221752e+08
3.669992127400752979e-01 -2.139219737725456655e+08 4.931653196051835418e+08
3.686617224678372939e-01 -2.625507616527966261e+08 4.908287028545237184e+08
3.703242321994613118e-01 -3.093498572335891128e+08 4.883578676248533726e+08
3.719867419348956150e-01 -3.543325789938420653e+08 4.857533064876418114e+08
3.736492516740893000e-01 -3.975127215634037852e+08 4.830155741308451891e+08
3.753117614169925176e-01 -4.389045499832038283e+08 4.801452863622205853e+08
3.769742711635561405e-01 -4.785227938363117576e+08 4.771431191451048851e+08
3.786367809137318741e-01 -5.163826412504774332e+08 4.740098076616896987e+08
3.802992906674724227e-01 -5.524997327774084806e+08 4.707461454025942683e+08
3.819618004247312126e-01 -5.868901551493051052e+08 4.673529832783789635e+08
3.836243101854625026e-01 -6.195704349116313457e+08 4.638312287517472506e+08
3.852868199496213841e-01 -6.505575319422506094e+08 4.601818449867307544e+08
3.869493297171635593e-01 -6.798688328473491669e+08 4.564058500137090683e+08
3.886118394880457849e-01 -7.075221442488559484e+08 4.525043159066728354e+08
3.902743492622252064e-01 -7.335356859545639753e+08 4.484783679723400474e+08
3.919368590396599683e-01 -7.579280840219333172e+08 4.443291839471886754e+08
3.935993688203087704e-01 -7.807183637105880976e+08 4.400579932026572227e+08
3.952618786041311449e-01 -8.019259423311980963e+08 4.356660759547511339e+08
3.969243883910870685e-01 -8.215706219886251688e+08 4.311547624782013297e+08
3.985868981811374612e-01 -8.396725822284518480e+08 4.265254323222567439e+08
4.002494079742436872e-01 -8.562523725764937401e+08 4.217795135275876522e+08
4.019119177703678880e-01 -8.713309049919302464e+08 4.169184818423279524e+08
4.035744275694727046e-01 -8.849294462164742947e+08 4.119438599369016290e+08
4.052369373715214440e-01 -8.970696100399317741e+08 4.068572166146874428e+08
4.068994471764781906e-01 -9.077733494697664976e+08 4.016601660202562809e+08
4.085619569843071952e-01 -9.170629488204510212e+08 3.963543668405643106e+08
4.102244667949735413e-01 -9.249610157114365101e+08 3.909415215021404624e+08
4.118869766084432005e-01 -9.314904729904179573e+08 3.854233753593601584e+08
4.135494864246819224e-01 -9.366745505712808371e+08 3.798017158768501282e+08
4.152119962436567890e-01 -9.405367772003698349e+08 3.740783718018918037e+08
4.168745060653349932e-01 -9.431009721443017721e+08 3.682552123290444613e+08
4.185370158896842829e-01 -9.443912368114537001e+08 3.623341462537700534e+08
4.201995257166728504e-01 -9.444319462984910011e+08 3.563171211173037291e+08
4.218620355462696647e-01 -9.432477408775355816e+08 3.502061223390444517e+08
4.235245453784438063e-01 -9.408635174133665562e+08 3.440031723396496773e+08
4.251870552131651881e-01 -9.373044207267026901e+08 3.377103296506946683e+08
4.268495650504041117e-01 -9.325958348912948370e+08 3.313296880145673752e+08
4.285120748901312115e-01 -9.267633744854903221e+08 3.248633754697949290e+08
4.301745847323175664e-01 -9.198328757799897194e+08 3.183135534268972278e+08
4.318370945769347546e-01 -9.118303878893203735e+08 3.116824157287616730e+08
4.334996044239549096e-01 -9.027821638591696024e+08 3.049721877014108896e+08
4.351621142733504422e-01 -8.927146517290945053e+08 2.981851251891485453e+08
4.368246241250944295e-01 -8.816544855338637829e+08 2.913235135801876783e+08
4.384871339791597822e-01 -8.696284762839969397e+08 2.843896668163297772e+08
4.401496438355204099e-01 -8.566636028943473101e+08 2.773859263937610388e+08
4.418121536941504446e-01 -8.427870030948009491e+08 2.703146603476366401e+08
4.434746635550242400e-01 -8.280259642938696146e+08 2.631782622285731137e+08
4.451371734181167605e-01 -8.124079144351153374e+08 2.559791500631071925e+08
4.467996832834031928e-01 -7.959604128035370111e+08 2.487197653070239425e+08
4.484621931508591675e-01 -7.787111408408659697e+08 2.414025717828586400e+08
4.501247030204606481e-01 -7.606878929063078165e+08 2.340300546117603481e+08
4.517872128921838204e-01 -7.419185670597056150e+08 2.266047191300114989e+08
4.534497227660054253e-01 -7.224311557916717529e+08 2.191290898020902276e+08
4.551122326419027031e-01 -7.022537367842378616e+08 2.116057091185319126e+08
4.567747425198525613e-01 -6.814144636196291447e+08 2.040371364939405620e+08
4.584372523998329063e-01 -6.599415565345497131e+08 1.964259471502839029e+08
4.600997622818217003e-01 -6.378632931152235270e+08 1.887747310049487650e+08
4.617622721657972384e-01 -6.152079990586322546e+08 1.810860915456869602e+08
4.634247820517383154e-01 -5.920040388643010855e+08 1.733626447170228064e+08
4.650872919396236149e-01 -5.682798066146920919e+08 1.656070177966700196e+08
4.667498018294323758e-01 -5.440637166733626127e+08 1.578218482946824729e+08
4.684123117211442255e-01 -5.193841945001088381e+08 1.500097828489487171e+08
4.700748216147389580e-01 -4.942696673602340817e+08 1.421734761631291509e+08
4.717373315101965336e-01 -4.687485551932920814e+08 1.343155899559468031e+08
4.733998414074974126e-01 -4.428492613363516331e+08 1.264387919907376468e+08
4.750623513066224435e-01 -4.166001634685009718e+08 1.185457551532605141e+08
4.767248612075521974e-01 -3.900296043449714184e+08 1.106391566910073906e+08
4.783873711102680226e-01 -3.631658828461282849e+08 1.027216775993731469e+08
4.800498810147514894e-01 -3.360372447129880190e+08 9.479600236975598335e+07
4.817123909209840571e-01 -3.086718737422384024e+08 8.686481917405918241e+07
4.833749008289477955e-01 -2.810978824875310063e+08 7.893082099567778409e+07
4.850374107386249412e-01 -2.533433036845543683e+08 7.099670818743249774e+07
4.866999206499977859e-01 -2.254360808253104091e+08 6.306519406865655631e+07
4.883624305630492324e-01 -1.974040599898053706e+08 5.513901615227408707e+07
4.900249404777619611e-01 -1.692749800420585871e+08 4.722096033829921484e+07
4.916874503941192631e-01 -1.410764653674208820e+08 3.931391532616128772e+07
4.933499603121045407e-01 -1.128360148319834024e+08 3.142101199364156649e+07
4.950124702317013070e-01 -8.458099756543417275e+07 2.354604175780964270e+07
4.966749801528934083e-01 -5.633863627543015033e+07 1.569512202413890697e+07
4.983374900756649684e-01 -2.813603652325808629e+07 7.888110156842220575e+06
