# r [arcsec]	I [Jy/sr]	I_uncer [Jy/sr]
1.272617859314095550e-03 -7.835625484139244080e+09 1.490342721720555305e+09
2.921189009106442414e-03 -7.800727582792976379e+09 1.488190424267977476e+09
4.579495862547155495e-03 -7.737978141014014244e+09 1.484416798109497070e+09
6.240002426697914550e-03 -7.647422410965682030e+09 1.478998437559296608e+09
7.901343393063876494e-03 -7.529144132304996490e+09 1.471941983125511646e+09
9.563088128690054243e-03 -7.383254521380072594e+09 1.463262682330108643e+09
1.122505851373705593e-02 -7.209891150143846512e+09 1.452981008295346737e+09
1.288716767388508287e-02 -7.009217640168745041e+09 1.441121831363369703e+09
1.454936822595933807e-02 -6.781423475650863647e+09 1.427714113475321293e+09
1.621163214106096165e-02 -6.526723828650685310e+09 1.412790745868690968e+09
1.787394178310437384e-02 -6.245359372991907120e+09 1.396388433871196270e+09
1.953628550253095827e-02 -5.937596080156295776e+09 1.378547598474800348e+09
2.119865529577967186e-02 -5.603724995008255959e+09 1.359312283786978483e+09
2.286104548286438387e-02 -5.244061990548374176e+09 1.338730066355650902e+09
2.452345192144544592e-02 -4.858947501372991562e+09 1.316851965235641718e+09
2.618587151961204035e-02 -4.448746235760126114e+09 1.293732353033963442e+09
2.784830192283991451e-02 -4.013846866293717861e+09 1.269428868930599928e+09
2.951074130657948408e-02 -3.554661699122284412e+09 1.244002335169469595e+09
3.117318823511218417e-02 -3.071626321847457886e+09 1.217516678904999495e+09
3.283564156322602012e-02 -2.565199230123924255e+09 1.190038861648458004e+09
3.449810036628684490e-02 -2.035861433065675974e+09 1.161638818923400640e+09
3.616056388957845924e-02 -1.484116037551873684e+09 1.132389413130614996e+09
3.782303151098994481e-02 -9.104878115296319723e+08 1.102366403061927795e+09
3.948550271312052662e-02 -3.155227264838364124e+08 1.071648433989440441e+09
4.114797706214112089e-02 3.002125208279995322e+08 1.040317052803785324e+09
4.281045419157746001e-02 9.361310071779884100e+08 1.008456753276022434e+09
4.447293378972808769e-02 1.591626102033510447e+09 9.761550571613970995e+08
4.613541558980088775e-02 2.266072006899754524e+09 9.435026375193351507e+08
4.779789936210682849e-02 2.958824314593576908e+09 9.105934912413281202e+08
4.946038490782722619e-02 3.669220588233196259e+09 8.775251682510287762e+08
5.112287205399637657e-02 4.396580959656703949e+09 8.443990650156885386e+08
5.278536064943199074e-02 5.140208746991972923e+09 8.113207896133774519e+08
5.444785056141081270e-02 5.899391091069189072e+09 7.784006042300468683e+08
5.611034167293492414e-02 6.673399610324175835e+09 7.457539479816343784e+08
5.777283388046990098e-02 7.461491073847064018e+09 7.135020374398845434e+08
5.943532709206246489e-02 8.262908092165668488e+09 6.817725328357057571e+08
6.109782122576532665e-02 9.076879825357824326e+09 6.507002427770349979e+08
6.276031620831216962e-02 9.902622708051069260e+09 6.204278170241416693e+08
6.442281197399798987e-02 1.073934119079426575e+10 5.911063425728620291e+08
6.608530846372812073e-02 1.158622849735728073e+10 5.628957101843427420e+08
6.774780562420743002e-02 1.244246739735183334e+10 5.359645549971072674e+08
6.941030340724584080e-02 1.330723099365958595e+10 5.104894979650067091e+08
7.107280176916151715e-02 1.417968352403510857e+10 4.866533340934890509e+08
7.273530067026563739e-02 1.505898117625560760e+10 4.646417511415990591e+08
7.439780007441634813e-02 1.594427291617209244e+10 4.446381588017529845e+08
7.606029994863128252e-02 1.683470132793310928e+10 4.268163212905997634e+08
7.772280026274960840e-02 1.772940346568591690e+10 4.113307779885525107e+08
7.938530098913672284e-02 1.862751171596916580e+10 3.983055387246657610e+08
8.104780210242505667e-02 1.952815467001461792e+10 3.878221992264952064e+08
8.271030357928650656e-02 2.043045800514165115e+10 3.799092555441890955e+08
8.437280539823126257e-02 2.133354537436478424e+10 3.745347118725259304e+08
8.603530753943039455e-02 2.223653930336614609e+10 3.716037994357942343e+08
8.769780998455847798e-02 2.313856209386876297e+10 3.709626914922549725e+08
8.936031271665356712e-02 2.403873673252114487e+10 3.724077768965505958e+08
9.102281571999285004e-02 2.493618780426606369e+10 3.756988417540345788e+08
9.268531897998151525e-02 2.583004240923075104e+10 3.805738605247613788e+08
9.434782248305331742e-02 2.671943108209125137e+10 3.867631720794864297e+08
9.601032621658157906e-02 2.760348871287398911e+10 3.940014354667738080e+08
9.767283016879922675e-02 2.848135546809356308e+10 4.020365804108759761e+08
9.933533432872686253e-02 2.935217771115958405e+10 4.106356864728605151e+08
1.009978386861079547e-01 3.021510892090167618e+10 4.195881914736717343e+08
1.026603432313502873e-01 3.106931060710205841e+10 4.287070364945183396e+08
1.043228479554730720e-01 3.191395322184860611e+10 4.378283714676102400e+08
1.059853528500589448e-01 3.274821706556982040e+10 4.468103574247212410e+08
1.076478579072105424e-01 3.357129318652532959e+10 4.555314759806576967e+08
1.093103631195108394e-01 3.438238427259423065e+10 4.638886339366740584e+08
1.109728684799872744e-01 3.518070553411298370e+10 4.717952493359673619e+08
1.126353739820789568e-01 3.596548557658035278e+10 4.791794294044864178e+08
1.142978796196066349e-01 3.673596726198104095e+10 4.859822981643815637e+08
1.159603853867454265e-01 3.749140855751679993e+10 4.921564972442657948e+08
1.176228912779997832e-01 3.823108337051277924e+10 4.976648624916632771e+08
1.192853972881804531e-01 3.895428236827381897e+10 5.024792671933398247e+08
1.209479034123834701e-01 3.966031378166580200e+10 5.065796168246068954e+08
1.226104096459709192e-01 4.034850419122699738e+10 5.099529780254136920e+08
1.242729159845529646e-01 4.101819929455703735e+10 5.125928244136563540e+08
1.259354224239715991e-01 4.166876465385093689e+10 5.144983829149353504e+08
1.275979289602855449e-01 4.229958642233557892e+10 5.156740659018819928e+08
1.292604355897561952e-01 4.291007204849277496e+10 5.161289762260426879e+08
1.309229423088349165e-01 4.349965095689093781e+10 5.158764739897134304e+08
1.325854491141509606e-01 4.406777520452313232e+10 5.149337955279453993e+08
1.342479560025006402e-01 4.461392011153790283e+10 5.133217165079660416e+08
1.359104629708369483e-01 4.513758486529261780e+10 5.110642522875449657e+08
1.375729700162601765e-01 4.563829309671040344e+10 5.081883897033715844e+08
1.392354771360091448e-01 4.611559342788621521e+10 5.047238453055980206e+08
1.408979843274529020e-01 4.656905999000952911e+10 5.007028457227222323e+08
1.425604915880832879e-01 4.699829291064237976e+10 4.961599263521676660e+08
1.442229989155077718e-01 4.740291876945336151e+10 4.911317449387602806e+08
1.458855063074428748e-01 4.778259102156620026e+10 4.856569068386110067e+08
1.475480137617080634e-01 4.813699038769115448e+10 4.797757988813545108e+08
1.492105212762198374e-01 4.846582521029007721e+10 4.735304287468845248e+08
1.508730288489867621e-01 4.876883177504543304e+10 4.669642666780037284e+08
1.525355364781040279e-01 4.904577459696308136e+10 4.601220861631618142e+08
1.541980441617490649e-01 4.929644667051718140e+10 4.530497999657854438e+08
1.558605518981770188e-01 4.952066968325331116e+10 4.457942875626424551e+08
1.575230596857167542e-01 4.971829419234084320e+10 4.384032097178190947e+08
1.591855675227668576e-01 4.988919976367029572e+10 4.309248056006898880e+08
1.608480754077921959e-01 5.003329507305303955e+10 4.234076676084910631e+08
1.625105833393203636e-01 5.015051796924129486e+10 4.159004889545929432e+08
1.641730913159387406e-01 5.024083549847953796e+10 4.084517792169235349e+08
1.658355993362912173e-01 5.030424389039933014e+10 4.011095435143876672e+08
1.674981073990755853e-01 5.034076850511614227e+10 3.939209219099665880e+08
1.691606155030408176e-01 5.035046374145947266e+10 3.869317871344009638e+08
1.708231236469845982e-01 5.033341290631989288e+10 3.801863008818167448e+08
1.724856318297508795e-01 5.028972804519966125e+10 3.737264317897928953e+08
1.741481400502279120e-01 5.021954973406486511e+10 3.675914417508774996e+08
1.758106483073458848e-01 5.012304683270931244e+10 3.618173512712862492e+08
1.774731566000750660e-01 5.000041619989172363e+10 3.564363989217900038e+08
1.791356649274240265e-01 4.985188237058499908e+10 3.514765141047157049e+08
1.807981732884377246e-01 4.967769719569799805e+10 3.469608258565800190e+08
1.824606816821959798e-01 4.947813944478791046e+10 3.429072326265065670e+08
1.841231901078118072e-01 4.925351437224112701e+10 3.393280583488040566e+08
1.857856985644300296e-01 4.900415324755355072e+10 3.362298182445076108e+08
1.874482070512257237e-01 4.873041285034827423e+10 3.336131134827529192e+08
1.891107155674030538e-01 4.843267493086792755e+10 3.314726672920431495e+08
1.907732241121938566e-01 4.811134563672645569e+10 3.297975068865077496e+08
1.924357326848565586e-01 4.776685490675389862e+10 3.285712865237134695e+08
1.940982412846749550e-01 4.739965583286872864e+10 3.277727381691029668e+08
1.957607499109572380e-01 4.701022399092112732e+10 3.273762286338161826e+08
1.974232585630348313e-01 4.659905674153821564e+10 3.273523965041545033e+08
1.990857672402615297e-01 4.616667250206351471e+10 3.276688391928682923e+08
2.007482759420124996e-01 4.571360999069671631e+10 3.282908201157265902e+08
2.024107846676835298e-01 4.524042744404265594e+10 3.291819680671204329e+08
2.040732934166899215e-01 4.474770180928281403e+10 3.303049447938369513e+08
2.057358021884660160e-01 4.423602791226319885e+10 3.316220618632373214e+08
2.073983109824642512e-01 4.370601760280648804e+10 3.330958334906675816e+08
2.090608197981545235e-01 4.315829887862042236e+10 3.346894574301605225e+08
2.107233286350234380e-01 4.259351498921369934e+10 3.363672208892408013e+08
2.123858374925735870e-01 4.201232352124060059e+10 3.380948324296591878e+08
2.140483463703231337e-01 4.141539546676242065e+10 3.398396838501928449e+08
2.157108552678049240e-01 4.080341427592604065e+10 3.415710481277582049e+08
2.173733641845664311e-01 4.017707489558296204e+10 3.432602207246748805e+08
2.190358731201685061e-01 3.953708279541831207e+10 3.448806121000443697e+08
2.206983820741854618e-01 3.888415298315221405e+10 3.464077992575299740e+08
2.223608910462041566e-01 3.821900901042060852e+10 3.478195437779632211e+08
2.240234000358239386e-01 3.754238197094448090e+10 3.490957831584907770e+08
2.256859090426557024e-01 3.685500949259341431e+10 3.502186015227420330e+08
2.273484180663219723e-01 3.615763472501235962e+10 3.511721849604550600e+08
2.290109271064561247e-01 3.545100532439505768e+10 3.519427659581044316e+08
2.306734361627020280e-01 3.473587243710325623e+10 3.525185606345381737e+08
2.323359452347137921e-01 3.401298968370892715e+10 3.528897018161296248e+08
2.339984543221555469e-01 3.328311214514949799e+10 3.530481703856489062e+08
2.356609634247005536e-01 3.254699535257287598e+10 3.529877268199232221e+08
2.373234725420314828e-01 3.180539428252329254e+10 3.527038443875535727e+08
2.389859816738397480e-01 3.105906235904889297e+10 3.521936451031525135e+08
2.406484908198254224e-01 3.030875046432110977e+10 3.514558392205227613e+08
2.423109999796965175e-01 2.955520595932653427e+10 3.504906687825303674e+08
2.439735091531692601e-01 2.879917171618295670e+10 3.492998555228484273e+08
2.456360183399674824e-01 2.804138516356655884e+10 3.478865532223914862e+08
2.472985275398224547e-01 2.728257734676811600e+10 3.462553044575480223e+08
2.489610367524725254e-01 2.652347200380390930e+10 3.444120015241016150e+08
2.506235459776631203e-01 2.576478465901366425e+10 3.423638511800639033e+08
2.522860552151463542e-01 2.500722173551358414e+10 3.401193427114431858e+08
2.539485644646808371e-01 2.425147968785783768e+10 3.376882186844539642e+08
2.556110737260313126e-01 2.349824415619193649e+10 3.350814475997005701e+08
2.572735829989687417e-01 2.274818914315919113e+10 3.323111975069154501e+08
2.589360922832700251e-01 2.200197621475272751e+10 3.293908094657546878e+08
2.605986015787175591e-01 2.126025372629032135e+10 3.263347695526577234e+08
2.622611108850994577e-01 2.052365607458064270e+10 3.231586779106526375e+08
2.639236202022091082e-01 1.979280297736991501e+10 3.198792131231960654e+08
2.655861295298450053e-01 1.906829878102810669e+10 3.165140899690096378e+08
2.672486388678106950e-01 1.835073179743732834e+10 3.130820083888137937e+08
2.689111482159146083e-01 1.764067367094881821e+10 3.096025912821389437e+08
2.705736575739698391e-01 1.693867877622747993e+10 3.060963085693607926e+08
2.722361669417941443e-01 1.624528364775030327e+10 3.025843848248959184e+08
2.738986763192096108e-01 1.556100644164978027e+10 2.990886877438369393e+08
2.755611857060425440e-01 1.488634643052377701e+10 2.956315947818071246e+08
2.772236951021236906e-01 1.422178353181111145e+10 2.922358355486181378e+08
2.788862045072874607e-01 1.356777787019660950e+10 2.889243079844271541e+08
2.805487139213725944e-01 1.292476937452227783e+10 2.857198670442613363e+08
2.822112233442213292e-01 1.229317740954910088e+10 2.826450855934054852e+08
2.838737327756796214e-01 1.167340044290166283e+10 2.797219884915185571e+08
2.855362422155972579e-01 1.106581574741095924e+10 2.769717623998348713e+08
2.871987516638271343e-01 1.047077913906176186e+10 2.744144456407415271e+08
2.888612611202258651e-01 9.888624750628574371e+09 2.720686043741198182e+08
2.905237705846532292e-01 9.319664841058328629e+09 2.699510032957475185e+08
2.921862800569720031e-01 8.764189640588068008e+09 2.680762808265224397e+08
2.938487895370484604e-01 8.222467231491021156e+09 2.664566401381498873e+08
2.955112990247516502e-01 7.694743464329162598e+09 2.651015681462661028e+08
2.971738085199533974e-01 7.181241909489300728e+09 2.640175946061298251e+08
2.988363180225286353e-01 6.682163843734657288e+09 2.632081025594062209e+08
3.004988275323551283e-01 6.197688271440312386e+09 2.626731995743129253e+08
3.021613370493130279e-01 5.727971980128327370e+09 2.624096565904030502e+08
3.038238465732852611e-01 5.273149629843666077e+09 2.624109179176644087e+08
3.054863561041573639e-01 4.833333875878947258e+09 2.626671823489589393e+08
3.071488656418173702e-01 4.408615524281314850e+09 2.631655517554234266e+08
3.088113751861554790e-01 3.999063719528893471e+09 2.638902402981260121e+08
3.104738847370644983e-01 3.604726163726549625e+09 2.648228347848348320e+08
3.121363942944395120e-01 3.225629366586981773e+09 2.659425949356226921e+08
3.137989038581776025e-01 2.861778925459323406e+09 2.672267814712032080e+08
3.154614134281782389e-01 2.513159834586329460e+09 2.686509999836503863e+08
3.171239230043430002e-01 2.179736822747658730e+09 2.701895493605782390e+08
3.187864325865753523e-01 1.861454718393927574e+09 2.718157649347227812e+08
3.204489421747808708e-01 1.558238841357565641e+09 2.735023482980920076e+08
3.221114517688670742e-01 1.269995420148385763e+09 2.752216776551012993e+08
3.237739613687434237e-01 9.966120338707594872e+08 2.769460945030134320e+08
3.254364709743211015e-01 7.379580776923520565e+08 2.786481641908564568e+08
3.270989805855132326e-01 4.938852508396915197e+08 2.803009094233846664e+08
3.287614902022346075e-01 2.642280659986610711e+08 2.818780170066451430e+08
3.304239998244018484e-01 4.880437903820882738e+07 2.833540190577332377e+08
3.320865094519330207e-01 -1.525840621022256315e+08 2.847044505550324321e+08
3.337490190847480775e-01 -3.401510505007398725e+08 2.859059855059454441e+08
3.354115287227684150e-01 -5.141253365014278293e+08 2.869365542171130180e+08
3.370740383659170392e-01 -6.747500282900724411e+08 2.877754441984256506e+08
3.387365480141183438e-01 -8.222819780264146328e+08 2.884033871709598899e+08
3.403990576672984991e-01 -9.569911547094587088e+08 2.888026345092016459e+08
3.420615673253846745e-01 -1.079160005015892506e+09 2.889570232696819901e+08
3.437240769883058711e-01 -1.189082803325176239e+09 2.888520347547770739e+08
3.453865866559921449e-01 -1.287064992148634195e+09 2.884748473632171154e+08
3.470490963283750507e-01 -1.373422514202299356e+09 2.878143852883247733e+08
3.487116060053874755e-01 -1.448481137328227043e+09 2.868613644594379663e+08
3.503741156869634166e-01 -1.512575773498468399e+09 2.856083369799051881e+08
3.520366253730383144e-01 -1.566049793100708485e+09 2.840497352035038471e+08
3.536991350635486642e-01 -1.609254335714054823e+09 2.821819165054227114e+08
3.553616447584322380e-01 -1.642547618569107294e+09 2.800032097490539551e+08
3.570241544576279180e-01 -1.666294243863037586e+09 2.775139644143990278e+08
3.586866641610758633e-01 -1.680864506106264591e+09 2.747166033422741890e+08
3.603491738687170098e-01 -1.686633700632465124e+09 2.716156800452675819e+08
3.620116835804937372e-01 -1.683981434417229652e+09 2.682179415393949449e+08
3.636741932963493684e-01 -1.673290940300466537e+09 2.645323976398746073e+08
3.653367030162280593e-01 -1.654948395705218554e+09 2.605703976288192570e+08
3.669992127400752979e-01 -1.629342246915424585e+09 2.563457151067860425e+08
3.686617224678372939e-01 -1.596862539948107719e+09 2.518746416577236056e+08
3.703242321994613118e-01 -1.557900259027364731e+09 2.471760896269066334e+08
3.719867419348956150e-01 -1.512846673652374029e+09 2.422717037729794681e+08
3.736492516740893000e-01 -1.462092695199688435e+09 2.371859807085098624e+08
3.753117614169925176e-01 -1.406028243991238594e+09 2.319463937712198496e+08
3.769742711635561405e-01 -1.345041627717957258e+09 2.265835191126588285e+08
3.786367809137318741e-01 -1.279518932066704988e+09 2.211311561697683632e+08
3.802992906674724227e-01 -1.209843424392005444e+09 2.156264320921020210e+08
3.819618004247312126e-01 -1.136394971206121445e+09 2.101098749352262020e+08
3.836243101854625026e-01 -1.059549470248304486e+09 2.046254343740806282e+08
3.852868199496213841e-01 -9.796782978556767702e+08 1.992204213722365201e+08
3.869493297171635593e-01 -8.971477723048121929e+08 1.939453300440531671e+08
3.886118394880457849e-01 -8.123186337836697102e+08 1.888534967770713568e+08
3.902743492622252064e-01 -7.255455415870690346e+08 1.840005452923975587e+08
3.919368590396599683e-01 -6.371765891155273914e+08 1.794435644439903498e+08
3.935993688203087704e-01 -5.475528372001729012e+08 1.752399719836976528e+08
3.952618786041311449e-01 -4.570078662487426400e+08 1.714460364950377643e+08
3.969243883910870685e-01 -3.658673476695055962e+08 1.681150647978351414e+08
3.985868981811374612e-01 -2.744486349868251085e+08 1.652953139819328487e+08
4.002494079742436872e-01 -1.830603750181783438e+08 1.630277511728492975e+08
4.019119177703678880e-01 -9.200213946868921816e+07 1.613438482459149957e+08
4.035744275694727046e-01 -1.564077221562020713e+06 1.602636449074513018e+08
4.052369373715214440e-01 8.797341239160811901e+07 1.597943221961609125e+08
4.068994471764781906e-01 1.763399851331492662e+08 1.599294867796579599e+08
4.085619569843071952e-01 2.632756360114012361e+08 1.606492762234918475e+08
4.102244667949735413e-01 3.485309619046645761e+08 1.619212760496967137e+08
4.118869766084432005e-01 4.318674025304906964e+08 1.637021216058920622e+08
4.135494864246819224e-01 5.130574596877479553e+08 1.659395720609310567e+08
4.152119962436567890e-01 5.918848947285143137e+08 1.685748081247937679e+08
4.168745060653349932e-01 6.681449042392357588e+08 1.715447199361555874e+08
4.185370158896842829e-01 7.416442739715291262e+08 1.747840027159009874e+08
4.201995257166728504e-01 8.122015110630116463e+08 1.782269451554003060e+08
4.218620355462696647e-01 8.796469546529223919e+08 1.818088606533332169e+08
4.235245453784438063e-01 9.438228649947332144e+08 1.854671631404264569e+08
4.251870552131651881e-01 1.004583491239051700e+09 1.891421229432442188e+08
4.268495650504041117e-01 1.061795118048077226e+09 1.927773554105554521e+08
4.285120748901312115e-01 1.115336091262648582e+09 1.963200995520117581e+08
4.301745847323175664e-01 1.165096822858178616e+09 1.997213405358063579e+08
4.318370945769347546e-01 1.210979775447941542e+09 2.029358221395983994e+08
4.334996044239549096e-01 1.252899426638158560e+09 2.059219862346889973e+08
4.351621142733504422e-01 1.290782213532809496e+09 2.086418674647852778e+08
4.368246241250944295e-01 1.324566457744694471e+09 2.110609636755189300e+08
4.384871339791597822e-01 1.354202271268813848e+09 2.131480962868953943e+08
4.401496438355204099e-01 1.379651443598720312e+09 2.148752700663435459e+08
4.418121536941504446e-01 1.400887310508539915e+09 2.162175380500166118e+08
4.434746635550242400e-01 1.417894604905241728e+09 2.171528749092435539e+08
4.451371734181167605e-01 1.430669290219428301e+09 2.176620601451845765e+08
4.467996832834031928e-01 1.439218376784048080e+09 2.177285714496255517e+08
4.484621931508591675e-01 1.443559721687011003e+09 2.173384876624344289e+08
4.501247030204606481e-01 1.443721812599523783e+09 2.164804004712420404e+08
4.517872128921838204e-01 1.439743536089382172e+09 2.151453335836572349e+08
4.534497227660054253e-01 1.431673930941730022e+09 2.133266681981354356e+08
4.551122326419027031e-01 1.419571927045571566e+09 2.110200733862297833e+08
4.567747425198525613e-01 1.403506070374480247e+09 2.082234402820331156e+08
4.584372523998329063e-01 1.383554234651543617e+09 2.049368188100250065e+08
4.600997622818217003e-01 1.359803320251976728e+09 2.011623560656093061e+08
4.617622721657972384e-01 1.332348940950612545e+09 1.969042352689117193e+08
4.634247820517383154e-01 1.301295099083626032e+09 1.921686146663425267e+08
4.650872919396236149e-01 1.266753849755517006e+09 1.869635654854009449e+08
4.667498018294323758e-01 1.228844954669974566e+09 1.812990085801793337e+08
4.684123117211442255e-01 1.187695526231560946e+09 1.751866490215281844e+08
4.700748216147389580e-01 1.143439662509500027e+09 1.686399085272754431e+08
4.717373315101965336e-01 1.096218073720259428e+09 1.616738550860705674e+08
4.733998414074974126e-01 1.046177700827788472e+09 1.543051299335447252e+08
4.750623513066224435e-01 9.934713269280188084e+08 1.465518712763104737e+08
4.767248612075521974e-01 9.382571820217989683e+08 1.384336352204402983e+08
4.783873711102680226e-01 8.806985418485233784e+08 1.299713132734018862e+08
4.800498810147514894e-01 8.209633213765819073e+08 1.211870472730035633e+08
4.817123909209840571e-01 7.592236636528902054e+08 1.121041410104144067e+08
4.833749008289477955e-01 6.956555245711791515e+08 1.027469700630498081e+08
4.850374107386249412e-01 6.304382542957971096e+08 9.314088899238760769e+07
4.866999206499977859e-01 5.637541758635298014e+08 8.331213892820467055e+07
4.883624305630492324e-01 4.957881617482458949e+08 7.328775525796994567e+07
4.900249404777619611e-01 4.267272088252570033e+08 6.309548390241525322e+07
4.916874503941192631e-01 3.567600126465405822e+08 5.276371426975771785e+07
4.933499603121045407e-01 2.860765412396429777e+08 4.232147652388907224e+07
4.950124702317013070e-01 2.148676097375277579e+08 3.179864127821247280e+07
4.966749801528934083e-01 1.433244552210918367e+08 2.122709418459818140e+07
4.983374900756649684e-01 7.163831607803107798e+07 1.064922846588946506e+07
