# r [arcsec]	I [Jy/sr]	I_uncer [Jy/sr]
1.272617859314095550e-03 3.203174366412293091e+11 6.526793267647649765e+09
2.921189009106442414e-03 3.198417378524270630e+11 6.505335471921613693e+09
4.579495862547155495e-03 3.189873712206326904e+11 6.466894403179121971e+09
6.240002426697914550e-03 3.177566288263507690e+11 6.411697460138267517e+09
7.901343393063876494e-03 3.161530595470153198e+11 6.340091731811423302e+09
9.563088128690054243e-03 3.141813052574598389e+11 6.252530668084435463e+09
1.122505851373705593e-02 3.118470678567139893e+11 6.149570548794863701e+09
1.288716767388508287e-02 3.091570834366931152e+11 6.031867580178596497e+09
1.454936822595933807e-02 3.061190942126755371e+11 5.900174854325653076e+09
1.621163214106096165e-02 3.027418168948528442e+11 5.755339127568236351e+09
1.787394178310437384e-02 2.990349073333556519e+11 5.598297493547347069e+09
1.953628550253095827e-02 2.950089215198598022e+11 5.430074068067660332e+09
2.119865529577967186e-02 2.906752731071322632e+11 5.251776829429259300e+09
2.286104548286438387e-02 2.860461876433143311e+11 5.064594780526195526e+09
2.452345192144544592e-02 2.811346537399130859e+11 4.869795619351859093e+09
2.618587151961204035e-02 2.759543714093394165e+11 4.668724120405617714e+09
2.784830192283991451e-02 2.705196978218699341e+11 4.462801435560046196e+09
2.951074130657948408e-02 2.648455907439990540e+11 4.253525508755010605e+09
3.117318823511218417e-02 2.589475499304543457e+11 4.042472746173984051e+09
3.283564156322602012e-02 2.528415567508675232e+11 3.831300961495443821e+09
3.449810036628684490e-02 2.465440123392111816e+11 3.621753374727233410e+09
3.616056388957845924e-02 2.400716745595875549e+11 3.415663007262635708e+09
3.782303151098994481e-02 2.334415940858222961e+11 3.214956078305331230e+09
3.948550271312052662e-02 2.266710498945827942e+11 3.021651838836726189e+09
4.114797706214112089e-02 2.197774844723636475e+11 2.837854566834146023e+09
4.281045419157746001e-02 2.127784390356549683e+11 2.665731212100697041e+09
4.447293378972808769e-02 2.056914890611012878e+11 2.507465808248723030e+09
4.613541558980088775e-02 1.985341804181894531e+11 2.365180379688366413e+09
4.779789936210682849e-02 1.913239663914432068e+11 2.240813819572089672e+09
4.946038490782722619e-02 1.840781458717753601e+11 2.135957996887717485e+09
5.112287205399637657e-02 1.768138029881993408e+11 2.051665993382234335e+09
5.278536064943199074e-02 1.695477484409148560e+11 1.988268099926789999e+09
5.444785056141081270e-02 1.622964627856843262e+11 1.945246908120521069e+09
5.611034167293492414e-02 1.550760419066966553e+11 1.921219519791327953e+09
5.777283388046990098e-02 1.479021449016080627e+11 1.914046280543378115e+09
5.943532709206246489e-02 1.407899445875765991e+11 1.921043116201932907e+09
6.109782122576532665e-02 1.337540808214977264e+11 1.939242352861436844e+09
6.276031620831216962e-02 1.268086168110699615e+11 1.965641559957652569e+09
6.442281197399798987e-02 1.199669985759714966e+11 1.997398639953907251e+09
6.608530846372812073e-02 1.132420177004926147e+11 2.031958256575542212e+09
6.774780562420743002e-02 1.066457775004549713e+11 2.067115593344955444e+09
6.941030340724584080e-02 1.001896627082868958e+11 2.101033384690215826e+09
7.107280176916151715e-02 9.388431276090922546e+10 2.132229333530669928e+09
7.273530067026563739e-02 8.773959875558329773e+10 2.159547743547899246e+09
7.439780007441634813e-02 8.176460411940531921e+10 2.182124806433699131e+09
7.606029994863128252e-02 7.596760901852796936e+10 2.199353187710502625e+09
7.772280026274960840e-02 7.035607851392787170e+10 2.210848845078557014e+09
7.938530098913672284e-02 6.493665445130097198e+10 2.216421303624195576e+09
8.104780210242505667e-02 5.971515105401338959e+10 2.216047635871561050e+09
8.271030357928650656e-02 5.469655416964038849e+10 2.209849891702508450e+09
8.437280539823126257e-02 4.988502410292417908e+10 2.198075498740928173e+09
8.603530753943039455e-02 4.528390195089131927e+10 2.181080079473157883e+09
8.769780998455847798e-02 4.089571933946089172e+10 2.159312129559579849e+09
8.936031271665356712e-02 3.672221144541654205e+10 2.133299028943690538e+09
9.102281571999285004e-02 3.276433317292607880e+10 2.103633891704318285e+09
9.268531897998151525e-02 2.902227834014731979e+10 2.070962793724022150e+09
9.434782248305331742e-02 2.549550171885106277e+10 2.035971949746114254e+09
9.601032621658157906e-02 2.218274375841553116e+10 1.999374450026967049e+09
9.767283016879922675e-02 1.908205781517251587e+10 1.961896223113919973e+09
9.933533432872686253e-02 1.619083969885315514e+10 1.924260980102135658e+09
1.009978386861079547e-01 1.350585933984589577e+10 1.887174032417003155e+09
1.026603432313502873e-01 1.102329437423482513e+10 1.851305071496173143e+09
1.043228479554730720e-01 8.738765438004930496e+09 1.817270256264699459e+09
1.059853528500589448e-01 6.647372957580883026e+09 1.785614257085031748e+09
1.076478579072105424e-01 4.743735220804371834e+09 1.756793213516122818e+09
1.093103631195108394e-01 3.022027510726983547e+09 1.731159814969619989e+09
1.109728684799872744e-01 1.476022084055952311e+09 1.708951831942992926e+09
1.126353739820789568e-01 9.912877678302176297e+07 1.690285342725809813e+09
1.142978796196066349e-01 -1.115563978583755493e+09 1.675153583598481178e+09
1.159603853867454265e-01 -2.175247936754624844e+09 1.663431825378738642e+09
1.176228912779997832e-01 -3.087353832768661976e+09 1.654888034218424082e+09
1.192853972881804531e-01 -3.859510387706140041e+09 1.649198440424251080e+09
1.209479034123834701e-01 -4.499503724013699532e+09 1.645966648000655651e+09
1.226104096459709192e-01 -5.015237380295419693e+09 1.644744661071837664e+09
1.242729159845529646e-01 -5.414693107392475128e+09 1.645054206381116390e+09
1.259354224239715991e-01 -5.705892618692341805e+09 1.646406953553662062e+09
1.275979289602855449e-01 -5.896860458024950027e+09 1.648322594546860933e+09
1.292604355897561952e-01 -5.995588138197198868e+09 1.650344148529099464e+09
1.309229423088349165e-01 -6.009999692355674744e+09 1.652050232195290327e+09
1.325854491141509606e-01 -5.947918768951354027e+09 1.653064331558663368e+09
1.342479560025006402e-01 -5.817037389247593880e+09 1.653061312586838722e+09
1.359104629708369483e-01 -5.624886474112132072e+09 1.651771520000079632e+09
1.375729700162601765e-01 -5.378808234348262787e+09 1.648982853759602785e+09
1.392354771360091448e-01 -5.085930506137411118e+09 1.644541202699606657e+09
1.408979843274529020e-01 -4.753143100386264801e+09 1.638349574267611980e+09
1.425604915880832879e-01 -4.387076221898472786e+09 1.630366203933173656e+09
1.442229989155077718e-01 -3.994081001514746666e+09 1.620601868380601645e+09
1.458855063074428748e-01 -3.580212171663009167e+09 1.609116569728037357e+09
1.475480137617080634e-01 -3.151212903228972435e+09 1.596015707388752460e+09
1.492105212762198374e-01 -2.712501809428412914e+09 1.581445811497598648e+09
1.508730288489867621e-01 -2.269162110388310432e+09 1.565589877748403549e+09
1.525355364781040279e-01 -1.825932940591199636e+09 1.548662318375209332e+09
1.541980441617490649e-01 -1.387202770205797911e+09 1.530903528295274734e+09
1.558605518981770188e-01 -9.570049006808154583e+08 1.512574059833915949e+09
1.575230596857167542e-01 -5.390149848852920532e+08 1.493948404982225657e+09
1.591855675227668576e-01 -1.365505125524176955e+08 1.475308401820725203e+09
1.608480754077921959e-01 2.474278070947994590e+08 1.456936312186995745e+09
1.625105833393203636e-01 6.103128419149454832e+08 1.439107660396006346e+09
1.641730913159387406e-01 9.498460965173938274e+08 1.422083975545626163e+09
1.658355993362912173e-01 1.264111125780793667e+09 1.406105637830750704e+09
1.674981073990755853e-01 1.551525399066529036e+09 1.391385084878277540e+09
1.691606155030408176e-01 1.810830717326630831e+09 1.378100677486539602e+09
1.708231236469845982e-01 2.041082289900454521e+09 1.366391544562692881e+09
1.724856318297508795e-01 2.241636581633980274e+09 1.356353714970993996e+09
1.741481400502279120e-01 2.412138044019486427e+09 1.348037793958416700e+09
1.758106483073458848e-01 2.552504846383875370e+09 1.341448354734444380e+09
1.774731566000750660e-01 2.662913724704541683e+09 1.336545099974551916e+09
1.791356649274240265e-01 2.743784066487826347e+09 1.333245718471684217e+09
1.807981732884377246e-01 2.795761350245656490e+09 1.331430237353816986e+09
1.824606816821959798e-01 2.819700057546309948e+09 1.330946568323281050e+09
1.841231901078118072e-01 2.816646174360631943e+09 1.331616880557153702e+09
1.857856985644300296e-01 2.787819396549880981e+09 1.333244409394495010e+09
1.874482070512257237e-01 2.734595151844930649e+09 1.335620326869586468e+09
1.891107155674030538e-01 2.658486547598005772e+09 1.338530349353628397e+09
1.907732241121938566e-01 2.561126349992914677e+09 1.341760827246828794e+09
1.924357326848565586e-01 2.444249096288893700e+09 1.345104139409627199e+09
1.940982412846749550e-01 2.309673437126917839e+09 1.348363290268643618e+09
1.957607499109572380e-01 2.159284800943318367e+09 1.351355672844558001e+09
1.974232585630348313e-01 1.995018467208670378e+09 1.353916012343364477e+09
1.990857672402615297e-01 1.818843129530621767e+09 1.355898541414170742e+09
2.007482759420124996e-01 1.632745023723412037e+09 1.357178480812551737e+09
2.024107846676835298e-01 1.438712689758912802e+09 1.357652910317038774e+09
2.040732934166899215e-01 1.238722430157706738e+09 1.357241117096922159e+09
2.057358021884660160e-01 1.034724520854225636e+09 1.355884504978440523e+09
2.073983109824642512e-01 8.286302239761785269e+08 1.353546140515238762e+09
2.090608197981545235e-01 6.222996453135551214e+08 1.350210002223101854e+09
2.107233286350234380e-01 4.175304725758175254e+08 1.345879989099706888e+09
2.123858374925735870e-01 2.160476239114501476e+08 1.340578734492662668e+09
2.140483463703231337e-01 1.949382958344833925e+07 1.334346262063954353e+09
2.157108552678049240e-01 -1.705788367546046376e+08 1.327238512323962212e+09
2.173733641845664311e-01 -3.527164670429606438e+08 1.319325761166342735e+09
2.190358731201685061e-01 -5.255698640643501878e+08 1.310690946081897020e+09
2.206983820741854618e-01 -6.879001248512389660e+08 1.301427911335337400e+09
2.223608910462041566e-01 -8.385832698467519283e+08 1.291639580369201183e+09
2.240234000358239386e-01 -9.766139307913854122e+08 1.281436062104507446e+09
2.256859090426557024e-01 -1.101108115432395697e+09 1.270932697684420347e+09
2.273484180663219723e-01 -1.211305071938600540e+09 1.260248055559407234e+09
2.290109271064561247e-01 -1.306568280361985445e+09 1.249501885667199135e+09
2.306734361627020280e-01 -1.386385602599823236e+09 1.238813047698498011e+09
2.323359452347137921e-01 -1.450368626050333738e+09 1.228297433895183086e+09
2.339984543221555469e-01 -1.498251239534233809e+09 1.218065913158170938e+09
2.356609634247005536e-01 -1.529887483039689541e+09 1.208222329954921246e+09
2.373234725420314828e-01 -1.545248715459332466e+09 1.198861597958169460e+09
2.389859816738397480e-01 -1.544420146705068350e+09 1.190067933734788895e+09
2.406484908198254224e-01 -1.527596782431111336e+09 1.181913279290207148e+09
2.423109999796965175e-01 -1.495078831027073622e+09 1.174455963074546337e+09
2.439735091531692601e-01 -1.447266623650519848e+09 1.167739646525401354e+09
2.456360183399674824e-01 -1.384655098751781225e+09 1.161792597057221889e+09
2.472985275398224547e-01 -1.307827902914030552e+09 1.156627318656289577e+09
2.489610367524725254e-01 -1.217451159833302736e+09 1.152240558445074558e+09
2.506235459776631203e-01 -1.114266958953275681e+09 1.148613692675569057e+09
2.522860552151463542e-01 -9.990866146225721836e+08 1.145713479855648994e+09
2.539485644646808371e-01 -8.727837457350077629e+08 1.143493153515477419e+09
2.556110737260313126e-01 -7.362872245983270407e+08 1.141893813827959776e+09
2.572735829989687417e-01 -5.905740423241959810e+08 1.140846066994211197e+09
2.589360922832700251e-01 -4.366621363458659649e+08 1.140271854704725981e+09
2.605986015787175591e-01 -2.756032237720385194e+08 1.140086413309145212e+09
2.622611108850994577e-01 -1.084756821837317497e+08 1.140200303348150969e+09
2.639236202022091082e-01 6.362248274792023003e+07 1.140521454245908976e+09
2.655861295298450053e-01 2.395805458589214981e+08 1.140957175366153479e+09
2.672486388678106950e-01 4.182818128375386000e+08 1.141416092399613857e+09
2.689111482159146083e-01 5.986101804607266188e+08 1.141809976259701490e+09
2.705736575739698391e-01 7.794564775345580578e+08 1.142055439546562910e+09
2.722361669417941443e-01 9.597245600754801035e+08 1.142075482625176191e+09
2.738986763192096108e-01 1.138337137020788670e+09 1.141800877064063072e+09
2.755611857060425440e-01 1.314241305501208067e+09 1.141171378414113522e+09
2.772236951021236906e-01 1.486413777456172943e+09 1.140136763057571888e+09
2.788862045072874607e-01 1.653865782065827847e+09 1.138657685214396715e+09
2.805487139213725944e-01 1.815647631137127638e+09 1.136706350363500595e+09
2.822112233442213292e-01 1.970852937144852161e+09 1.134267000549152613e+09
2.838737327756796214e-01 2.118622476150097609e+09 1.131336205598824263e+09
2.855362422155972579e-01 2.258147690195829868e+09 1.127922952450001717e+09
2.871987516638271343e-01 2.388673826083761692e+09 1.124048522939014435e+09
2.888612611202258651e-01 2.509502709601720810e+09 1.119746148836554766e+09
2.905237705846532292e-01 2.619995156304351330e+09 1.115060432037806273e+09
2.921862800569720031e-01 2.719573021861858368e+09 1.110046517990241289e+09
2.938487895370484604e-01 2.807720896737576962e+09 1.104769012097736359e+09
2.955112990247516502e-01 2.883987451574682236e+09 1.099300632385800123e+09
2.971738085199533974e-01 2.947986441125748634e+09 1.093720597503078938e+09
2.988363180225286353e-01 2.999397375872980118e+09 1.088112757453501701e+09
3.004988275323551283e-01 3.037965871631146431e+09 1.082563485382460594e+09
3.021613370493130279e-01 3.063503688449799061e+09 1.077159362114818811e+09
3.038238465732852611e-01 3.075888470969128132e+09 1.071984700416151643e+09
3.054863561041573639e-01 3.075063203118273258e+09 1.067118972204700470e+09
3.071488656418173702e-01 3.061035390607590675e+09 1.062634217777473330e+09
3.088113751861554790e-01 3.033875985126766205e+09 1.058592529836920738e+09
3.104738847370644983e-01 2.993718064472909451e+09 1.055043714774986386e+09
3.121363942944395120e-01 2.940755283041485310e+09 1.052023237474527240e+09
3.137989038581776025e-01 2.875240107218352318e+09 1.049550552380695701e+09
3.154614134281782389e-01 2.797481850202135563e+09 1.047627912075657368e+09
3.171239230043430002e-01 2.707844520704354286e+09 1.046239725322937250e+09
3.187864325865753523e-01 2.606744499810681343e+09 1.045352510881050110e+09
3.204489421747808708e-01 2.494648060048652172e+09 1.044915463563400030e+09
3.221114517688670742e-01 2.372068740414103031e+09 1.044861617981796980e+09
3.237739613687434237e-01 2.239564590783235073e+09 1.045109566187965631e+09
3.254364709743211015e-01 2.097735298736153603e+09 1.045565660766328216e+09
3.270989805855132326e-01 1.947219211447419167e+09 1.046126616828648806e+09
3.287614902022346075e-01 1.788690264843327999e+09 1.046682415770746708e+09
3.304239998244018484e-01 1.622854831825196266e+09 1.047119410543776512e+09
3.320865094519330207e-01 1.450448500907612324e+09 1.047323535596537113e+09
3.337490190847480775e-01 1.272232796209261179e+09 1.047183532983059764e+09
3.354115287227684150e-01 1.088991849315753460e+09 1.046594117539420009e+09
3.370740383659170392e-01 9.015290331600718498e+08 1.045459016623703361e+09
3.387365480141183438e-01 7.106635676886458397e+08 1.043693832041454434e+09
3.403990576672984991e-01 5.172271067631326914e+08 1.041228682117151022e+09
3.420615673253846745e-01 3.220603154463211298e+08 1.038010589508795738e+09
3.437240769883058711e-01 1.260094465670288801e+08 1.034005584704947352e+09
3.453865866559921449e-01 -7.007707476962096989e+07 1.029200495943269849e+09
3.470490963283750507e-01 -2.653520502248119712e+08 1.023604393522840619e+09
3.487116060053874755e-01 -4.589728824707452059e+08 1.017249650343652010e+09
3.503741156869634166e-01 -6.501049163813132048e+08 1.010192571449370146e+09
3.520366253730383144e-01 -8.379247389697085619e+08 1.002513534112316370e+09
3.536991350635486642e-01 -1.021623429911751986e+09 9.943165677620286942e+08
3.553616447584322380e-01 -1.200409754472418785e+09 9.857282916131793261e+08
3.570241544576279180e-01 -1.373513290643352747e+09 9.768961197786381245e+08
3.586866641610758633e-01 -1.540187482214574814e+09 9.679856424269784689e+08
3.603491738687170098e-01 -1.699712609461246490e+09 9.591771015235303640e+08
3.620116835804937372e-01 -1.851398669018763065e+09 9.506609056840753555e+08
3.636741932963493684e-01 -1.994588154437382221e+09 9.426321751598129272e+08
3.653367030162280593e-01 -2.128658728825425625e+09 9.352843776595691442e+08
3.669992127400752979e-01 -2.253025780894578457e+09 9.288022076784334183e+08
3.686617224678372939e-01 -2.367144855665992260e+09 9.233539697812933922e+08
3.703242321994613118e-01 -2.470513951044030666e+09 9.190838366491101980e+08
3.719867419348956150e-01 -2.562675671454326153e+09 9.161044462068285942e+08
3.736492516740893000e-01 -2.643219229751364231e+09 9.144903562052565813e+08
3.753117614169925176e-01 -2.711782288676189899e+09 9.142728690909487009e+08
3.769742711635561405e-01 -2.768052633237852573e+09 9.154366639485942125e+08
3.786367809137318741e-01 -2.811769665570201874e+09 9.179185296172615290e+08
3.802992906674724227e-01 -2.842725714024307728e+09 9.216083038123620749e+08
3.819618004247312126e-01 -2.860767148553091526e+09 9.263519194854322672e+08
3.836243101854625026e-01 -2.865795294793218136e+09 9.319562775730419159e+08
3.852868199496213841e-01 -2.857767139677511215e+09 9.381955342879204750e+08
3.869493297171635593e-01 -2.836695821907550335e+09 9.448183270879569054e+08
3.886118394880457849e-01 -2.802650901199303150e+09 9.515554663364366293e+08
3.902743492622252064e-01 -2.755758400856204987e+09 9.581276762157758474e+08
3.919368590396599683e-01 -2.696200618964326382e+09 9.642530583492977619e+08
3.935993688203087704e-01 -2.624215704301640511e+09 9.696540538012456894e+08
3.952618786041311449e-01 -2.540096993940868378e+09 9.740637766622334719e+08
3.969243883910870685e-01 -2.444192110467656612e+09 9.772316744924813509e+08
3.985868981811374612e-01 -2.336901817767440319e+09 9.789285328146917820e+08
4.002494079742436872e-01 -2.218678635401283264e+09 9.789508826401200294e+08
4.019119177703678880e-01 -2.090025212752375364e+09 9.771248945724568367e+08
4.035744275694727046e-01 -1.951492465295294046e+09 9.733098543593623638e+08
4.052369373715214440e-01 -1.803677476595834970e+09 9.674013168662531376e+08
4.068994471764781906e-01 -1.647221170913635969e+09 9.593340314407206774e+08
4.085619569843071952e-01 -1.482805762580235720e+09 9.490847234821903706e+08
4.102244667949735413e-01 -1.311151989658233166e+09 9.366748051886579990e+08
4.118869766084432005e-01 -1.133016140699704170e+09 9.221730717287486792e+08
4.135494864246819224e-01 -9.491868847727129459e+08 9.056984143247352839e+08
4.152119962436567890e-01 -7.604819162218247652e+08 8.874225433257278204e+08
4.168745060653349932e-01 -5.677444269424573183e+08 8.675726536963455677e+08
4.185370158896842829e-01 -3.718394201999458671e+08 8.464338704030336142e+08
4.201995257166728504e-01 -1.736498812494951189e+08 8.243511667526919842e+08
4.218620355462696647e-01 2.592717882682960480e+07 8.017302388826988935e+08
4.235245453784438063e-01 2.259847885544645190e+08 7.790365342965738773e+08
4.251870552131651881e-01 4.256101722319722176e+08 7.567912818629115820e+08
4.268495650504041117e-01 6.238889773672944307e+08 7.355630103464132547e+08
4.285120748901312115e-01 8.199095530779823065e+08 7.159528055221538544e+08
4.301745847323175664e-01 1.012767258421286106e+09 6.985716778510642052e+08
4.318370945769347546e-01 1.201568779009988546e+09 6.840092064994608164e+08
4.334996044239549096e-01 1.385436429769592762e+09 6.727943475579160452e+08
4.351621142733504422e-01 1.563512421337758780e+09 6.653518761919375658e+08
4.368246241250944295e-01 1.734963067374026299e+09 6.619606933908338547e+08
4.384871339791597822e-01 1.898982909964911461e+09 6.627218762706090212e+08
4.401496438355204099e-01 2.054798740371219397e+09 6.675435737469726801e+08
4.418121536941504446e-01 2.201673492563929558e+09 6.761463131559206247e+08
4.434746635550242400e-01 2.338909987360411167e+09 6.880872193377707005e+08
4.451371734181167605e-01 2.465854505471693516e+09 7.027972660770312548e+08
4.467996832834031928e-01 2.581900168439016819e+09 7.196237397482093573e+08
4.484621931508591675e-01 2.686490107222585678e+09 7.378708727907910347e+08
4.501247030204606481e-01 2.779120399183042526e+09 7.568340626107411385e+08
4.517872128921838204e-01 2.859342755253575325e+09 7.758258318365778923e+08
4.534497227660054253e-01 2.926766940355724812e+09 7.941937621102347374e+08
4.551122326419027031e-01 2.981062911434792995e+09 8.113317625221561193e+08
4.567747425198525613e-01 3.021962658994533062e+09 8.266863793906065226e+08
4.584372523998329063e-01 3.049261739564919949e+09 8.397597273998092413e+08
4.600997622818217003e-01 3.062820488253663063e+09 8.501102946945366859e+08
4.617622721657972384e-01 3.062564902281040668e+09 8.573525165414550304e+08
4.634247820517383154e-01 3.048487188286813736e+09 8.611557051960581541e+08
4.650872919396236149e-01 3.020645968086349010e+09 8.612426914666823149e+08
4.667498018294323758e-01 2.979166139580158234e+09 8.573883725277290344e+08
4.684123117211442255e-01 2.924238391481475830e+09 8.494182557721445560e+08
4.700748216147389580e-01 2.856118372650760651e+09 8.372070249330849648e+08
4.717373315101965336e-01 2.775125518793787003e+09 8.206771184763666391e+08
4.733998414074974126e-01 2.681641541451396465e+09 7.997972924185454845e+08
4.750623513066224435e-01 2.576108586122319698e+09 7.745811324644539356e+08
4.767248612075521974e-01 2.459027068521204948e+09 7.450854802994314432e+08
4.783873711102680226e-01 2.330953199776207924e+09 7.114087418100223541e+08
4.800498810147514894e-01 2.192496213472429276e+09 6.736890507125828266e+08
4.817123909209840571e-01 2.044315309050043106e+09 6.321022666141242981e+08
4.833749008289477955e-01 1.887116328114413500e+09 5.868597935434954166e+08
4.850374107386249412e-01 1.721648181484872103e+09 5.382062103520333767e+08
4.866999206499977859e-01 1.548699046847400665e+09 4.864167114165273309e+08
4.883624305630492324e-01 1.369092357646878958e+09 4.317943602558269501e+08
4.900249404777619611e-01 1.183682606017861843e+09 3.746671659930979013e+08
4.916874503941192631e-01 9.933509824671424627e+08 3.153849954692463875e+08
4.933499603121045407e-01 7.990008778454824686e+08 2.543163456553282142e+08
4.950124702317013070e-01 6.015532710464826822e+08 1.918450156083511114e+08
4.966749801528934083e-01 4.019420318341568112e+08 1.283668388161765188e+08
4.983374900756649684e-01 2.011091551283325255e+08 6.428762283927662671e+07
