# r [arcsec]	I [Jy/sr]	I_uncer [Jy/sr]
1.272617859314095550e-03 8.113257080631669617e+10 1.970245124468228340e+09
2.921189009106442414e-03 8.108646318796597290e+10 1.967613677168046713e+09
4.579495862547155495e-03 8.100356472097872925e+10 1.962956776294468880e+09
6.240002426697914550e-03 8.088394717055938721e+10 1.956261104782179117e+09
7.901343393063876494e-03 8.072773838123243713e+10 1.947538564010901690e+09
9.563088128690054243e-03 8.053510762485095215e+10 1.936809685428138256e+09
1.122505851373705593e-02 8.030626398438815308e+10 1.924101033409612894e+09
1.288716767388508287e-02 8.004145578382965088e+10 1.909444552613276482e+09
1.454936822595933807e-02 7.974097014504733276e+10 1.892877307335657120e+09
1.621163214106096165e-02 7.940513253126670837e+10 1.874441325671368599e+09
1.787394178310437384e-02 7.903430624674064636e+10 1.854183476121857166e+09
1.953628550253095827e-02 7.862889188472819519e+10 1.832155354061826706e+09
2.119865529577967186e-02 7.818932672190852356e+10 1.808413170182337523e+09
2.286104548286438387e-02 7.771608405922747803e+10 1.783017638298318624e+09
2.452345192144544592e-02 7.720967250994323730e+10 1.756033862121757984e+09
2.618587151961204035e-02 7.667063523598497009e+10 1.727531221672845840e+09
2.784830192283991451e-02 7.609954913391697693e+10 1.697583260576625109e+09
2.951074130657948408e-02 7.549702397197286987e+10 1.666267575879260063e+09
3.117318823511218417e-02 7.486370147970335388e+10 1.633665712283374310e+09
3.283564156322602012e-02 7.420025439190295410e+10 1.599863062940643311e+09
3.449810036628684490e-02 7.350738544854876709e+10 1.564948779132704735e+09
3.616056388957845924e-02 7.278582635257530212e+10 1.529015691366463900e+09
3.782303151098994481e-02 7.203633668738108826e+10 1.492160244565553904e+09
3.948550271312052662e-02 7.125970279602511597e+10 1.454482450180243731e+09
4.114797706214112089e-02 7.045673662415228271e+10 1.416085858109809637e+09
4.281045419157746001e-02 6.962827452872109985e+10 1.377077551336876631e+09
4.447293378972808769e-02 6.877517605469912720e+10 1.337568166036582708e+09
4.613541558980088775e-02 6.789832268189743042e+10 1.297671939594668865e+09
4.779789936210682849e-02 6.699861654420581055e+10 1.257506788348221064e+09
4.946038490782722619e-02 6.607697912349266815e+10 1.217194415817996502e+09
5.112287205399637657e-02 6.513434992051010132e+10 1.176860450552825689e+09
5.278536064943199074e-02 6.417168510512485504e+10 1.136634610216448307e+09
5.444785056141081270e-02 6.318995614828970337e+10 1.096650884906389713e+09
5.611034167293492414e-02 6.219014843811244202e+10 1.057047727506165862e+09
5.777283388046990098e-02 6.117325988247981262e+10 1.017968231680966020e+09
5.943532709206246489e-02 6.014029950063110352e+10 9.795602684076771736e+08
6.109782122576532665e-02 5.909228600613354492e+10 9.419765391881252527e+08
6.276031620831216962e-02 5.803024638369815826e+10 9.053744879932342768e+08
6.442281197399798987e-02 5.695521446225908661e+10 8.699159945720738173e+08
6.608530846372812073e-02 5.586822948675486755e+10 8.357667498924366236e+08
6.774780562420743002e-02 5.477033469102144623e+10 8.030951923416730165e+08
6.941030340724584080e-02 5.366257587419541931e+10 7.720708651256017685e+08
7.107280176916151715e-02 5.254599998300918579e+10 7.428620479489313364e+08
7.273530067026563739e-02 5.142165370231501770e+10 7.156325293484910727e+08
7.439780007441634813e-02 5.029058205618080139e+10 6.905374319100379944e+08
7.606029994863128252e-02 4.915382702181678772e+10 6.677180924417318106e+08
7.772280026274960840e-02 4.801242615860147095e+10 6.472961387950279713e+08
7.938530098913672284e-02 4.686741125439363098e+10 6.293670874488896132e+08
8.104780210242505667e-02 4.571980699129468536e+10 6.139939846460603476e+08
8.271030357928650656e-02 4.457062963296570587e+10 6.012017807614716291e+08
8.437280539823126257e-02 4.342088573553652191e+10 5.909732016575467587e+08
8.603530753943039455e-02 4.227157088412496948e+10 5.832468087167886496e+08
8.769780998455847798e-02 4.112366845685685730e+10 5.779177025236310959e+08
8.936031271665356712e-02 3.997814841828572083e+10 5.748409593936020136e+08
9.102281571999285004e-02 3.883596614399269867e+10 5.738374814065178633e+08
9.268531897998151525e-02 3.769806127808396149e+10 5.747015965286089182e+08
9.434782248305331742e-02 3.656535662525253296e+10 5.772095514539500475e+08
9.601032621658157906e-02 3.543875707896694183e+10 5.811280279816993475e+08
9.767283016879922675e-02 3.431914858728343201e+10 5.862219573550184965e+08
9.933533432872686253e-02 3.320739715770075607e+10 5.922611411107478142e+08
1.009978386861079547e-01 3.210434790237948990e+10 5.990254394805563688e+08
1.026603432313502873e-01 3.101082412498091507e+10 6.063085043421922922e+08
1.043228479554730720e-01 2.992762645027515030e+10 6.139201855010280609e+08
1.059853528500589448e-01 2.885553199759703827e+10 6.216878233924363852e+08
1.076478579072105424e-01 2.779529359912329865e+10 6.294566700053493977e+08
1.093103631195108394e-01 2.674763906387125397e+10 6.370896705245124102e+08
1.109728684799872744e-01 2.571327048820443726e+10 6.444668076548174620e+08
1.126353739820789568e-01 2.469286361357014465e+10 6.514841716913309097e+08
1.142978796196066349e-01 2.368706723206272507e+10 6.580528804578384161e+08
1.159603853867454265e-01 2.269650264035826492e+10 6.640979387558559179e+08
1.176228912779997832e-01 2.172176314242254257e+10 6.695570987351671457e+08
1.192853972881804531e-01 2.076341360135210800e+10 6.743797607780390978e+08
1.209479034123834701e-01 1.982199004057655716e+10 6.785259383804957867e+08
1.226104096459709192e-01 1.889799929458084869e+10 6.819652991058096886e+08
1.242729159845529646e-01 1.799191870919850540e+10 6.846762859220204353e+08
1.259354224239715991e-01 1.710419589145889282e+10 6.866453181904476881e+08
1.275979289602855449e-01 1.623524850884866714e+10 6.878660684704774618e+08
1.292604355897561952e-01 1.538546413779636002e+10 6.883388095642772913e+08
1.309229423088349165e-01 1.455520016106927872e+10 6.880698253864336014e+08
1.325854491141509606e-01 1.374478371370983696e+10 6.870708789930744171e+08
1.342479560025006402e-01 1.295451167703670883e+10 6.853587312105807066e+08
1.359104629708369483e-01 1.218465072016913605e+10 6.829547036106944084e+08
1.375729700162601765e-01 1.143543738844123840e+10 6.798842799771693945e+08
1.392354771360091448e-01 1.070707823799923515e+10 6.761767408323328495e+08
1.408979843274529020e-01 9.999750015798736572e+09 6.718648259959008694e+08
1.425604915880832879e-01 9.313599884146041870e+09 6.669844205047446489e+08
1.442229989155077718e-01 8.648745688854454041e+09 6.615742595176496506e+08
1.458855063074428748e-01 8.005276270016266823e+09 6.556756480620813370e+08
1.475480137617080634e-01 7.383251814334973335e+09 6.493321916451357603e+08
1.492105212762198374e-01 6.782704247884176254e+09 6.425895338597390652e+08
1.508730288489867621e-01 6.203637668112380981e+09 6.354950971801649332e+08
1.525355364781040279e-01 5.646028813848208427e+09 6.280978231721001863e+08
1.541980441617490649e-01 5.109827572012056351e+09 6.204479083643552065e+08
1.558605518981770188e-01 4.594957519683981895e+09 6.125965320690557957e+08
1.575230596857167542e-01 4.101316500130139351e+09 6.045955725244237185e+08
1.591855675227668576e-01 3.628777231354788303e+09 5.964973079124735594e+08
1.608480754077921959e-01 3.177187945687259197e+09 5.883540991110626459e+08
1.625105833393203636e-01 2.746373058892266750e+09 5.802180515274094343e+08
1.641730913159387406e-01 2.336133867245954514e+09 5.721406540747560263e+08
1.658355993362912173e-01 1.946249270993464947e+09 5.641723943382604122e+08
1.674981073990755853e-01 1.576476522576709986e+09 5.563623502638578415e+08
1.691606155030408176e-01 1.226551997995756388e+09 5.487577603052960634e+08
1.708231236469845982e-01 8.961919896437451839e+08 5.414035758657262325e+08
1.724856318297508795e-01 5.850935189453061819e+08 5.343420020129348040e+08
1.741481400502279120e-01 2.929351671060530543e+08 5.276120347295429707e+08
1.758106483073458848e-01 1.937792227438000962e+07 5.212490052305878997e+08
1.774731566000750660e-01 -2.359339585882432461e+08 5.152841439408407807e+08
1.791356649274240265e-01 -4.733720748417271376e+08 5.097441783424233198e+08
1.807981732884377246e-01 -6.933229960160391331e+08 5.046509798386571407e+08
1.824606816821959798e-01 -8.961873660802630186e+08 5.000212748146339059e+08
1.841231901078118072e-01 -1.082378999838327169e+09 4.958664340460365415e+08
1.857856985644300296e-01 -1.252323973140514135e+09 4.921923524535617828e+08
1.874482070512257237e-01 -1.406459708592153788e+09 4.889994279760143161e+08
1.891107155674030538e-01 -1.545234058427969456e+09 4.862826442300445437e+08
1.907732241121938566e-01 -1.669104386195666313e+09 4.840317569472733736e+08
1.924357326848565586e-01 -1.778536648878431797e+09 4.822315793267988563e+08
1.940982412846749550e-01 -1.874004481056510687e+09 4.808623568412995338e+08
1.957607499109572380e-01 -1.955988282687439203e+09 4.799002180968287587e+08
1.974232585630348313e-01 -2.024974312048338413e+09 4.793176853914005756e+08
1.990857672402615297e-01 -2.081453785359556437e+09 4.790842268542920947e+08
2.007482759420124996e-01 -2.125921984568794966e+09 4.791668315333362222e+08
2.024107846676835298e-01 -2.158877374743826866e+09 4.795305894620214105e+08
2.040732934166899215e-01 -2.180820732476801395e+09 4.801392603930513859e+08
2.057358021884660160e-01 -2.192254286672528267e+09 4.809558172738294601e+08
2.073983109824642512e-01 -2.193680873039122105e+09 4.819429533699516654e+08
2.090608197981545235e-01 -2.185603103563058376e+09 4.830635449416490197e+08
2.107233286350234380e-01 -2.168522552203113556e+09 4.842810642967826128e+08
2.123858374925735870e-01 -2.142938957986710787e+09 4.855599407046138644e+08
2.140483463703231337e-01 -2.109349446644871473e+09 4.868658689325492978e+08
2.157108552678049240e-01 -2.068247771874429941e+09 4.881660670019840598e+08
2.173733641845664311e-01 -2.020123577255157948e+09 4.894294861396859884e+08
2.190358731201685061e-01 -1.965461679809731245e+09 4.906269768498072028e+08
2.206983820741854618e-01 -1.904741376122935772e+09 4.917314156041250825e+08
2.223608910462041566e-01 -1.838435771900478363e+09 4.927177969023929238e+08
2.240234000358239386e-01 -1.767011135773673534e+09 4.935632954628748298e+08
2.256859090426557024e-01 -1.690926278113088608e+09 4.942473031237082481e+08
2.273484180663219723e-01 -1.610631955548797846e+09 4.947514447314986587e+08
2.290109271064561247e-01 -1.526570301839535236e+09 4.950595769051780105e+08
2.306734361627020280e-01 -1.439174285677056551e+09 4.951577731366770864e+08
2.323359452347137921e-01 -1.348867195947152376e+09 4.950342982442361116e+08
2.339984543221555469e-01 -1.256062154918972254e+09 4.946795747599249482e+08
2.356609634247005536e-01 -1.161161659765589952e+09 4.940861434134718776e+08
2.373234725420314828e-01 -1.064557152769387484e+09 4.932486194861273170e+08
2.389859816738397480e-01 -9.666286204994798899e+08 4.921636464490547776e+08
2.406484908198254224e-01 -8.677442221972070932e+08 4.908298479730479121e+08
2.423109999796965175e-01 -7.682599475394630432e+08 4.892477790995085239e+08
2.439735091531692601e-01 -6.685193039025460482e+08 4.874198770922577977e+08
2.456360183399674824e-01 -5.688530331811697483e+08 4.853504122417185307e+08
2.472985275398224547e-01 -4.695788581710234284e+08 4.830454386651326418e+08
2.489610367524725254e-01 -3.710012584604890943e+08 4.805127449323463440e+08
2.506235459776631203e-01 -2.734112757269145250e+08 4.777618041435625553e+08
2.522860552151463542e-01 -1.770863482756175399e+08 4.748037228903036714e+08
2.539485644646808371e-01 -8.229017461279344559e+07 4.716511883405823112e+08
2.556110737260313126e-01 1.072739421760048345e+07 4.683184125015156269e+08
2.572735829989687417e-01 1.017304338419088572e+08 4.648210725308458209e+08
2.589360922832700251e-01 1.904969976786012053e+08 4.611762457885091305e+08
2.605986015787175591e-01 2.768191403810503483e+08 4.574023381509866118e+08
2.622611108850994577e-01 3.605029140648062825e+08 4.535190039537709355e+08
2.639236202022091082e-01 4.413683378179222345e+08 4.495470557942768335e+08
2.655861295298450053e-01 5.192493410450305939e+08 4.455083623276736736e+08
2.672486388678106950e-01 5.939936812311487198e+08 4.414257321362737417e+08
2.689111482159146083e-01 6.654628367579725981e+08 4.373227817671377659e+08
2.705736575739698391e-01 7.335318754366025925e+08 4.332237861326927543e+08
2.722361669417941443e-01 7.980892994661574364e+08 4.291535096767225266e+08
2.738986763192096108e-01 8.590368675537730455e+08 4.251370170453678370e+08
2.755611857060425440e-01 9.162893949738184214e+08 4.211994624908486605e+08
2.772236951021236906e-01 9.697745323676807880e+08 4.173658578885522485e+08
2.788862045072874607e-01 1.019432524121243477e+09 4.136608200734751225e+08
2.805487139213725944e-01 1.065215947180652976e+09 4.101082991943420172e+08
2.822112233442213292e-01 1.107089431194255114e+09 4.067312909184904099e+08
2.838737327756796214e-01 1.145029360893915176e+09 4.035515365589847565e+08
2.855362422155972579e-01 1.179023561645610571e+09 4.005892164675844908e+08
2.871987516638271343e-01 1.209070969125693083e+09 3.978626432647403479e+08
2.888612611202258651e-01 1.235181284091026068e+09 3.953879625508743525e+08
2.905237705846532292e-01 1.257374613227131128e+09 3.931788695567516685e+08
2.921862800569720031e-01 1.275681097079504490e+09 3.912463506333490014e+08
2.938487895370484604e-01 1.290140526069979906e+09 3.895984584583444595e+08
2.955112990247516502e-01 1.300801945626609325e+09 3.882401292937881947e+08
2.971738085199533974e-01 1.307723251446094036e+09 3.871730495411970615e+08
2.988363180225286353e-01 1.310970775928161860e+09 3.863955772510841489e+08
3.004988275323551283e-01 1.310618866808197498e+09 3.859027222372221947e+08
3.021613370493130279e-01 1.306749459033447981e+09 3.856861861652033329e+08
3.038238465732852611e-01 1.299451640907397985e+09 3.857344615933678746e+08
3.054863561041573639e-01 1.288821215542910337e+09 3.860329866351645589e+08
3.071488656418173702e-01 1.274960258641338587e+09 3.865643498509354591e+08
3.088113751861554790e-01 1.257976673624411106e+09 3.873085383164625168e+08
3.104738847370644983e-01 1.237983745121498823e+09 3.882432206488655210e+08
3.121363942944395120e-01 1.215099691816072941e+09 3.893440561468677521e+08
3.137989038581776025e-01 1.189447219631252289e+09 3.905850211111947894e+08
3.154614134281782389e-01 1.161153076230890274e+09 3.919387437973585129e+08
3.171239230043430002e-01 1.130347607782459021e+09 3.933768402270650268e+08
3.187864325865753523e-01 1.097164318922067404e+09 3.948702441396422386e+08
3.204489421747808708e-01 1.061739436834171414e+09 3.963895255826236010e+08
3.221114517688670742e-01 1.024211480336134315e+09 3.979051939214161038e+08
3.237739613687434237e-01 9.847208348400664330e+08 3.993879822974026203e+08
3.254364709743211015e-01 9.434093340311065912e+08 4.008091117154020667e+08
3.270989805855132326e-01 9.004198490814784765e+08 4.021405339500784874e+08
3.287614902022346075e-01 8.558958861870824099e+08 4.033551533015615940e+08
3.304239998244018484e-01 8.099811931827251911e+08 4.044270278936897516e+08
3.320865094519330207e-01 7.628193759679281712e+08 4.053315517066388726e+08
3.337490190847480775e-01 7.145535254313858747e+08 4.060456188757166862e+08
3.354115287227684150e-01 6.653258555396947861e+08 4.065477720011671782e+08
3.370740383659170392e-01 6.152773532140935659e+08 4.068183363136129379e+08
3.387365480141183438e-01 5.645474405862514973e+08 4.068395415564587116e+08
3.403990576672984991e-01 5.132736501833891273e+08 4.065956333945568800e+08
3.420615673253846745e-01 4.615913135624721646e+08 4.060729760619772673e+08
3.437240769883058711e-01 4.096332638659257889e+08 4.052601478270261884e+08
3.453865866559921449e-01 3.575295527370142341e+08 4.041480306973695159e+08
3.470490963283750507e-01 3.054071819933573008e+08 4.027298956129618883e+08
3.487116060053874755e-01 2.533898504118347466e+08 4.010014841842561960e+08
3.503741156869634166e-01 2.015977159419820905e+08 3.989610878274297714e+08
3.520366253730383144e-01 1.501471736207443774e+08 3.966096249202756882e+08
3.536991350635486642e-01 9.915064941696506739e+07 3.939507163463011384e+08
3.553616447584322380e-01 4.871641020177748799e+07 3.909907594974091649e+08
3.570241544576279180e-01 -1.051610019307601498e+06 3.877390004528676271e+08
3.586866641610758633e-01 -5.005396749583222717e+07 3.842076036254798770e+08
3.603491738687170098e-01 -9.819584969230903685e+07 3.804117176433034539e+08
3.620116835804937372e-01 -1.453871997904764414e+08 3.763695355915297866e+08
3.636741932963493684e-01 -1.915428247608396709e+08 3.721023469487245083e+08
3.653367030162280593e-01 -2.365824870638317168e+08 3.676345775890530944e+08
3.669992127400752979e-01 -2.804309800877273083e+08 3.629938130633280277e+08
3.686617224678372939e-01 -3.230181874643875360e+08 3.582107990094246268e+08
3.703242321994613118e-01 -3.642791264519288540e+08 3.533194109789729714e+08
3.719867419348956150e-01 -4.041539756038626432e+08 3.483565842431015372e+08
3.736492516740893000e-01 -4.425880869909763932e+08 3.433621923355682492e+08
3.753117614169925176e-01 -4.795319832684018612e+08 3.383788613549615741e+08
3.769742711635561405e-01 -5.149413399335697293e+08 3.334517056060909033e+08
3.786367809137318741e-01 -5.487769531322689056e+08 3.286279693400259614e+08
3.802992906674724227e-01 -5.810046934310116768e+08 3.239565595813807249e+08
3.819618004247312126e-01 -6.115954459790436029e+08 3.194874568161553741e+08
3.836243101854625026e-01 -6.405250375400434732e+08 3.152709941991448402e+08
3.852868199496213841e-01 -6.677741508802983761e+08 3.113570023937655091e+08
3.869493297171635593e-01 -6.933282270482007265e+08 3.077938264426261783e+08
3.886118394880457849e-01 -7.171773560881357193e+08 3.046272330345534682e+08
3.902743492622252064e-01 -7.393161567758429050e+08 3.018992404692638516e+08
3.919368590396599683e-01 -7.597436459617967606e+08 2.996469180903766751e+08
3.935993688203087704e-01 -7.784630981592773199e+08 2.979012148904274106e+08
3.952618786041311449e-01 -7.954818959992698431e+08 2.966858858753958344e+08
3.969243883910870685e-01 -8.108113722280483246e+08 2.960165872089774609e+08
3.985868981811374612e-01 -8.244666439026336670e+08 2.959002054152616858e+08
4.002494079742436872e-01 -8.364664394852408171e+08 2.963344716487171650e+08
4.019119177703678880e-01 -8.468329195187911987e+08 2.973078905291733742e+08
4.035744275694727046e-01 -8.555914916071481705e+08 2.987999872016711235e+08
4.052369373715214440e-01 -8.627706203908149004e+08 3.007818499930814505e+08
4.068994471764781906e-01 -8.684016332621605396e+08 3.032169233180522323e+08
4.085619569843071952e-01 -8.725185225126020908e+08 3.060619894506620169e+08
4.102244667949735413e-01 -8.751577446601657867e+08 3.092682701041888595e+08
4.118869766084432005e-01 -8.763580176491270065e+08 3.127825793525677323e+08
4.135494864246819224e-01 -8.761601166660186052e+08 3.165484668669688106e+08
4.152119962436567890e-01 -8.746066692499582767e+08 3.205073023713993430e+08
4.168745060653349932e-01 -8.717419504308975935e+08 3.245992662069971561e+08
4.185370158896842829e-01 -8.676116785541186333e+08 3.287642247112211585e+08
4.201995257166728504e-01 -8.622628125020381212e+08 3.329424812885956764e+08
4.218620355462696647e-01 -8.557433509449124336e+08 3.370754036632721424e+08
4.235245453784438063e-01 -8.481021343016148806e+08 3.411059346878646612e+08
4.251870552131651881e-01 -8.393886500056632757e+08 3.449789983484417796e+08
4.268495650504041117e-01 -8.296528417235807180e+08 3.486418147654977441e+08
4.285120748901312115e-01 -8.189449230717334747e+08 3.520441384798710346e+08
4.301745847323175664e-01 -8.073151964428274632e+08 3.551384337355448604e+08
4.318370945769347546e-01 -7.948138774303627014e+08 3.578799991588973999e+08
4.334996044239549096e-01 -7.814909254152171612e+08 3.602270526365785003e+08
4.351621142733504422e-01 -7.673958807469712496e+08 3.621407854347006679e+08
4.368246241250944295e-01 -7.525777090277408361e+08 3.635853929631189108e+08
4.384871339791597822e-01 -7.370846528641061783e+08 3.645280880309832096e+08
4.401496438355204099e-01 -7.209640915439198017e+08 3.649391011502512097e+08
4.418121536941504446e-01 -7.042624089246460199e+08 3.647916712808425426e+08
4.434746635550242400e-01 -6.870248699360092878e+08 3.640620295355274081e+08
4.451371734181167605e-01 -6.692955059041452408e+08 3.627293775746915936e+08
4.467996832834031928e-01 -6.511170090384235382e+08 3.607758618915879726e+08
4.484621931508591675e-01 -6.325306362080099583e+08 3.581865446862558722e+08
4.501247030204606481e-01 -6.135761222871282101e+08 3.549493717485414147e+08
4.517872128921838204e-01 -5.942916031088880301e+08 3.510551374598925114e+08
4.534497227660054253e-01 -5.747135482509086132e+08 3.464974469164406061e+08
4.551122326419027031e-01 -5.548767035950639248e+08 3.412726749807882309e+08
4.567747425198525613e-01 -5.348140438379174471e+08 3.353799220776182413e+08
4.584372523998329063e-01 -5.145567347889269590e+08 3.288209664130159616e+08
4.600997622818217003e-01 -4.941341055938327312e+08 3.216002123831865191e+08
4.617622721657972384e-01 -4.735736306088158488e+08 3.137246348274911642e+08
4.634247820517383154e-01 -4.529009210344579220e+08 3.052037189227296710e+08
4.650872919396236149e-01 -4.321397259126413465e+08 2.960493954026828408e+08
4.667498018294323758e-01 -4.113119425893555880e+08 2.862759709801041484e+08
4.684123117211442255e-01 -3.904376361021633744e+08 2.759000537080440521e+08
4.700748216147389580e-01 -3.695350676186221838e+08 2.649404732682192922e+08
4.717373315101965336e-01 -3.486207312171874046e+08 2.534181959833724201e+08
4.733998414074974126e-01 -3.277093991990888715e+08 2.413562346742032170e+08
4.750623513066224435e-01 -3.068141750115052462e+08 2.287795532132982612e+08
4.767248612075521974e-01 -2.859465541042569876e+08 2.157149660568416715e+08
4.783873711102680226e-01 -2.651164915068789721e+08 2.021910326497024596e+08
4.800498810147514894e-01 -2.443324767052365243e+08 1.882379471977458596e+08
4.817123909209840571e-01 -2.236016141568703055e+08 1.738874237369898558e+08
4.833749008289477955e-01 -2.029297105080149174e+08 1.591725773431952000e+08
4.850374107386249412e-01 -1.823213660973730981e+08 1.441278015045808554e+08
4.866999206499977859e-01 -1.617800727561106682e+08 1.287886433100526780e+08
4.883624305630492324e-01 -1.413083140379560888e+08 1.131916771396772414e+08
4.900249404777619611e-01 -1.209076719554975778e+08 9.737438164473685622e+07
4.916874503941192631e-01 -1.005789330307075828e+08 8.137502674832715094e+07
4.933499603121045407e-01 -8.032220317272925377e+07 6.523259973364719748e+07
4.950124702317013070e-01 -6.013701402534095943e+07 4.898686383388189971e+07
4.966749801528934083e-01 -4.002245112038842589e+07 3.267904883865082636e+07
4.983374900756649684e-01 -1.997721043476549163e+07 1.635735048455449753e+07
