# r [arcsec]	I [Jy/sr]	I_uncer [Jy/sr]
1.272617859314095550e-03 9.247208831793601990e+10 1.024739317918880463e+09
2.921189009106442414e-03 9.244118597262113953e+10 1.023512050809899807e+09
4.579495862547155495e-03 9.238561378732615662e+10 1.021442254150131464e+09
6.240002426697914550e-03 9.230539966880015564e+10 1.018487643923368216e+09
7.901343393063876494e-03 9.220060019700041199e+10 1.014644825150680304e+09
9.563088128690054243e-03 9.207129087554913330e+10 1.009918939016915321e+09
1.122505851373705593e-02 9.191756513910365295e+10 1.004318813919624686e+09
1.288716767388508287e-02 9.173953408261653137e+10 9.978558058612439632e+08
1.454936822595933807e-02 9.153732629631959534e+10 9.905434122360302210e+08
1.621163214106096165e-02 9.131108771202766418e+10 9.823971036860737801e+08
1.787394178310437384e-02 9.106098144005758667e+10 9.734342313512064219e+08
1.953628550253095827e-02 9.078718759106726074e+10 9.636739639624494314e+08
2.119865529577967186e-02 9.048990308112747192e+10 9.531372377343752384e+08
2.286104548286438387e-02 9.016934141952487183e+10 9.418467119607627392e+08
2.452345192144544592e-02 8.982573247930604553e+10 9.298267271895350218e+08
2.618587151961204035e-02 8.945932225071020508e+10 9.171032646208648682e+08
2.784830192283991451e-02 8.907037257778829956e+10 9.037039062276413441e+08
2.951074130657948408e-02 8.865916087849783325e+10 8.896577955475287437e+08
3.117318823511218417e-02 8.822597984867361450e+10 8.749955993514485359e+08
3.283564156322602012e-02 8.777113715022924805e+10 8.597494705503215790e+08
3.449810036628684490e-02 8.729495508404277039e+10 8.439530128106219769e+08
3.616056388957845924e-02 8.679777024792381287e+10 8.276412474282283783e+08
3.782303151098994481e-02 8.627993318017387390e+10 8.108505830737807751e+08
3.948550271312052662e-02 8.574180798915730286e+10 7.936187890754799843e+08
4.114797706214112089e-02 8.518377196944119263e+10 7.759849729459174871e+08
4.281045419157746001e-02 8.460621520497358704e+10 7.579895628908631802e+08
4.447293378972808769e-02 8.400954015985426331e+10 7.396742960525349379e+08
4.613541558980088775e-02 8.339416125723831177e+10 7.210822132304251194e+08
4.779789936210682849e-02 8.276050444693177795e+10 7.022576607847349644e+08
4.946038490782722619e-02 8.210900676225520325e+10 6.832463003368313313e+08
5.112287205399637657e-02 8.144011586676788330e+10 6.640951267297012806e+08
5.278536064943199074e-02 8.075428959143128967e+10 6.448524944636820555e+08
5.444785056141081270e-02 8.005199546286189270e+10 6.255681524474174976e+08
5.611034167293492414e-02 7.933371022323239136e+10 6.062932863554754257e+08
5.777283388046990098e-02 7.859991934251991272e+10 5.870805671029988527e+08
5.943532709206246489e-02 7.785111652367205811e+10 5.679842028604491949e+08
6.109782122576532665e-02 7.708780320137513733e+10 5.490599905525792837e+08
6.276031620831216962e-02 7.631048803506445312e+10 5.303653608127492666e+08
6.442281197399798987e-02 7.551968639681100464e+10 5.119594077927805781e+08
6.608530846372812073e-02 7.471591985477140808e+10 4.939028919631526470e+08
6.774780562420743002e-02 7.389971565283451843e+10 4.762582000170375705e+08
6.941030340724584080e-02 7.307160618714289856e+10 4.590892412388737798e+08
7.107280176916151715e-02 7.223212848014941406e+10 4.424612543821111917e+08
7.273530067026563739e-02 7.138182365285148621e+10 4.264404936390258670e+08
7.439780007441634813e-02 7.052123639590699768e+10 4.110937574493891597e+08
7.606029994863128252e-02 6.965091444023458862e+10 3.964877209399816990e+08
7.772280026274960840e-02 6.877140802780789185e+10 3.826880335134723783e+08
7.938530098913672284e-02 6.788326938325167084e+10 3.697581498211929798e+08
8.104780210242505667e-02 6.698705218691595459e+10 3.577578775851441026e+08
8.271030357928650656e-02 6.608331105005552673e+10 3.467416515864728689e+08
8.437280539823126257e-02 6.517260099273934937e+10 3.367565802669031620e+08
8.603530753943039455e-02 6.425547692514921570e+10 3.278403576981481314e+08
8.769780998455847798e-02 6.333249313283181000e+10 3.200191831735160947e+08
8.936031271665356712e-02 6.240420276656208801e+10 3.133058732654823661e+08
9.102281571999285004e-02 6.147115733738903046e+10 3.076983741170474887e+08
9.268531897998151525e-02 6.053390621744387054e+10 3.031788731014220715e+08
9.434782248305331742e-02 5.959299614710644531e+10 2.997136625360151529e+08
9.601032621658157906e-02 5.864897074906814575e+10 2.972538273761884570e+08
9.767283016879922675e-02 5.770237004985451508e+10 2.957367280075285435e+08
9.933533432872686253e-02 5.675373000932880402e+10 2.950881499851468801e+08
1.009978386861079547e-01 5.580358205870242310e+10 2.952249167746450305e+08
1.026603432313502873e-01 5.485245264755132294e+10 2.960577241375724077e+08
1.043228479554730720e-01 5.390086280032029724e+10 2.974939593023958206e+08
1.059853528500589448e-01 5.294932768279735565e+10 2.994403070028863549e+08
1.076478579072105424e-01 5.199835617898704529e+10 3.018050036544636488e+08
1.093103631195108394e-01 5.104845047884998322e+10 3.044996650285204053e+08
1.109728684799872744e-01 5.010010567728079987e+10 3.074406696743049622e+08
1.126353739820789568e-01 4.915380938477001190e+10 3.105501231760951877e+08
1.142978796196066349e-01 4.821004135008028412e+10 3.137564552826490402e+08
1.159603853867454265e-01 4.726927309533589172e+10 3.169947146973801255e+08
1.176228912779997832e-01 4.633196756382667542e+10 3.202066283088653088e+08
1.192853972881804531e-01 4.539857878087284851e+10 3.233404866519516706e+08
1.209479034123834701e-01 4.446955152802849579e+10 3.263509086831204891e+08
1.226104096459709192e-01 4.354532103091606903e+10 3.291985289436922669e+08
1.242729159845529646e-01 4.262631266091864777e+10 3.318496404262722135e+08
1.259354224239715991e-01 4.171294165100643921e+10 3.342758177994036078e+08
1.275979289602855449e-01 4.080561282586031342e+10 3.364535384373713732e+08
1.292604355897561952e-01 3.990472034652519989e+10 3.383638129821166396e+08
1.309229423088349165e-01 3.901064746973503876e+10 3.399918327978550196e+08
1.325854491141509606e-01 3.812376632207291412e+10 3.413266384581745267e+08
1.342479560025006402e-01 3.724443768907496643e+10 3.423608111046983600e+08
1.359104629708369483e-01 3.637301081940179443e+10 3.430901869279652834e+08
1.375729700162601765e-01 3.550982324414964294e+10 3.435135939637833834e+08
1.392354771360091448e-01 3.465520061135730743e+10 3.436326097293877006e+08
1.408979843274529020e-01 3.380945653576118851e+10 3.434513378284849524e+08
1.425604915880832879e-01 3.297289246380815506e+10 3.429762014461745620e+08
1.442229989155077718e-01 3.214579755392855072e+10 3.422157515722206235e+08
1.458855063074428748e-01 3.132844857204195023e+10 3.411804877870576978e+08
1.475480137617080634e-01 3.052110980225981140e+10 3.398826894887035489e+08
1.492105212762198374e-01 2.972403297271636581e+10 3.383362555084966421e+08
1.508730288489867621e-01 2.893745719644511795e+10 3.365565501464282274e+08
1.525355364781040279e-01 2.816160892719468689e+10 3.345602537454393506e+08
1.541980441617490649e-01 2.739670193007660294e+10 3.323652160162408948e+08
1.558605518981770188e-01 2.664293726688949966e+10 3.299903104200785160e+08
1.575230596857167542e-01 2.590050329595884705e+10 3.274552880212944746e+08
1.591855675227668576e-01 2.516957568633902359e+10 3.247806293415512443e+08
1.608480754077921959e-01 2.445031744615402985e+10 3.219873928884456754e+08
1.625105833393203636e-01 2.374287896488677216e+10 3.190970592062811852e+08
1.641730913159387406e-01 2.304739806938139343e+10 3.161313695132967234e+08
1.658355993362912173e-01 2.236400009331571579e+10 3.131121582584568262e+08
1.674981073990755853e-01 2.169279795988993454e+10 3.100611792612293959e+08
1.691606155030408176e-01 2.103389227745358276e+10 3.069999254952077866e+08
1.708231236469845982e-01 2.038737144778261566e+10 3.039494430429972410e+08
1.724856318297508795e-01 1.975331178671471405e+10 3.009301402824882865e+08
1.741481400502279120e-01 1.913177765681863403e+10 2.979615939513635039e+08
1.758106483073458848e-01 1.852282161177297211e+10 2.950623543586398363e+08
1.774731566000750660e-01 1.792648455212407303e+10 2.922497526391002536e+08
1.791356649274240265e-01 1.734279589206780243e+10 2.895397135405918956e+08
1.807981732884377246e-01 1.677177373689053917e+10 2.869465777486097217e+08
1.824606816821959798e-01 1.621342507071599197e+10 2.844829381383197904e+08
1.841231901078118072e-01 1.566774595416044617e+10 2.821594945481348038e+08
1.857856985644300296e-01 1.513472173152332687e+10 2.799849316491354108e+08
1.874482070512257237e-01 1.461432724711216164e+10 2.779658242076365352e+08
1.891107155674030538e-01 1.410652707030061913e+10 2.761065734900106192e+08
1.907732241121938566e-01 1.361127572891298676e+10 2.744093777501715422e+08
1.924357326848565586e-01 1.312851795051701355e+10 2.728742387041481137e+08
1.940982412846749550e-01 1.265818891121169281e+10 2.714990046922487617e+08
1.957607499109572380e-01 1.220021449147918129e+10 2.702794499354625940e+08
1.974232585630348313e-01 1.175451153867883301e+10 2.692093879978503585e+08
1.990857672402615297e-01 1.132098813574896622e+10 2.682808163637038171e+08
2.007482759420124996e-01 1.089954387568561935e+10 2.674840880087535083e+08
2.024107846676835298e-01 1.049007014135873222e+10 2.668081050565015972e+08
2.040732934166899215e-01 1.009245039023792076e+10 2.662405291040207744e+08
2.057358021884660160e-01 9.706560443579023361e+09 2.657680025932506919e+08
2.073983109824642512e-01 9.332268779646238327e+09 2.653763756805962920e+08
2.090608197981545235e-01 8.969436830524185181e+09 2.650509333882183135e+08
2.107233286350234380e-01 8.617919282094568253e+09 2.647766183522885740e+08
2.123858374925735870e-01 8.277564376732125282e+09 2.645382451593059897e+08
2.140483463703231337e-01 7.948214218305217743e+09 2.643207030196354985e+08
2.157108552678049240e-01 7.629705079036009789e+09 2.641091443102406263e+08
2.173733641845664311e-01 7.321867707814405441e+09 2.638891572779874206e+08
2.190358731201685061e-01 7.024527639528203964e+09 2.636469218930256665e+08
2.206983820741854618e-01 6.737505505013254166e+09 2.633693484521741271e+08
2.223608910462041566e-01 6.460617341195537567e+09 2.630441990413233936e+08
2.240234000358239386e-01 6.193674901038447380e+09 2.626601923669517636e+08
2.256859090426557024e-01 5.936485962881196976e+09 2.622070927637769878e+08
2.273484180663219723e-01 5.688854638794188499e+09 2.616757843860691786e+08
2.290109271064561247e-01 5.450581681551043510e+09 2.610583317041099072e+08
2.306734361627020280e-01 5.221464789855558395e+09 2.603480274699242115e+08
2.323359452347137921e-01 5.001298911443476677e+09 2.595394292982985377e+08
2.339984543221555469e-01 4.789876543709528923e+09 2.586283859443525374e+08
2.356609634247005536e-01 4.586988031499759674e+09 2.576120542575515807e+08
2.373234725420314828e-01 4.392421861734286308e+09 2.564889076632852256e+08
2.389859816738397480e-01 4.205964954523521423e+09 2.552587368751885593e+08
2.406484908198254224e-01 4.027402950458383083e+09 2.539226433792329431e+08
2.423109999796965175e-01 3.856520493759521008e+09 2.524830260599529743e+08
2.439735091531692601e-01 3.693101510986380577e+09 2.509435611626165807e+08
2.456360183399674824e-01 3.536929485012348652e+09 2.493091756060731113e+08
2.472985275398224547e-01 3.387787723987352371e+09 2.475860134830799997e+08
2.489610367524725254e-01 3.245459625017778397e+09 2.457813954089860618e+08
2.506235459776631203e-01 3.109728932307256222e+09 2.439037702124880552e+08
2.522860552151463542e-01 2.980379989510262966e+09 2.419626583061128557e+08
2.539485644646808371e-01 2.857197986065243721e+09 2.399685859375264943e+08
2.556110737260313126e-01 2.739969197286320210e+09 2.379330094134292006e+08
2.572735829989687417e-01 2.628481217999238014e+09 2.358682283172670603e+08
2.589360922832700251e-01 2.522523189526968002e+09 2.337872867224586308e+08
2.605986015787175591e-01 2.421886019837156773e+09 2.317038614509164095e+08
2.622611108850994577e-01 2.326362596676812172e+09 2.296321365571763813e+08
2.639236202022091082e-01 2.235747993536631584e+09 2.275866634496260583e+08
2.655861295298450053e-01 2.149839668289950371e+09 2.255822064063496292e+08
2.672486388678106950e-01 2.068437654375039577e+09 2.236335737139602602e+08
2.689111482159146083e-01 1.991344744395639658e+09 2.217554352588406503e+08
2.705736575739698391e-01 1.918366666023986578e+09 2.199621281215598583e+08
2.722361669417941443e-01 1.849312250113660097e+09 2.182674525478425026e+08
2.738986763192096108e-01 1.783993590930782557e+09 2.166844615536283255e+08
2.755611857060425440e-01 1.722226198426934719e+09 2.152252483142874539e+08
2.772236951021236906e-01 1.663829142500105381e+09 2.139007363151060939e+08
2.788862045072874607e-01 1.608625189181937933e+09 2.127204779222098589e+08
2.805487139213725944e-01 1.556440928721749783e+09 2.116924674809454381e+08
2.822112233442213292e-01 1.507106895535788298e+09 2.108229751847780347e+08
2.838737327756796214e-01 1.460457680009454727e+09 2.101164077210600674e+08
2.855362422155972579e-01 1.416332032146262169e+09 2.095752010599836707e+08
2.871987516638271343e-01 1.374572957076380253e+09 2.091997497217479050e+08
2.888612611202258651e-01 1.335027802438758373e+09 2.089883754857355952e+08
2.905237705846532292e-01 1.297548337668729067e+09 2.089373368905796707e+08
2.921862800569720031e-01 1.261990825236217022e+09 2.090408791413431168e+08
2.938487895370484604e-01 1.228216083877984285e+09 2.092913223280269504e+08
2.955112990247516502e-01 1.196089543894550800e+09 2.096791843137269914e+08
2.971738085199533974e-01 1.165481294575712204e+09 2.101933333817874491e+08
2.988363180225286353e-01 1.136266123844147682e+09 2.108211648313778639e+08
3.004988275323551283e-01 1.108323550201226711e+09 2.115487952149403393e+08
3.021613370493130279e-01 1.081537847081613302e+09 2.123612678233993351e+08
3.038238465732852611e-01 1.055798059721148252e+09 2.132427632970838845e+08
3.054863561041573639e-01 1.030998014661849499e+09 2.141768098133620024e+08
3.071488656418173702e-01 1.007036322015301466e+09 2.151464880799230039e+08
3.088113751861554790e-01 9.838163706223737001e+08 2.161346272677885890e+08
3.104738847370644983e-01 9.612463162529224157e+08 2.171239889580976069e+08
3.121363942944395120e-01 9.392390629919418097e+08 2.180974370922867060e+08
3.137989038581776025e-01 9.177122379717766047e+08 2.190380927468432784e+08
3.154614134281782389e-01 8.965881596161788702e+08 2.199294732757870555e+08
3.171239230043430002e-01 8.757937995632249117e+08 2.207556159527875185e+08
3.187864325865753523e-01 8.552607384430425167e+08 2.215011867051127255e+08
3.204489421747808708e-01 8.349251157028920650e+08 2.221515748625673950e+08
3.221114517688670742e-01 8.147275736491715908e+08 2.226929750685626864e+08
3.237739613687434237e-01 7.946131959214712381e+08 2.231124576274900436e+08
3.254364709743211015e-01 7.745314405751059055e+08 2.233980286172035635e+08
3.270989805855132326e-01 7.544360679939014912e+08 2.235386810913144052e+08
3.287614902022346075e-01 7.342850638225309849e+08 2.235244386530742347e+08
3.304239998244018484e-01 7.140405571422818899e+08 2.233463926102131903e+08
3.320865094519330207e-01 6.936687340943099260e+08 2.229967338359265327e+08
3.337490190847480775e-01 6.731397471730041504e+08 2.224687803654978275e+08
3.354115287227684150e-01 6.524276204015305042e+08 2.217570016665514112e+08
3.370740383659170392e-01 6.315101506228502989e+08 2.208570404295156300e+08
3.387365480141183438e-01 6.103688051144753695e+08 2.197657326428350806e+08
3.403990576672984991e-01 5.889886157653279305e+08 2.184811266406491697e+08
3.420615673253846745e-01 5.673580700328209400e+08 2.170025017441791296e+08
3.437240769883058711e-01 5.454689989126352072e+08 2.153303870547814965e+08
3.453865866559921449e-01 5.233164621433981657e+08 2.134665809001387358e+08
3.470490963283750507e-01 5.008986308830542564e+08 2.114141713773143291e+08
3.487116060053874755e-01 4.782166680739433169e+08 2.091775583749443591e+08
3.503741156869634166e-01 4.552746067369421721e+08 2.067624773855742812e+08
3.520366253730383144e-01 4.320792264098325968e+08 2.041760253282360137e+08
3.536991350635486642e-01 4.086399279661016464e+08 2.014266884829134941e+08
3.553616447584322380e-01 3.849686070328629017e+08 1.985243724771804512e+08
3.570241544576279180e-01 3.610795262340821624e+08 1.954804340463540554e+08
3.586866641610758633e-01 3.369891864781074524e+08 1.923077139899672568e+08
3.603491738687170098e-01 3.127161975149135590e+08 1.890205703471490443e+08
3.620116835804937372e-01 2.882811479699714780e+08 1.856349102795128226e+08
3.636741932963493684e-01 2.637064750809790790e+08 1.821682184555047154e+08
3.653367030162280593e-01 2.390163343370249867e+08 1.786395788376001716e+08
3.669992127400752979e-01 2.142364692389377356e+08 1.750696856604109406e+08
3.686617224678372939e-01 1.893940813755421340e+08 1.714808380321571529e+08
3.703242321994613118e-01 1.645177010277918875e+08 1.678969110104752779e+08
3.719867419348956150e-01 1.396370584847679138e+08 1.643432942395822406e+08
3.736492516740893000e-01 1.147829562779542953e+08 1.608467874216521680e+08
3.753117614169925176e-01 8.998714251213043928e+07 1.574354402346104980e+08
3.769742711635561405e-01 6.528218548149219155e+07 1.541383231606149375e+08
3.786367809137318741e-01 4.070134975056683272e+07 1.509852155200370848e+08
3.802992906674724227e-01 1.627847387234103866e+07 1.480061984531293809e+08
3.819618004247312126e-01 -7.952150087103604339e+06 1.452311443118488789e+08
3.836243101854625026e-01 -3.195589504905647412e+07 1.426891005573282838e+08
3.852868199496213841e-01 -5.569791529947675020e+07 1.404075760806415677e+08
3.869493297171635593e-01 -7.914326057408578694e+07 1.384117506346315444e+08
3.886118394880457849e-01 -1.022569877231277078e+08 1.367236425918934941e+08
3.902743492622252064e-01 -1.250042697965948135e+08 1.353612844288060069e+08
3.919368590396599683e-01 -1.473505024281717539e+08 1.343379661504351199e+08
3.935993688203087704e-01 -1.692614073789488673e+08 1.336616111657228470e+08
3.952618786041311449e-01 -1.907031331238689125e+08 1.333343443242541552e+08
3.969243883910870685e-01 -2.116423523590513170e+08 1.333522972267354280e+08
3.985868981811374612e-01 -2.320463563273164034e+08 1.337056730363847911e+08
4.002494079742436872e-01 -2.518831458438036442e+08 1.343790657988748848e+08
4.019119177703678880e-01 -2.711215189415905476e+08 1.353520027958242297e+08
4.035744275694727046e-01 -2.897311550301574469e+08 1.365996577747511864e+08
4.052369373715214440e-01 -3.076826954930664897e+08 1.380936712424911559e+08
4.068994471764781906e-01 -3.249478206393458247e+08 1.398030124210543633e+08
4.085619569843071952e-01 -3.414993229459881783e+08 1.416948244379593134e+08
4.102244667949735413e-01 -3.573111765132381320e+08 1.437352071106839776e+08
4.118869766084432005e-01 -3.723586026919589043e+08 1.458899068132081926e+08
4.135494864246819224e-01 -3.866181318146436214e+08 1.481248976683762372e+08
4.152119962436567890e-01 -4.000676609992753863e+08 1.504068505998363495e+08
4.168745060653349932e-01 -4.126865079767464995e+08 1.527034958859618604e+08
4.185370158896842829e-01 -4.244554609210857153e+08 1.549838905379766226e+08
4.201995257166728504e-01 -4.353568242441449761e+08 1.572186047389098406e+08
4.218620355462696647e-01 -4.453744603543562293e+08 1.593798422208313048e+08
4.235245453784438063e-01 -4.544938273459335566e+08 1.614415087629555464e+08
4.251870552131651881e-01 -4.627020126364020705e+08 1.633792413468309641e+08
4.268495650504041117e-01 -4.699877625285292268e+08 1.651704086183983088e+08
4.285120748901312115e-01 -4.763415077309551239e+08 1.667940912359171212e+08
4.301745847323175664e-01 -4.817553848211455345e+08 1.682310488930590749e+08
4.318370945769347546e-01 -4.862232537042617798e+08 1.694636791022153497e+08
4.334996044239549096e-01 -4.897407110510973334e+08 1.704759715474599898e+08
4.351621142733504422e-01 -4.923050997989648581e+08 1.712534606361776888e+08
4.368246241250944295e-01 -4.939155146944121718e+08 1.717831781149554253e+08
4.384871339791597822e-01 -4.945728039789924026e+08 1.720536068647810221e+08
4.401496438355204099e-01 -4.942795672119941115e+08 1.720546366103658676e+08
4.418121536941504446e-01 -4.930401493366253972e+08 1.717775218135722876e+08
4.434746635550242400e-01 -4.908606309951012731e+08 1.712148418929662406e+08
4.451371734181167605e-01 -4.877488152179447412e+08 1.703604636126819253e+08
4.467996832834031928e-01 -4.837142104854469895e+08 1.692095055120562613e+08
4.484621931508591675e-01 -4.787680103218657374e+08 1.677583040314173698e+08
4.501247030204606481e-01 -4.729230694013317227e+08 1.660043811150405407e+08
4.517872128921838204e-01 -4.661938763622638583e+08 1.639464128849452734e+08
4.534497227660054253e-01 -4.585965232976341248e+08 1.615841991709077954e+08
4.551122326419027031e-01 -4.501486721420863867e+08 1.589186334880811870e+08
4.567747425198525613e-01 -4.408695179154629111e+08 1.559516732998815775e+08
4.584372523998329063e-01 -4.307797490748284459e+08 1.526863101779071093e+08
4.600997622818217003e-01 -4.199015049116032124e+08 1.491265397716380358e+08
4.617622721657972384e-01 -4.082583302900478244e+08 1.452773312230952978e+08
4.634247820517383154e-01 -3.958751276284051538e+08 1.411445960269718170e+08
4.650872919396236149e-01 -3.827781064735817313e+08 1.367351559852544367e+08
4.667498018294323758e-01 -3.689947305236813426e+08 1.320567103568872809e+08
4.684123117211442255e-01 -3.545536625176368356e+08 1.271178018471348435e+08
4.700748216147389580e-01 -3.394847067726078033e+08 1.219277816545783728e+08
4.717373315101965336e-01 -3.238187498950700164e+08 1.164967731911226064e+08
4.733998414074974126e-01 -3.075876993255833983e+08 1.108356348408102840e+08
4.750623513066224435e-01 -2.908244204006726742e+08 1.049559213099363893e+08
4.767248612075521974e-01 -2.735626714066501260e+08 9.886984414241215587e+07
4.783873711102680226e-01 -2.558370375489648283e+08 9.259023084731090069e+07
4.800498810147514894e-01 -2.376828630189037323e+08 8.613048355153116584e+07
4.817123909209840571e-01 -2.191361824625825584e+08 7.950453648405203223e+07
4.833749008289477955e-01 -2.002336505389417112e+08 7.272681387530075014e+07
4.850374107386249412e-01 -1.810124715527522862e+08 6.581218754340324551e+07
4.866999206499977859e-01 -1.615103269104860723e+08 5.877593751292031258e+07
4.883624305630492324e-01 -1.417653037342310548e+08 5.163371613967507333e+07
4.900249404777619611e-01 -1.218158203939879537e+08 4.440152626253104955e+07
4.916874503941192631e-01 -1.017005554208044559e+08 3.709572697889027745e+07
4.933499603121045407e-01 -8.145837036886444688e+07 2.973313180523984507e+07
4.950124702317013070e-01 -6.112824276994050294e+07 2.233139931556287408e+07
4.966749801528934083e-01 -4.074917997161940485e+07 1.491079008436725475e+07
4.983374900756649684e-01 -2.036020248299248517e+07 7.506211390692712739e+06
