# r [arcsec]	I [Jy/sr]	I_uncer [Jy/sr]
1.272617859314095550e-03 6.016797362916410065e+10 1.237132606839296818e+09
2.921189009106442414e-03 6.014682157171327972e+10 1.236010400121357679e+09
4.579495862547155495e-03 6.010878236746398163e+10 1.234105789307273865e+09
6.240002426697914550e-03 6.005387320440139771e+10 1.231383470927541494e+09
7.901343393063876494e-03 5.998213005346842194e+10 1.227840230421353340e+09
9.563088128690054243e-03 5.989360100336964417e+10 1.223479829126299381e+09
1.122505851373705593e-02 5.978834559165652466e+10 1.218308980678288698e+09
1.288716767388508287e-02 5.966643463234949493e+10 1.212336388074236631e+09
1.454936822595933807e-02 5.952795011833284760e+10 1.205572425494652748e+09
1.621163214106096165e-02 5.937298513385511780e+10 1.198029002409700632e+09
1.787394178310437384e-02 5.920164376294394684e+10 1.189719490757646084e+09
1.953628550253095827e-02 5.901404098977337646e+10 1.180658677089213133e+09
2.119865529577967186e-02 5.881030258980261230e+10 1.170862725401290178e+09
2.286104548286438387e-02 5.859056501126779938e+10 1.160349144663820744e+09
2.452345192144544592e-02 5.835497524698992157e+10 1.149136758332113743e+09
2.618587151961204035e-02 5.810369069653223419e+10 1.137245674584081650e+09
2.784830192283991451e-02 5.783687901883982086e+10 1.124697256712140322e+09
2.951074130657948408e-02 5.755471797549684143e+10 1.111514093454742193e+09
3.117318823511218417e-02 5.725739526478467560e+10 1.097719969238703012e+09
3.283564156322602012e-02 5.694510834671981049e+10 1.083339834416538715e+09
3.449810036628684490e-02 5.661806425927995300e+10 1.068399775644304991e+09
3.616056388957845924e-02 5.627647942602175140e+10 1.052926986588202357e+09
3.782303151098994481e-02 5.592057945532128906e+10 1.036949739171302438e+09
3.948550271312052662e-02 5.555059893145949554e+10 1.020497355590045333e+09
4.114797706214112089e-02 5.516678119780578613e+10 1.003600181335587382e+09
4.281045419157746001e-02 5.476937813233458710e+10 9.862895594577387571e+08
4.447293378972808769e-02 5.435864991575028992e+10 9.685978063043833971e+08
4.613541558980088775e-02 5.393486479246695709e+10 9.505581889539909363e+08
4.779789936210682849e-02 5.349829882473487854e+10 9.322049045373195410e+08
4.946038490782722619e-02 5.304923564017443848e+10 9.135730616096639633e+08
5.112287205399637657e-02 5.258796617302432251e+10 8.946986636849162579e+08
5.278536064943199074e-02 5.211478839937151337e+10 8.756185949747773409e+08
5.444785056141081270e-02 5.163000706669065094e+10 8.563706082854714394e+08
5.611034167293492414e-02 5.113393341796224213e+10 8.369933149021828175e+08
5.777283388046990098e-02 5.062688491071137238e+10 8.175261761355963945e+08
5.943532709206246489e-02 5.010918493125124359e+10 7.980094960018582344e+08
6.109782122576532665e-02 4.958116250446258545e+10 7.784844142525074482e+08
6.276031620831216962e-02 4.904315199942996979e+10 7.589928986491092443e+08
6.442281197399798987e-02 4.849549283124485779e+10 7.395777349818568230e+08
6.608530846372812073e-02 4.793852915931723022e+10 7.202825128462171555e+08
6.774780562420743002e-02 4.737260958251016235e+10 7.011516046102586985e+08
6.941030340724584080e-02 4.679808683143595886e+10 6.822301343181263208e+08
7.107280176916151715e-02 4.621531745824568176e+10 6.635639324825458527e+08
7.273530067026563739e-02 4.562466152422719574e+10 6.451994718263336420e+08
7.439780007441634813e-02 4.502648228557992554e+10 6.271837780694092512e+08
7.606029994863128252e-02 4.442114587765717316e+10 6.095643088609191179e+08
7.772280026274960840e-02 4.380902099804727173e+10 5.923887930079568624e+08
7.938530098913672284e-02 4.319047858879833984e+10 5.757050213623830080e+08
8.104780210242505667e-02 4.256589151813630676e+10 5.595605802530989647e+08
8.271030357928650656e-02 4.193563426200084686e+10 5.440025184063106775e+08
8.437280539823126257e-02 4.130008258571958160e+10 5.290769391252058148e+08
8.603530753943039455e-02 4.065961322617301178e+10 5.148285113980197906e+08
8.769780998455847798e-02 4.001460357473827362e+10 5.012998968411964178e+08
8.936031271665356712e-02 3.936543136136721802e+10 4.885310941919986010e+08
9.102281571999285004e-02 3.871247434010116577e+10 4.765587095278207660e+08
9.268531897998151525e-02 3.805610997633550262e+10 4.654151683677685261e+08
9.434782248305331742e-02 3.739671513615759277e+10 4.551278948504976034e+08
9.601032621658157906e-02 3.673466577805460358e+10 4.457184924390491843e+08
9.767283016879922675e-02 3.607033664730140686e+10 4.372019688751427531e+08
9.933533432872686253e-02 3.540410097332283020e+10 4.295860539210791588e+08
1.009978386861079547e-01 3.473633017032646942e+10 4.228706602927659154e+08
1.026603432313502873e-01 3.406739354149491882e+10 4.170475349028896689e+08
1.043228479554730720e-01 3.339765798701400757e+10 4.121001385611702800e+08
1.059853528500589448e-01 3.272748771622558212e+10 4.080037780109794736e+08
1.076478579072105424e-01 3.205724396415917206e+10 4.047259960380303860e+08
1.093103631195108394e-01 3.138728471272733307e+10 4.022272056363053918e+08
1.109728684799872744e-01 3.071796441681796646e+10 4.004615355513301492e+08
1.126353739820789568e-01 3.004963373556094360e+10 3.993778395020589232e+08
1.142978796196066349e-01 2.938263926898755646e+10 3.989208118875938058e+08
1.159603853867454265e-01 2.871732330034335327e+10 3.990321496592473984e+08
1.176228912779997832e-01 2.805402354425779343e+10 3.996517030157024860e+08
1.192853972881804531e-01 2.739307290101739502e+10 4.007185654727442265e+08
1.209479034123834701e-01 2.673479921713566589e+10 4.021720649356245399e+08
1.226104096459709192e-01 2.607952505244121552e+10 4.039526298023923635e+08
1.242729159845529646e-01 2.542756745386237717e+10 4.060025162127927542e+08
1.259354224239715991e-01 2.477923773612138748e+10 4.082663931343646646e+08
1.275979289602855449e-01 2.413484126949209976e+10 4.106917903574789762e+08
1.292604355897561952e-01 2.349467727481439209e+10 4.132294204322487116e+08
1.309229423088349165e-01 2.285903862591434097e+10 4.158333892479646206e+08
1.325854491141509606e-01 2.222821165959143829e+10 4.184613116767314076e+08
1.342479560025006402e-01 2.160247599330922699e+10 4.210743489151375294e+08
1.359104629708369483e-01 2.098210435073453140e+10 4.236371833125587106e+08
1.375729700162601765e-01 2.036736239524505615e+10 4.261179449671482444e+08
1.392354771360091448e-01 1.975850857152134323e+10 4.284881025236880779e+08
1.408979843274529020e-01 1.915579395533446503e+10 4.307223286586990356e+08
1.425604915880832879e-01 1.855946211162392044e+10 4.327983488486635685e+08
1.442229989155077718e-01 1.796974896095535278e+10 4.346967802869766355e+08
1.458855063074428748e-01 1.738688265443370819e+10 4.364009662947099805e+08
1.475480137617080634e-01 1.681108345714656067e+10 4.378968102756056190e+08
1.492105212762198374e-01 1.624256364019062233e+10 4.391726121959355474e+08
1.508730288489867621e-01 1.568152738133428574e+10 4.402189097013702989e+08
1.525355364781040279e-01 1.512817067435206985e+10 4.410283252960958481e+08
1.541980441617490649e-01 1.458268124706878853e+10 4.415954204767733812e+08
1.558605518981770188e-01 1.404523848812728882e+10 4.419165573061218858e+08
1.575230596857167542e-01 1.351601338248753357e+10 4.419897676088606119e+08
1.591855675227668576e-01 1.299516845567160606e+10 4.418146297523268461e+08
1.608480754077921959e-01 1.248285772673070145e+10 4.413921528179502487e+08
1.625105833393203636e-01 1.197922666992618179e+10 4.407246678642747402e+08
1.641730913159387406e-01 1.148441218509547234e+10 4.398157259136343002e+08
1.658355993362912173e-01 1.099854257666246414e+10 4.386700022547971010e+08
1.674981073990755853e-01 1.052173754125362778e+10 4.372932066332411766e+08
1.691606155030408176e-01 1.005410816385861778e+10 4.356919988959687948e+08
1.708231236469845982e-01 9.595756922473703384e+09 4.338739096612806320e+08
1.724856318297508795e-01 9.146777701157377243e+09 4.318472655945225954e+08
1.741481400502279120e-01 8.707255811413969040e+09 4.296211188852491379e+08
1.758106483073458848e-01 8.277268021813539505e+09 4.272051805359553695e+08
1.774731566000750660e-01 7.856882595754121780e+09 4.246097570900833011e+08
1.791356649274240265e-01 7.446159337256366730e+09 4.218456904413943291e+08
1.807981732884377246e-01 7.045149644671600342e+09 4.189243003817497492e+08
1.824606816821959798e-01 6.653896572188708305e+09 4.158573295579074025e+08
1.841231901078118072e-01 6.272434898998741150e+09 4.126568905182923675e+08
1.857856985644300296e-01 5.900791205984577179e+09 4.093354145426749587e+08
1.874482070512257237e-01 5.538983959787517548e+09 4.059056019554404616e+08
1.891107155674030538e-01 5.187023604094696045e+09 4.023803736325979233e+08
1.907732241121938566e-01 4.844912657989975929e+09 3.987728234212986231e+08
1.924357326848565586e-01 4.512645821195910454e+09 3.950961711996245384e+08
1.940982412846749550e-01 4.190210086037038803e+09 3.913637163154829144e+08
1.957607499109572380e-01 3.877584855938351631e+09 3.875887911565483212e+08
1.974232585630348313e-01 3.574742070275303364e+09 3.837847146197322011e+08
1.990857672402615297e-01 3.281646335379668713e+09 3.799647452697952390e+08
2.007482759420124996e-01 2.998255061503781796e+09 3.761420340028128624e+08
2.024107846676835298e-01 2.724518605535164356e+09 3.723295760634396672e+08
2.040732934166899215e-01 2.460380419258441925e+09 3.685401623044681549e+08
2.057358021884660160e-01 2.205777202939041615e+09 3.647863296260619760e+08
2.073983109824642512e-01 1.960639064021557808e+09 3.610803105878525972e+08
2.090608197981545235e-01 1.724889680706745863e+09 3.574339822528388500e+08
2.107233286350234380e-01 1.498446470190337181e+09 3.538588143949204683e+08
2.123858374925735870e-01 1.281220761320367098e+09 3.503658172821989059e+08
2.140483463703231337e-01 1.073117971450058103e+09 3.469654893342710733e+08
2.157108552678049240e-01 8.740377872340321541e+08 3.436677650405974984e+08
2.173733641845664311e-01 6.838743491409434080e+08 3.404819636161466837e+08
2.190358731201685061e-01 5.025164394232284427e+08 3.374167389563136697e+08
2.206983820741854618e-01 3.298476733126764894e+08 3.344800315306345820e+08
2.223608910462041566e-01 1.657466931802780330e+08 3.316790229202213287e+08
2.240234000358239386e-01 1.008736542081813700e+07 3.290200937515726686e+08
2.256859090426557024e-01 -1.372610201971606016e+08 3.265087858058183193e+08
2.273484180663219723e-01 -2.764335489612288475e+08 3.241497690825793743e+08
2.290109271064561247e-01 -4.075694776834840775e+08 3.219468145686818957e+08
2.306734361627020280e-01 -5.308120294566528797e+08 3.199027734035736322e+08
2.323359452347137921e-01 -6.463081869541707039e+08 3.180195630421686769e+08
2.339984543221555469e-01 -7.542084845235328674e+08 3.162981608979781866e+08
2.356609634247005536e-01 -8.546667993299453259e+08 3.147386058042192459e+08
2.373234725420314828e-01 -9.478401417972151041e+08 3.133400074666339755e+08
2.389859816738397480e-01 -1.033888445599538803e+09 3.121005639039757252e+08
2.406484908198254224e-01 -1.112974357449835062e+09 3.110175866892122626e+08
2.423109999796965175e-01 -1.185263026934366226e+09 3.100875336252154112e+08
2.439735091531692601e-01 -1.250921896636421680e+09 3.093060483204227686e+08
2.456360183399674824e-01 -1.310120492790455341e+09 3.086680059814218283e+08
2.472985275398224547e-01 -1.363030216709491491e+09 3.081675646170234084e+08
2.489610367524725254e-01 -1.409824137218422174e+09 3.077982207559607029e+08
2.506235459776631203e-01 -1.450676784328431845e+09 3.075528687220947146e+08
2.522860552151463542e-01 -1.485763944382299423e+09 3.074238624871361256e+08
2.539485644646808371e-01 -1.515262456894580841e+09 3.074030791299009323e+08
2.556110737260313126e-01 -1.539350013309779167e+09 3.074819829715965390e+08
2.572735829989687417e-01 -1.558204957895577908e+09 3.076516895220510960e+08
2.589360922832700251e-01 -1.572006090981630325e+09 3.079030284594318867e+08
2.605986015787175591e-01 -1.580932474755670547e+09 3.082266049688349962e+08
2.622611108850994577e-01 -1.585163241815053940e+09 3.086128588766402602e+08
2.639236202022091082e-01 -1.584877406672757387e+09 3.090521211343761683e+08
2.655861295298450053e-01 -1.580253680411897182e+09 3.095346673210429549e+08
2.672486388678106950e-01 -1.571470288669851780e+09 3.100507679425153732e+08
2.689111482159146083e-01 -1.558704793135620117e+09 3.105907354093513489e+08
2.705736575739698391e-01 -1.542133916733096600e+09 3.111449676641740799e+08
2.722361669417941443e-01 -1.521933372656915665e+09 3.117039885096388459e+08
2.738986763192096108e-01 -1.498277697421633482e+09 3.122584847521584630e+08
2.755611857060425440e-01 -1.471340088081074476e+09 3.127993403305107355e+08
2.772236951021236906e-01 -1.441292243759926796e+09 3.133176676370175481e+08
2.788862045072874607e-01 -1.408304211642954350e+09 3.138048362682192326e+08
2.805487139213725944e-01 -1.372544237551622152e+09 3.142524994588719606e+08
2.822112233442213292e-01 -1.334178621234670162e+09 3.146526184622898102e+08
2.838737327756796214e-01 -1.293371576492591381e+09 3.149974851407908201e+08
2.855362422155972579e-01 -1.250285096243418455e+09 3.152797430236335993e+08
2.871987516638271343e-01 -1.205078822636692047e+09 3.154924070810010433e+08
2.888612611202258651e-01 -1.157909922308229685e+09 3.156288824459896088e+08
2.905237705846532292e-01 -1.108932966865761280e+09 3.156829823012188673e+08
2.921862800569720031e-01 -1.058299818683554769e+09 3.156489451266448498e+08
2.938487895370484604e-01 -1.006159522078537583e+09 3.155214514842163324e+08
2.955112990247516502e-01 -9.526581999319993258e+08 3.152956404958373308e+08
2.971738085199533974e-01 -8.979389558142907619e+08 3.149671261479635239e+08
2.988363180225286353e-01 -8.421417816574829817e+08 3.145320135364789963e+08
3.004988275323551283e-01 -7.854034710185021162e+08 3.139869151435351372e+08
3.021613370493130279e-01 -7.278575379650230408e+08 3.133289672188702226e+08
3.038238465732852611e-01 -6.696341416063522100e+08 3.125558463154496551e+08
3.054863561041573639e-01 -6.108600162864292860e+08 3.116657860109338760e+08
3.071488656418173702e-01 -5.516584074472872019e+08 3.106575938234694004e+08
3.088113751861554790e-01 -4.921490131633330584e+08 3.095306683103895187e+08
3.104738847370644983e-01 -4.324479313377510309e+08 3.082850163133660555e+08
3.121363942944395120e-01 -3.726676125469868779e+08 3.069212702905063033e+08
3.137989038581776025e-01 -3.129168185104832649e+08 3.054407056469845176e+08
3.154614134281782389e-01 -2.533005861531943083e+08 3.038452579460119605e+08
3.171239230043430002e-01 -1.939201972246477306e+08 3.021375398461015821e+08
3.187864325865753523e-01 -1.348731534305978715e+08 3.003208575718919635e+08
3.204489421747808708e-01 -7.625315701805560291e+07 2.983992266785573363e+08
3.221114517688670742e-01 -1.815009676415340975e+07 2.963773868178525567e+08
3.237739613687434237e-01 3.934996070878738165e+07 2.942608151532216072e+08
3.254364709743211015e-01 9.616477435551682115e+07 2.920557380012767315e+08
3.270989805855132326e-01 1.522159269573377073e+08 2.897691401992946267e+08
3.287614902022346075e-01 2.074288182756234705e+08 2.874087716099160910e+08
3.304239998244018484e-01 2.617326532121572793e+08 2.849831500764066577e+08
3.320865094519330207e-01 3.150604250664226413e+08 2.825015600374289751e+08
3.337490190847480775e-01 3.673488940030483603e+08 2.799740458968747258e+08
3.354115287227684150e-01 4.185385608325671554e+08 2.774113991303609610e+08
3.370740383659170392e-01 4.685736362290954590e+08 2.748251379965378046e+08
3.387365480141183438e-01 5.174020055006376505e+08 2.722274786168372035e+08
3.403990576672984991e-01 5.649751890421656370e+08 2.696312961008363962e+08
3.420615673253846745e-01 6.112482986012393236e+08 2.670500743380141556e+08
3.437240769883058711e-01 6.561799894954862595e+08 2.644978430634173155e+08
3.453865866559921449e-01 6.997324089159015417e+08 2.619891008523527384e+08
3.470490963283750507e-01 7.418711404708646536e+08 2.595387228268130422e+08
3.487116060053874755e-01 7.825651451072447300e+08 2.571618520791266561e+08
3.503741156869634166e-01 8.217866985736156702e+08 2.548737741597251892e+08
3.520366253730383144e-01 8.595113255696015358e+08 2.526897744429132640e+08
3.536991350635486642e-01 8.957177307492724657e+08 2.506249787899873257e+08
3.553616447584322380e-01 9.303877267344466448e+08 2.486941786645607054e+08
3.570241544576279180e-01 9.635061593053907156e+08 2.469116427062898874e+08
3.586866641610758633e-01 9.950608299322057962e+08 2.452909176987446845e+08
3.603491738687170098e-01 1.025042415820944071e+09 2.438446228262066543e+08
3.620116835804937372e-01 1.053444387637465119e+09 2.425842420277012289e+08
3.636741932963493684e-01 1.080262925088637114e+09 2.415199200470799804e+08
3.653367030162280593e-01 1.105496830525965691e+09 2.406602683514730334e+08
3.669992127400752979e-01 1.129147440754723787e+09 2.400121873661251962e+08
3.686617224678372939e-01 1.151218537212678432e+09 2.395807113793860376e+08
3.703242321994613118e-01 1.171716254704850674e+09 2.393688819735805988e+08
3.719867419348956150e-01 1.190648988857626915e+09 2.393776549276234806e+08
3.736492516740893000e-01 1.208027302478596210e+09 2.396058442668668330e+08
3.753117614169925176e-01 1.223863830985990286e+09 2.400501055814124346e+08
3.769742711635561405e-01 1.238173187090527058e+09 2.407049590249601007e+08
3.786367809137318741e-01 1.250971864894300461e+09 2.415628506705556214e+08
3.802992906674724227e-01 1.262278143585665464e+09 2.426142492916449904e+08
3.819618004247312126e-01 1.272111990892022848e+09 2.438477742669994235e+08
3.836243101854625026e-01 1.280494966467465878e+09 2.452503492865284979e+08
3.852868199496213841e-01 1.287450125369874716e+09 2.468073758977928460e+08
3.869493297171635593e-01 1.293001921805998325e+09 2.485029207077482939e+08
3.886118394880457849e-01 1.297176113287201166e+09 2.503199101918609142e+08
3.902743492622252064e-01 1.299999665373311520e+09 2.522403275237851143e+08
3.919368590396599683e-01 1.301500657142106056e+09 2.542454065202299953e+08
3.935993688203087704e-01 1.301708187551085234e+09 2.563158186367684305e+08
3.952618786041311449e-01 1.300652282827434063e+09 2.584318498415268064e+08
3.969243883910870685e-01 1.298363805041872501e+09 2.605735650914100409e+08
3.985868981811374612e-01 1.294874361995444536e+09 2.627209589567860961e+08
4.002494079742436872e-01 1.290216218568203449e+09 2.648540916755215228e+08
4.019119177703678880e-01 1.284422209649701595e+09 2.669532105177055895e+08
4.035744275694727046e-01 1.277525654789241791e+09 2.689988568281786442e+08
4.052369373715214440e-01 1.269560274679508924e+09 2.709719594616800547e+08
4.068994471764781906e-01 1.260560109602060318e+09 2.728539155767424107e+08
4.085619569843071952e-01 1.250559439932449341e+09 2.746266598899360895e+08
4.102244667949735413e-01 1.239592708833468914e+09 2.762727235703786016e+08
4.118869766084432005e-01 1.227694447213917255e+09 2.777752839465114474e+08
4.135494864246819224e-01 1.214899201074996948e+09 2.791182061699513197e+08
4.152119962436567890e-01 1.201241461312067986e+09 2.802860778952027559e+08
4.168745060653349932e-01 1.186755596078291655e+09 2.812642379561095238e+08
4.185370158896842829e-01 1.171475785769340277e+09 2.820387999033019543e+08
4.201995257166728504e-01 1.155435960725325823e+09 2.825966711758853793e+08
4.218620355462696647e-01 1.138669741690046787e+09 2.829255685607495308e+08
4.235245453784438063e-01 1.121210383121349573e+09 2.830140305114347339e+08
4.251870552131651881e-01 1.103090719372903347e+09 2.828514267887969613e+08
4.268495650504041117e-01 1.084343113833373785e+09 2.824279658231309652e+08
4.285120748901312115e-01 1.064999411026156783e+09 2.817347001030849814e+08
4.301745847323175664e-01 1.045090891749435067e+09 2.807635298559970856e+08
4.318370945769347546e-01 1.024648231239423275e+09 2.795072052043374181e+08
4.334996044239549096e-01 1.003701460433913589e+09 2.779593269628993273e+08
4.351621142733504422e-01 9.822799302935545444e+08 2.761143461741601825e+08
4.368246241250944295e-01 9.604122792581893206e+08 2.739675624765858054e+08
4.384871339791597822e-01 9.381264037738057375e+08 2.715151213422693610e+08
4.401496438355204099e-01 9.154494319604783058e+08 2.687540102336871028e+08
4.418121536941504446e-01 8.924077003395131826e+08 2.656820536750965118e+08
4.434746635550242400e-01 8.690267336844897270e+08 2.622979072616278827e+08
4.451371734181167605e-01 8.453312278924196959e+08 2.586010505764380693e+08
4.467996832834031928e-01 8.213450359415465593e+08 2.545917790254688561e+08
4.484621931508591675e-01 7.970911568009412289e+08 2.502711945456072092e+08
4.501247030204606481e-01 7.725917273695806265e+08 2.456411951928153634e+08
4.517872128921838204e-01 7.478680172746734619e+08 2.407044635583191812e+08
4.534497227660054253e-01 7.229404266187322140e+08 2.354644540242754519e+08
4.551122326419027031e-01 6.978284864696298838e+08 2.299253788029288054e+08
4.567747425198525613e-01 6.725508622005457878e+08 2.240921927825344801e+08
4.584372523998329063e-01 6.471253594307147264e+08 2.179705771216637194e+08
4.600997622818217003e-01 6.215689326998803616e+08 2.115669216317378283e+08
4.617622721657972384e-01 5.958976965770931244e+08 2.048883058881605864e+08
4.634247820517383154e-01 5.701269393743572235e+08 1.979424791312276423e+08
4.650872919396236149e-01 5.442711390997672081e+08 1.907378388940567672e+08
4.667498018294323758e-01 5.183439818791891932e+08 1.832834084474808872e+08
4.684123117211442255e-01 4.923583823921199441e+08 1.755888129915339053e+08
4.700748216147389580e-01 4.663265066413357258e+08 1.676642547219993472e+08
4.717373315101965336e-01 4.402597964729013443e+08 1.595204866888138354e+08
4.733998414074974126e-01 4.141689963066288829e+08 1.511687856283493042e+08
4.750623513066224435e-01 3.880641813074424863e+08 1.426209236674282253e+08
4.767248612075521974e-01 3.619547876716827154e+08 1.338891391639332175e+08
4.783873711102680226e-01 3.358496439780931473e+08 1.249861065601856709e+08
4.800498810147514894e-01 3.097570046204661131e+08 1.159249056640690714e+08
4.817123909209840571e-01 2.836845838145271540e+08 1.067189902357419431e+08
4.833749008289477955e-01 2.576395917898814380e+08 9.738215663386391103e+07
4.850374107386249412e-01 2.316287708432392180e+08 8.792851257730308175e+07
4.866999206499977859e-01 2.056584339811799228e+08 7.837244781052526832e+07
4.883624305630492324e-01 1.797345022207520604e+08 6.872860806358602643e+07
4.900249404777619611e-01 1.538625456459143758e+08 5.901187892081217468e+07
4.916874503941192631e-01 1.280478205579064637e+08 4.923739194168952852e+07
4.933499603121045407e-01 1.022953140047439337e+08 3.942059908498217165e+07
4.950124702317013070e-01 7.660977649103547633e+07 2.957757154014548287e+07
4.966749801528934083e-01 5.099577768529392034e+07 1.972632475731412694e+07
4.983374900756649684e-01 2.545767966425532103e+07 9.895990184193251655e+06
