# r [arcsec]	I [Jy/sr]	I_uncer [Jy/sr]
1.272617859314095550e-03 4.012369469480538940e+10 2.972084198654612064e+09
2.921189009106442414e-03 4.004761951932350922e+10 2.963746897459807396e+09
4.579495862547155495e-03 3.991103244477185059e+10 2.948844795527130604e+09
6.240002426697914550e-03 3.971437817278993988e+10 2.927446672750855923e+09
7.901343393063876494e-03 3.945833639364128876e+10 2.899675235042166233e+09
9.563088128690054243e-03 3.914379478352188110e+10 2.865693208425427914e+09
1.122505851373705593e-02 3.877184268957723236e+10 2.825700685699670792e+09
1.288716767388508287e-02 3.834376572563739777e+10 2.779933651951110363e+09
1.454936822595933807e-02 3.786103978649911499e+10 2.728662626275217056e+09
1.621163214106096165e-02 3.732532427916481018e+10 2.672191260640951157e+09
1.787394178310437384e-02 3.673845455527536011e+10 2.610854876828188419e+09
1.953628550253095827e-02 3.610243357035852051e+10 2.545018957407154083e+09
2.119865529577967186e-02 3.541942280929984283e+10 2.475077619584697247e+09
2.286104548286438387e-02 3.469173252419329071e+10 2.401452106612065315e+09
2.452345192144544592e-02 3.392181133536031342e+10 2.324589334103644848e+09
2.618587151961204035e-02 3.311223524993881226e+10 2.244960528881618023e+09
2.784830192283991451e-02 3.226569615551282501e+10 2.163059995422412872e+09
2.951074130657948408e-02 3.138498984892028427e+10 2.079404038416301489e+09
3.117318823511218417e-02 3.047300366260258484e+10 1.994530057232919931e+09
3.283564156322602012e-02 2.953270375273746109e+10 1.908995805979060411e+09
3.449810036628684490e-02 2.856712211487871933e+10 1.823378776689858913e+09
3.616056388957845924e-02 2.757934339393122482e+10 1.738275606560508966e+09
3.782303151098994481e-02 2.657249155599526596e+10 1.654301324902988195e+09
3.948550271312052662e-02 2.554971648994301987e+10 1.572088132422214270e+09
4.114797706214112089e-02 2.451418060653492355e+10 1.492283236508607626e+09
4.281045419157746001e-02 2.346904550242470551e+10 1.415545050166910172e+09
4.447293378972808769e-02 2.241745875558699417e+10 1.342536814261624336e+09
4.613541558980088775e-02 2.136254091749514389e+10 1.273916471129381895e+09
4.779789936210682849e-02 2.030737276582313919e+10 1.210321503339810371e+09
4.946038490782722619e-02 1.925498287952757263e+10 1.152347622300421953e+09
5.112287205399637657e-02 1.820833559592090225e+10 1.100520865644308329e+09
5.278536064943199074e-02 1.717031940677459145e+10 1.055264026049778700e+09
5.444785056141081270e-02 1.614373584761999702e+10 1.016860370681382298e+09
5.611034167293492414e-02 1.513128893124894714e+10 9.854198904720351696e+08
5.777283388046990098e-02 1.413557517300722504e+10 9.608549231344392300e+08
5.943532709206246489e-02 1.315907425179961395e+10 9.428718041246737242e+08
6.109782122576532665e-02 1.220414034685227585e+10 9.309825883391396999e+08
6.276031620831216962e-02 1.127299418620979500e+10 9.245363934265425205e+08
6.442281197399798987e-02 1.036771583870649719e+10 9.227652398619608879e+08
6.608530846372812073e-02 9.490238276771598816e+09 9.248363289658426046e+08
6.774780562420743002e-02 8.642341732953556061e+09 9.299024884899717569e+08
6.941030340724584080e-02 7.825648868471837997e+09 9.371446048656644821e+08
7.107280176916151715e-02 7.041620767479744911e+09 9.458029502565991879e+08
7.273530067026563739e-02 6.291553766078131676e+09 9.551971206772129536e+08
7.439780007441634813e-02 5.576577120466332436e+09 9.647361373654631376e+08
7.606029994863128252e-02 4.897651513995326996e+09 9.739210568795413971e+08
7.772280026274960840e-02 4.255568398334031582e+09 9.823424669557911158e+08
7.938530098913672284e-02 3.650950159467528343e+09 9.896748696486010551e+08
8.104780210242505667e-02 3.084251094892183304e+09 9.956694461098362207e+08
8.271030357928650656e-02 2.555759184123908997e+09 1.000146218217183709e+09
8.437280539823126257e-02 2.065598630569383621e+09 1.002986238077440023e+09
8.603530753943039455e-02 1.613733148912664175e+09 1.004124158492120385e+09
8.769780998455847798e-02 1.199969968468006372e+09 1.003541351267957568e+09
8.936031271665356712e-02 8.239645194979723692e+08 1.001259623636790037e+09
9.102281571999285004e-02 4.852257662418480515e+08 9.973355150214500427e+08
9.268531897998151525e-02 1.831221474396802783e+08 9.918551202820016146e+08
9.434782248305331742e-02 -8.311191757022403181e+07 9.849293694303355217e+08
9.601032621658157906e-02 -3.143690015311603546e+08 9.766896896026645899e+08
9.767283016879922675e-02 -5.116611671959953308e+08 9.672839777845205069e+08
9.933533432872686253e-02 -6.761120388013700247e+08 9.568728194594827890e+08
1.009978386861079547e-01 -8.089484969113663435e+08 9.456258974268236160e+08
1.026603432313502873e-01 -9.114920476425435543e+08 9.337185458484541178e+08
1.043228479554730720e-01 -9.851499181871931553e+08 9.213284169668576717e+08
1.059853528500589448e-01 -1.031405931106646895e+09 9.086322419336742163e+08
1.076478579072105424e-01 -1.051811210140020370e+09 8.958026828448601961e+08
1.093103631195108394e-01 -1.047974770201478243e+09 8.830052901872624159e+08
1.109728684799872744e-01 -1.021554043894362569e+09 8.703955978828446865e+08
1.126353739820789568e-01 -9.742453962019816637e+08 8.581164058521285057e+08
1.142978796196066349e-01 -9.077746780662606955e+08 8.462953158504761457e+08
1.159603853867454265e-01 -8.238878683453192711e+08 8.350425981601562500e+08
1.176228912779997832e-01 -7.243418521348227262e+08 8.244494722645918131e+08
1.192853972881804531e-01 -6.108953817019200325e+08 8.145868818642910719e+08
1.209479034123834701e-01 -4.853002642867442369e+08 8.055048322269819975e+08
1.226104096459709192e-01 -3.492928188253884315e+08 7.972323358574398756e+08
1.242729159845529646e-01 -2.045856412360189855e+08 7.897779823040416241e+08
1.259354224239715991e-01 -5.285971531559175998e+07 7.831311125796554089e+08
1.275979289602855449e-01 1.042430964719104767e+08 7.772635422710838318e+08
1.292604355897561952e-01 2.651271509298154712e+08 7.721317444545633793e+08
1.309229423088349165e-01 4.282496824464021325e+08 7.676793780884802341e+08
1.325854491141509606e-01 5.921269964833878279e+08 7.638400324569810629e+08
1.342479560025006402e-01 7.553401762405141592e+08 7.605400546589889526e+08
1.359104629708369483e-01 9.165402837888542414e+08 7.577013344536557198e+08
1.375729700162601765e-01 1.074453040275875568e+09 7.552439369470940828e+08
1.392354771360091448e-01 1.227882973150898695e+09 7.530884956942242384e+08
1.408979843274529020e-01 1.375717021682566166e+09 7.511583036201200485e+08
1.425604915880832879e-01 1.516927595368620872e+09 7.493810638633210659e+08
1.442229989155077718e-01 1.650575083084082842e+09 7.476902850145771503e+08
1.458855063074428748e-01 1.775809814037761211e+09 7.460263238771910667e+08
1.475480137617080634e-01 1.891873474718206406e+09 7.443370932120045424e+08
1.492105212762198374e-01 1.998099989037956953e+09 7.425784619726939201e+08
1.508730288489867621e-01 2.093915871791890383e+09 7.407143817522287369e+08
1.525355364781040279e-01 2.178840068321717262e+09 7.387167762292116880e+08
1.541980441617490649e-01 2.252483295909053802e+09 7.365652310996288061e+08
1.558605518981770188e-01 2.314546904890217781e+09 7.342465210199302435e+08
1.575230596857167542e-01 2.364821279783618450e+09 7.317540080969032049e+08
1.591855675227668576e-01 2.403183802844995975e+09 7.290869439186345339e+08
1.608480754077921959e-01 2.429596404383497715e+09 7.262497043719823360e+08
1.625105833393203636e-01 2.444102725913626194e+09 7.232509837635551691e+08
1.641730913159387406e-01 2.446824923730614662e+09 7.201029721659508944e+08
1.658355993362912173e-01 2.437960141822942257e+09 7.168205374904432297e+08
1.674981073990755853e-01 2.417776684132712841e+09 7.134204315292234421e+08
1.691606155030408176e-01 2.386609917069134712e+09 7.099205370567445755e+08
1.708231236469845982e-01 2.344857933852226257e+09 7.063391709715672731e+08
1.724856318297508795e-01 2.292977012729753017e+09 7.026944563214036226e+08
1.741481400502279120e-01 2.231476901358121872e+09 6.990037738314442635e+08
1.758106483073458848e-01 2.160915959692028999e+09 6.952833012086539268e+08
1.774731566000750660e-01 2.081896193557396889e+09 6.915476460114880800e+08
1.791356649274240265e-01 1.995058210750083923e+09 6.878095752708507776e+08
1.807981732884377246e-01 1.901076130945187807e+09 6.840798423704121113e+08
1.824606816821959798e-01 1.800652480002110958e+09 6.803671090082663298e+08
1.841231901078118072e-01 1.694513098350211859e+09 6.766779574588431120e+08
1.857856985644300296e-01 1.583402092107475042e+09 6.730169859230724573e+08
1.874482070512257237e-01 1.468076854382501602e+09 6.693869775960401297e+08
1.891107155674030538e-01 1.349303182891051531e+09 6.657891322763960361e+08
1.907732241121938566e-01 1.227850518564571857e+09 6.622233479574762583e+08
1.924357326848565586e-01 1.104487328269085646e+09 6.586885389189404249e+08
1.940982412846749550e-01 9.799766531030182838e+08 6.551829763958210945e+08
1.957607499109572380e-01 8.550718419991821051e+08 6.517046379285057783e+08
1.974232585630348313e-01 7.305124885574158430e+08 6.482515519582195282e+08
1.990857672402615297e-01 6.070205871732103825e+08 6.448221250772184134e+08
2.007482759420124996e-01 4.852969226318332553e+08 6.414154405062487125e+08
2.024107846676835298e-01 3.660177054106702209e+08 6.380315177879526615e+08
2.040732934166899215e-01 2.498314630035993457e+08 6.346715252825264931e+08
2.057358021884660160e-01 1.373561956393479407e+08 6.313379387767554522e+08
2.073983109824642512e-01 2.917680285529502109e+07 6.280346413100105524e+08
2.090608197981545235e-01 -7.415721450955764949e+07 6.247669611481703520e+08
2.107233286350234380e-01 -1.721337741878210008e+08 6.215416466636784077e+08
2.123858374925735870e-01 -2.642799533079143167e+08 6.183667786858683825e+08
2.140483463703231337e-01 -3.501634509988135695e+08 6.152516226587991714e+08
2.157108552678049240e-01 -4.293937752659829259e+08 6.122064246599596739e+08
2.173733641845664311e-01 -5.016231582209460735e+08 6.092421569866795540e+08
2.190358731201685061e-01 -5.665472052417155504e+08 6.063702205724964142e+08
2.206983820741854618e-01 -6.239052850451745987e+08 6.036021129293771982e+08
2.223608910462041566e-01 -6.734806689435567856e+08 6.009490715752730370e+08
2.240234000358239386e-01 -7.151004287578240633e+08 5.984217039502408504e+08
2.256859090426557024e-01 -7.486351039217481613e+08 5.960296155877778530e+08
2.273484180663219723e-01 -7.739981492832264900e+08 5.937810487324099541e+08
2.290109271064561247e-01 -7.911451759357861280e+08 5.916825436216663122e+08
2.306734361627020280e-01 -8.000729981424525976e+08 5.897386342399652004e+08
2.323359452347137921e-01 -8.008185000002863407e+08 5.879515894795290232e+08
2.339984543221555469e-01 -7.934573359745165110e+08 5.863212093145555258e+08
2.356609634247005536e-01 -7.781024797829748392e+08 5.848446838444634676e+08
2.373234725420314828e-01 -7.549026363483307362e+08 5.835165209608992338e+08
2.389859816738397480e-01 -7.240405316523355246e+08 5.823285460346993208e+08
2.406484908198254224e-01 -6.857310953459358215e+08 5.812699745250499249e+08
2.423109999796965175e-01 -6.402195508557121754e+08 5.803275559164650440e+08
2.439735091531692601e-01 -5.877794275484654903e+08 5.794857850166337490e+08
2.456360183399674824e-01 -5.287105092002088428e+08 5.787271745258940458e+08
2.472985275398224547e-01 -4.633367326565651298e+08 5.780325810091218948e+08
2.489610367524725254e-01 -3.920040500812944174e+08 5.773815750320684910e+08
2.506235459776631203e-01 -3.150782676796674132e+08 5.767528453017144203e+08
2.522860552151463542e-01 -2.329428731511154175e+08 5.761246261657726765e+08
2.539485644646808371e-01 -1.459968634853468835e+08 5.754751377577697039e+08
2.556110737260313126e-01 -5.465258399049580842e+07 5.747830283563202620e+08
2.572735829989687417e-01 4.066641130494438112e+07 5.740278090943367481e+08
2.589360922832700251e-01 1.395274685232881308e+08 5.731902719251888990e+08
2.605986015787175591e-01 2.414909035323137045e+08 5.722528826493654251e+08
2.622611108850994577e-01 3.461120245471107960e+08 5.712001417572801113e+08
2.639236202022091082e-01 4.529431008427470922e+08 5.700189067885879278e+08
2.655861295298450053e-01 5.615352715201301575e+08 5.686986708071260452e+08
2.672486388678106950e-01 6.714403890823670626e+08 5.672317924070206881e+08
2.689111482159146083e-01 7.822127933858044147e+08 5.656136733930020332e+08
2.705736575739698391e-01 8.934110123075979948e+08 5.638428809179834127e+08
2.722361669417941443e-01 1.004599386226114631e+09 5.619212114259662628e+08
2.738986763192096108e-01 1.115349614118342876e+09 5.598536942717794180e+08
2.755611857060425440e-01 1.225242219759206533e+09 5.576485334027637243e+08
2.772236951021236906e-01 1.333867937125654936e+09 5.553169860382158756e+08
2.788862045072874607e-01 1.440829014691614866e+09 5.528731779165751934e+08
2.805487139213725944e-01 1.545740438816999674e+09 5.503338554477477074e+08
2.822112233442213292e-01 1.648231076902526855e+09 5.477180760510061979e+08
2.838737327756796214e-01 1.747944741385190725e+09 5.450468391197615862e+08
2.855362422155972579e-01 1.844541176001931429e+09 5.423426614490840435e+08
2.871987516638271343e-01 1.937696966023742914e+09 5.396291026019674540e+08
2.888612611202258651e-01 2.027106374403204203e+09 5.369302475444685221e+08
2.905237705846532292e-01 2.112482105922818661e+09 5.342701558991007209e+08
2.921862800569720031e-01 2.193556001561449051e+09 5.316722892564764619e+08
2.938487895370484604e-01 2.270079665319674969e+09 5.291589300212528110e+08
2.955112990247516502e-01 2.341825025765930653e+09 5.267506070951448679e+08
2.971738085199533974e-01 2.408584834488228798e+09 5.244655451355874538e+08
2.988363180225286353e-01 2.470173103552484512e+09 5.223191549932456017e+08
3.004988275323551283e-01 2.526425483904545784e+09 5.203235830585415959e+08
3.021613370493130279e-01 2.577199586495316029e+09 5.184873365090717077e+08
3.038238465732852611e-01 2.622375247662623405e+09 5.168149997793670893e+08
3.054863561041573639e-01 2.661854740091050625e+09 5.153070549925292134e+08
3.071488656418173702e-01 2.695562930378874302e+09 5.139598156957154274e+08
3.088113751861554790e-01 2.723447383985422611e+09 5.127654792195264697e+08
3.104738847370644983e-01 2.745478418018186569e+09 5.117122985895430446e+08
3.121363942944395120e-01 2.761649102045807362e+09 5.107848704480570555e+08
3.137989038581776025e-01 2.771975206813751698e+09 5.099645312027897239e+08
3.154614134281782389e-01 2.776495100470484734e+09 5.092298498719652295e+08
3.171239230043430002e-01 2.775269591625573158e+09 5.085572030585601330e+08
3.187864325865753523e-01 2.768381718333306313e+09 5.079214152905570865e+08
3.204489421747808708e-01 2.755936481843858242e+09 5.072964466463199258e+08
3.221114517688670742e-01 2.738060523796260357e+09 5.066561091068170667e+08
3.237739613687434237e-01 2.714901745345841885e+09 5.059747933195497394e+08
3.254364709743211015e-01 2.686628866614113331e+09 5.052281882610466480e+08
3.270989805855132326e-01 2.653430924760046005e+09 5.043939774595056176e+08
3.287614902022346075e-01 2.615516708951006413e+09 5.034524967940873504e+08
3.304239998244018484e-01 2.573114130516294479e+09 5.023873402555546761e+08
3.320865094519330207e-01 2.526469526651078224e+09 5.011859012966437936e+08
3.337490190847480775e-01 2.475846896140499592e+09 4.998398384237674475e+08
3.354115287227684150e-01 2.421527065767254829e+09 4.983454544406143427e+08
3.370740383659170392e-01 2.363806786273084641e+09 4.967039792526984811e+08
3.387365480141183438e-01 2.302997757049682140e+09 4.949217464278505445e+08
3.403990576672984991e-01 2.239425579033523560e+09 4.930102538926322460e+08
3.420615673253846745e-01 2.173428635700606346e+09 4.909860993715953827e+08
3.437240769883058711e-01 2.105356902447061539e+09 4.888707816418663859e+08
3.453865866559921449e-01 2.035570685146536827e+09 4.866903596151418686e+08
3.470490963283750507e-01 1.964439289166527033e+09 4.844749629278252721e+08
3.487116060053874755e-01 1.892339620694552183e+09 4.822581503791819215e+08
3.503741156869634166e-01 1.819654722786062956e+09 4.800761164478092194e+08
3.520366253730383144e-01 1.746772249181020975e+09 4.779667513908240795e+08
3.536991350635486642e-01 1.674082879529170752e+09 4.759685671292717457e+08
3.553616447584322380e-01 1.601978680347579479e+09 4.741195090868949294e+08
3.570241544576279180e-01 1.530851416640668392e+09 4.724556829863915443e+08
3.586866641610758633e-01 1.461090819807509661e+09 4.710100346577899456e+08
3.603491738687170098e-01 1.393082818064922094e+09 4.698110292691875696e+08
3.620116835804937372e-01 1.327207736289113998e+09 4.688813829738672972e+08
3.636741932963493684e-01 1.263838472747267723e+09 4.682369036706406474e+08
3.653367030162280593e-01 1.203338660822449446e+09 4.678854974527056217e+08
3.669992127400752979e-01 1.146060824339336395e+09 4.678263927909142971e+08
3.686617224678372939e-01 1.092344535653421164e+09 4.680496255349804163e+08
3.703242321994613118e-01 1.042514586083672166e+09 4.685358150057772398e+08
3.719867419348956150e-01 9.968791787240527868e+08 4.692562459882565737e+08
3.736492516740893000e-01 9.557281539653379917e+08 4.701732549186905026e+08
3.753117614169925176e-01 9.193312583926529884e+08 4.712409027622196674e+08
3.769742711635561405e-01 8.879364678842697144e+08 4.724059036044258475e+08
3.786367809137318741e-01 8.617683759195989370e+08 4.736087680523399115e+08
3.802992906674724227e-01 8.410266581095671654e+08 4.747851147779555917e+08
3.819618004247312126e-01 8.258846239890859127e+08 4.758671019843620062e+08
3.836243101854625026e-01 8.164878669335000515e+08 4.767849327270946503e+08
3.852868199496213841e-01 8.129530229278780222e+08 4.774683930467934012e+08
3.869493297171635593e-01 8.153666485519324541e+08 4.778483887416456342e+08
3.886118394880457849e-01 8.237842282358250618e+08 4.778584543490300179e+08
3.902743492622252064e-01 8.382293202954293489e+08 4.774362156442842484e+08
3.919368590396599683e-01 8.586928507702562809e+08 4.765247940655236840e+08
3.935993688203087704e-01 8.851325633617993593e+08 4.750741474918823242e+08
3.952618786041311449e-01 9.174726331198893785e+08 4.730423464974853396e+08
3.969243883910870685e-01 9.556034506240017414e+08 4.703967884415071011e+08
3.985868981811374612e-01 9.993815826128888130e+08 4.671153534779241085e+08
4.002494079742436872e-01 1.048629913949951053e+09 4.631875066800224185e+08
4.019119177703678880e-01 1.103137974896269321e+09 4.586153488278821111e+08
4.035744275694727046e-01 1.162662456459409475e+09 4.534146146721659899e+08
4.052369373715214440e-01 1.226927915564206123e+09 4.476156111909246445e+08
4.068994471764781906e-01 1.295627670488096714e+09 4.412640787528894544e+08
4.085619569843071952e-01 1.368424885900805712e+09 4.344219442715238333e+08
4.102244667949735413e-01 1.444953845472259283e+09 4.271679163028151393e+08
4.118869766084432005e-01 1.524821408875308037e+09 4.195978466322907805e+08
4.135494864246819224e-01 1.607608648585094690e+09 4.118247507955183387e+08
4.152119962436567890e-01 1.692872660751558781e+09 4.039783421046807766e+08
4.168745060653349932e-01 1.780148542981155872e+09 3.962038936434352398e+08
4.185370158896842829e-01 1.868951530792217970e+09 3.886602080408779383e+08
4.201995257166728504e-01 1.958779283093985558e+09 3.815164590986703634e+08
4.218620355462696647e-01 2.049114306055617094e+09 3.749476921481308937e+08
4.235245453784438063e-01 2.139426503389296770e+09 3.691288548024355769e+08
4.251870552131651881e-01 2.229175840215750694e+09 3.642273963699629903e+08
4.268495650504041117e-01 2.317815106440821648e+09 3.603947257999390960e+08
4.285120748901312115e-01 2.404792764890512943e+09 3.577571252797288895e+08
4.301745847323175664e-01 2.489555868348643780e+09 3.564070084874234200e+08
4.318370945769347546e-01 2.571553029167787552e+09 3.563955862633694410e+08
4.334996044239549096e-01 2.650237424184586525e+09 3.577279605989255309e+08
4.351621142733504422e-01 2.725069817448506832e+09 3.603613703142072558e+08
4.368246241250944295e-01 2.795521582509648323e+09 3.642068138662987351e+08
4.384871339791597822e-01 2.861077706072365284e+09 3.691337170635200143e+08
4.401496438355204099e-01 2.921239754252632618e+09 3.749768627840284705e+08
4.418121536941504446e-01 2.975528783044570923e+09 3.815445727528175712e+08
4.434746635550242400e-01 3.023488174226096630e+09 3.886271510499831438e+08
4.451371734181167605e-01 3.064686378641074657e+09 3.960048030503271818e+08
4.467996832834031928e-01 3.098719548594900608e+09 4.034545310450085998e+08
4.484621931508591675e-01 3.125214042166964531e+09 4.107557868806624413e+08
4.501247030204606481e-01 3.143828782201809883e+09 4.176948773222143054e+08
4.517872128921838204e-01 3.154257454183824539e+09 4.240682520962432027e+08
4.534497227660054253e-01 3.156230527271917343e+09 4.296848671039425731e+08
4.551122326419027031e-01 3.149517084606326103e+09 4.343678262480267882e+08
4.567747425198525613e-01 3.133926449145552635e+09 4.379554862602781057e+08
4.584372523998329063e-01 3.109309593522700787e+09 4.403021760344635248e+08
4.600997622818217003e-01 3.075560322553255558e+09 4.412786465650277138e+08
4.617622721657972384e-01 3.032616219698767185e+09 4.407723350529294014e+08
4.634247820517383154e-01 2.980459348807493210e+09 4.386875001334307790e+08
4.650872919396236149e-01 2.919116705622057438e+09 4.349452643244400620e+08
4.667498018294323758e-01 2.848660413299463272e+09 4.294835848297618032e+08
4.684123117211442255e-01 2.769207659918136597e+09 4.222571629952881336e+08
4.700748216147389580e-01 2.680920375258428574e+09 4.132372959054840803e+08
4.717373315101965336e-01 2.584004648571363926e+09 4.024116688881365061e+08
4.733998414074974126e-01 2.478709887622768879e+09 3.897840855272400379e+08
4.750623513066224435e-01 2.365327724694859028e+09 3.753741302359890342e+08
4.767248612075521974e-01 2.244190672598582268e+09 3.592167586879503727e+08
4.783873711102680226e-01 2.115670540597007990e+09 3.413618112863812447e+08
4.800498810147514894e-01 1.980176615551542521e+09 3.218734463547348976e+08
4.817123909209840571e-01 1.838153622785727501e+09 3.008294900829665661e+08
4.833749008289477955e-01 1.690079473296246290e+09 2.783207025600734353e+08
4.850374107386249412e-01 1.536462817202577829e+09 2.544499594727584422e+08
4.866999206499977859e-01 1.377840409528532028e+09 2.293313521978081167e+08
4.883624305630492324e-01 1.214774315676863909e+09 2.030892087792918980e+08
4.900249404777619611e-01 1.047848958028646588e+09 1.758570433192476034e+08
4.916874503941192631e-01 8.776680445499864817e+08 1.477764412212257683e+08
4.933499603121045407e-01 7.048513643579556942e+08 1.189959031410987377e+08
4.950124702317013070e-01 5.300315274593864083e+08 8.966970042379255593e+07
4.966749801528934083e-01 3.538505630471046567e+08 5.995703912888062000e+07
4.983374900756649684e-01 1.769567113638464212e+08 3.002393386329076067e+07
