# r [arcsec]	I [Jy/sr]	I_uncer [Jy/sr]
1.272617859314095550e-03 4.843228297956716919e+10 4.954557975680816650e+09
2.921189009106442414e-03 4.866534676278230286e+10 4.923564459727714539e+09
4.579495862547155495e-03 4.908197147302619934e+10 4.868234736651845932e+09
6.240002426697914550e-03 4.967769477838502502e+10 4.789234539874353409e+09
7.901343393063876494e-03 5.044601035160811615e+10 4.687543799451881409e+09
9.563088128690054243e-03 5.137850889788643646e+10 4.564431288334226608e+09
1.122505851373705593e-02 5.246497236216974640e+10 4.421441326105574608e+09
1.288716767388508287e-02 5.369348114443344116e+10 4.260380344770825863e+09
1.454936822595933807e-02 5.505053780496730042e+10 4.083303072221486568e+09
1.621163214106096165e-02 5.652120660004275513e+10 3.892499125626152039e+09
1.787394178310437384e-02 5.808926745591588593e+10 3.690481087984682560e+09
1.953628550253095827e-02 5.973738271805820465e+10 3.479975278457759857e+09
2.119865529577967186e-02 6.144727484629298401e+10 3.263916411566895008e+09
2.286104548286438387e-02 6.319991310271962738e+10 3.045447008184356213e+09
2.452345192144544592e-02 6.497570718489092255e+10 2.827921419154243946e+09
2.618587151961204035e-02 6.675470568853031158e+10 2.614911990171751976e+09
2.784830192283991451e-02 6.851679724168863678e+10 2.410210139009428978e+09
2.951074130657948408e-02 7.024191213550401306e+10 2.217806465803009033e+09
3.117318823511218417e-02 7.191022228559770203e+10 2.041820481971011877e+09
3.283564156322602012e-02 7.350233739219238281e+10 1.886334448988477468e+09
3.449810036628684490e-02 7.499949522578303528e+10 1.755078621318045378e+09
3.616056388957845924e-02 7.638374404757688904e+10 1.650942527214920282e+09
3.782303151098994481e-02 7.763811527892459106e+10 1.575376761932721138e+09
3.948550271312052662e-02 7.874678465999717712e+10 1.527884582686386108e+09
4.114797706214112089e-02 7.969522028340229797e+10 1.505872648410793304e+09
4.281045419157746001e-02 8.047031605130436707e+10 1.505008002088846445e+09
4.447293378972808769e-02 8.106050928280299377e+10 1.519959403177169085e+09
4.613541558980088775e-02 8.145588138946330261e+10 1.545216012992372036e+09
4.779789936210682849e-02 8.164824073864114380e+10 1.575717838667050838e+09
4.946038490782722619e-02 8.163118703387147522e+10 1.607204333403979301e+09
5.112287205399637657e-02 8.140015675667282104e+10 1.636326342040658951e+09
5.278536064943199074e-02 8.095244943171910095e+10 1.660613412944446325e+09
5.444785056141081270e-02 8.028723469507955933e+10 1.678374974069750786e+09
5.611034167293492414e-02 7.940554036012605286e+10 1.688583672685879946e+09
5.777283388046990098e-02 7.831022188553318787e+10 1.690764341284748793e+09
5.943532709206246489e-02 7.700591385172943115e+10 1.684897045944428921e+09
6.109782122576532665e-02 7.549896424411535645e+10 1.671335181182971478e+09
6.276031620831216962e-02 7.379735252097789001e+10 1.650736439835496187e+09
6.442281197399798987e-02 7.191059260935502625e+10 1.624003480683365822e+09
6.608530846372812073e-02 6.984962212135803223e+10 1.592230998324684858e+09
6.774780562420743002e-02 6.762667921503433990e+10 1.556656085413887739e+09
6.941030340724584080e-02 6.525516863646288300e+10 1.518609066291162968e+09
7.107280176916151715e-02 6.274951857233923340e+10 1.479462393266153336e+09
7.273530067026563739e-02 6.012503001405742645e+10 1.440575883082787991e+09
7.439780007441634813e-02 5.739772038476339722e+10 1.403237736841585636e+09
7.606029994863128252e-02 5.458416320967861938e+10 1.368602580963335276e+09
7.772280026274960840e-02 5.170132561747299957e+10 1.337630116383660078e+09
7.938530098913672284e-02 4.876640544663050079e+10 1.311030402236697674e+09
8.104780210242505667e-02 4.579666969647830963e+10 1.289223439027693748e+09
8.271030357928650656e-02 4.280929600848357391e+10 1.272320517138406277e+09
8.437280539823126257e-02 3.982121879071389008e+10 1.260132163491076231e+09
8.603530753943039455e-02 3.684898150839721680e+10 1.252202874972027540e+09
8.769780998455847798e-02 3.390859655754944611e+10 1.247867662964332581e+09
8.936031271665356712e-02 3.101541401868968582e+10 1.246321614802743673e+09
9.102281571999285004e-02 2.818400045516471100e+10 1.246692432892731667e+09
9.268531897998151525e-02 2.542802877778688049e+10 1.248107249813704491e+09
9.434782248305331742e-02 2.276018004620431519e+10 1.249747946245190382e+09
9.601032621658157906e-02 2.019205791980343246e+10 1.250892436850151539e+09
9.767283016879922675e-02 1.773411630910341263e+10 1.250941995934465170e+09
9.933533432872686253e-02 1.539560061465027237e+10 1.249436294341525078e+09
1.009978386861079547e-01 1.318450277642922783e+10 1.246058484237955809e+09
1.026603432313502873e-01 1.110753019484278297e+10 1.240632681415937901e+09
1.043228479554730720e-01 9.170088426284467697e+09 1.233115856722886324e+09
1.059853528500589448e-01 7.376277404128647804e+09 1.223585687386265516e+09
1.076478579072105424e-01 5.728900791274382591e+09 1.212225474227092266e+09
1.093103631195108394e-01 4.229487934809596539e+09 1.199306871498641968e+09
1.109728684799872744e-01 2.878327768285569191e+09 1.185170929609303713e+09
1.126353739820789568e-01 1.674513893792261600e+09 1.170207823398338318e+09
1.142978796196066349e-01 6.159999754684629440e+08 1.154835626296267509e+09
1.159603853867454265e-01 -3.003355108018205166e+08 1.139478582860579014e+09
1.176228912779997832e-01 -1.078616199411092997e+09 1.124545507484572649e+09
1.192853972881804531e-01 -1.723887514593539000e+09 1.110409157900553942e+09
1.209479034123834701e-01 -2.242030236394121647e+09 1.097387641152421474e+09
1.226104096459709192e-01 -2.639669109952582836e+09 1.085729034543622971e+09
1.242729159845529646e-01 -2.924077668323224068e+09 1.075600372402110577e+09
1.259354224239715991e-01 -3.103080437927563667e+09 1.067081913852345109e+09
1.275979289602855449e-01 -3.184953680745012283e+09 1.060167169250591755e+09
1.292604355897561952e-01 -3.178325799176006317e+09 1.054768586824334383e+09
1.309229423088349165e-01 -3.092078489011278152e+09 1.050728199047388196e+09
1.325854491141509606e-01 -2.935249674074618340e+09 1.047832028010450721e+09
1.342479560025006402e-01 -2.716939193980893612e+09 1.045826750446867704e+09
1.359104629708369483e-01 -2.446218145229008675e+09 1.044437067306469202e+09
1.375729700162601765e-01 -2.132042696792213678e+09 1.043382386125101805e+09
1.392354771360091448e-01 -1.783173115775597334e+09 1.042391736487058997e+09
1.408979843274529020e-01 -1.408098647930010557e+09 1.041216212731517911e+09
1.425604915880832879e-01 -1.014968803182660699e+09 1.039638597720168948e+09
1.442229989155077718e-01 -6.115314992189123631e+08 1.037480117455127597e+09
1.458855063074428748e-01 -2.050784178526780605e+08 1.034604487921543479e+09
1.475480137617080634e-01 1.976021692812380195e+08 1.030919544600072384e+09
1.492105212762198374e-01 5.902649460485684872e+08 1.026376806641146421e+09
1.508730288489867621e-01 9.672394028880426884e+08 1.020969341358588219e+09
1.525355364781040279e-01 1.323454019219350815e+09 1.014728279196834445e+09
1.541980441617490649e-01 1.654452889120019197e+09 1.007718299557295918e+09
1.558605518981770188e-01 1.956404983148814440e+09 1.000032374215214133e+09
1.575230596857167542e-01 2.226106314011578083e+09 9.917860237685806751e+08
1.591855675227668576e-01 2.460975341795079708e+09 9.831113165336134434e+08
1.608480754077921959e-01 2.659042015215345383e+09 9.741508189999938011e+08
1.625105833393203636e-01 2.818930898341134071e+09 9.650516911182115078e+08
1.641730913159387406e-01 2.939838877286601067e+09 9.559601059352083206e+08
1.658355993362912173e-01 3.021507978222243309e+09 9.470161584589000940e+08
1.674981073990755853e-01 3.064193856742622852e+09 9.383494101355459690e+08
1.691606155030408176e-01 3.068630539132009983e+09 9.300751904920312166e+08
1.708231236469845982e-01 3.035992008630505562e+09 9.222917449419621229e+08
1.724856318297508795e-01 2.967851234603960514e+09 9.150782776485882998e+08
1.741481400502279120e-01 2.866137239979889393e+09 9.084938926116430759e+08
1.758106483073458848e-01 2.733090792771407604e+09 9.025773883797117472e+08
1.774731566000750660e-01 2.571219291545656204e+09 8.973478166904224157e+08
1.791356649274240265e-01 2.383251392763260365e+09 8.928056779170317650e+08
1.807981732884377246e-01 2.172091900695832729e+09 8.889346007433617115e+08
1.824606816821959798e-01 1.940777408677705050e+09 8.857033427758829594e+08
1.841231901078118072e-01 1.692433144475108624e+09 8.830679534731534719e+08
1.857856985644300296e-01 1.430231433198258400e+09 8.809739593366349936e+08
1.874482070512257237e-01 1.157352149131194115e+09 8.793584604526375532e+08
1.891107155674030538e-01 8.769454837750649452e+08 8.781520627865161896e+08
1.907732241121938566e-01 5.920973119584940672e+08 8.772806073885895014e+08
1.924357326848565586e-01 3.057973916948957443e+08 8.766666915871853828e+08
1.940982412846749550e-01 2.091058717715971172e+07 8.762310050019977093e+08
1.957607499109572380e-01 -2.598487415311182439e+08 8.758935227234861851e+08
1.974232585630348313e-01 -5.339390833911685348e+08 8.755746084769233465e+08
1.990857672402615297e-01 -7.990108005099980831e+08 8.751960823260767460e+08
2.007482759420124996e-01 -1.052921817559360743e+09 8.746823016458153725e+08
2.024107846676835298e-01 -1.293750001688632011e+09 8.739612924050506353e+08
2.040732934166899215e-01 -1.519802294590534925e+09 8.729659522004120350e+08
2.057358021884660160e-01 -1.729620691933640003e+09 8.716353288989282846e+08
2.073983109824642512e-01 -1.921985195743282318e+09 8.699159608998093605e+08
2.090608197981545235e-01 -2.095913892381402254e+09 8.677632483096361160e+08
2.107233286350234380e-01 -2.250660332380520821e+09 8.651428097464224100e+08
2.123858374925735870e-01 -2.385708408481035709e+09 8.620317676952654123e+08
2.140483463703231337e-01 -2.500764944782883644e+09 8.584198966601296663e+08
2.157108552678049240e-01 -2.595750222983740807e+09 8.543105629187813997e+08
2.173733641845664311e-01 -2.670786681283099651e+09 8.497213825168464184e+08
2.190358731201685061e-01 -2.726186027833927155e+09 8.446845252671438456e+08
2.206983820741854618e-01 -2.762435013705648899e+09 8.392465971249307394e+08
2.223608910462041566e-01 -2.780180110421608925e+09 8.334680417277804613e+08
2.240234000358239386e-01 -2.780211334373250484e+09 8.274220146776646376e+08
2.256859090426557024e-01 -2.763445455087159634e+09 8.211927019873124361e+08
2.273484180663219723e-01 -2.730908816588675022e+09 8.148730777008093596e+08
2.290109271064561247e-01 -2.683719991275736332e+09 8.085621254024558067e+08
2.306734361627020280e-01 -2.623072473999046326e+09 8.023615839283875227e+08
2.323359452347137921e-01 -2.550217610719013214e+09 7.963723177848931551e+08
2.339984543221555469e-01 -2.466447941432873249e+09 7.906904548827966452e+08
2.356609634247005536e-01 -2.373081121279253006e+09 7.854034739826390743e+08
2.373234725420314828e-01 -2.271444567099341393e+09 7.805864561524453163e+08
2.389859816738397480e-01 -2.162860959489302635e+09 7.762987323602627516e+08
2.406484908198254224e-01 -2.048634712756787777e+09 7.725811574073303938e+08
2.423109999796965175e-01 -1.930039507398139238e+09 7.694542150897709131e+08
2.439735091531692601e-01 -1.808306961973726749e+09 7.669171104503592253e+08
2.456360183399674824e-01 -1.684616503714464664e+09 7.649479360301234722e+08
2.472985275398224547e-01 -1.560086480067765713e+09 7.635049178101056814e+08
2.489610367524725254e-01 -1.435766536799940586e+09 7.625286632528058290e+08
2.506235459776631203e-01 -1.312631272359050751e+09 7.619452591944541931e+08
2.522860552151463542e-01 -1.191575163107409239e+09 7.616700102262341976e+08
2.539485644646808371e-01 -1.073408739824635983e+09 7.616115740673984289e+08
2.556110737260313126e-01 -9.588559826806714535e+08 7.616762405181897879e+08
2.572735829989687417e-01 -8.485528897335114479e+08 7.617721123141655922e+08
2.589360922832700251e-01 -7.430471629828447104e+08 7.618129744039109945e+08
2.605986015787175591e-01 -6.427989461652646065e+08 7.617216765901588202e+08
2.622611108850994577e-01 -5.481825398115720749e+08 7.614328971938536167e+08
2.639236202022091082e-01 -4.594890116608296633e+08 7.608951978136328459e+08
2.655861295298450053e-01 -3.769296143222225904e+08 7.600723184618854523e+08
2.672486388678106950e-01 -3.006399170987476707e+08 7.589436971456780434e+08
2.689111482159146083e-01 -2.306845551515556574e+08 7.575042284154169559e+08
2.705736575739698391e-01 -1.670624966400088370e+08 7.557633024299674034e+08
2.722361669417941443e-01 -1.097127271308243126e+08 7.537431908604540825e+08
2.738986763192096108e-01 -5.852025037654560059e+07 7.514768694755731821e+08
2.755611857060425440e-01 -1.332230550083316676e+07 7.490053899556562901e+08
2.772236951021236906e-01 2.608529735994143412e+07 7.463749350235655308e+08
2.788862045072874607e-01 5.994181786325913668e+07 7.436337101106530428e+08
2.805487139213725944e-01 8.851529358698423207e+07 7.408288394617928267e+08
2.822112233442213292e-01 1.120964014096900225e+08 7.380034422482702732e+08
2.838737327756796214e-01 1.309925522736022770e+08 7.351940622873911858e+08
2.855362422155972579e-01 1.455222928773211539e+08 7.324286112467892170e+08
2.871987516638271343e-01 1.560100805608361363e+08 7.297249587946932316e+08
2.888612611202258651e-01 1.627814897361956239e+08 7.270902646658879519e+08
2.905237705846532292e-01 1.661588997743698061e+08 7.245210994788365364e+08
2.921862800569720031e-01 1.664577053842603564e+08 7.220043473516926765e+08
2.938487895370484604e-01 1.639830813006651402e+08 7.195188289015254974e+08
2.955112990247516502e-01 1.590273236478375196e+08 7.170375332274781466e+08
2.971738085199533974e-01 1.518677807695432305e+08 7.145303063808877468e+08
2.988363180225286353e-01 1.427653767274112105e+08 7.119668146549403667e+08
3.004988275323551283e-01 1.319637211763905436e+08 7.093195850823974609e+08
3.021613370493130279e-01 1.196887900500786155e+08 7.065669224879393578e+08
3.038238465732852611e-01 1.061491525418622792e+08 7.036955107579654455e+08
3.054863561041573639e-01 9.153671135862343013e+07 7.007025235692390203e+08
3.071488656418173702e-01 7.602791526734286547e+07 6.975970945889005661e+08
3.088113751861554790e-01 5.978539566082888842e+07 6.944010276454254389e+08
3.104738847370644983e-01 4.295997231605935097e+07 6.911486628797671795e+08
3.121363942944395120e-01 2.569296783113303035e+07 6.878858555127829313e+08
3.137989038581776025e-01 8.118765451841711067e+06 6.846680700976310968e+08
3.154614134281782389e-01 -9.632458763917390257e+06 6.815576452730902433e+08
3.171239230043430002e-01 -2.743190120632924139e+07 6.786203414430353642e+08
3.187864325865753523e-01 -4.514926676180474460e+07 6.759213440938278437e+08
3.204489421747808708e-01 -6.264994947489632666e+07 6.735209539925712347e+08
3.221114517688670742e-01 -7.979233096652017534e+07 6.714702453933154345e+08
3.237739613687434237e-01 -9.642526790115448833e+07 6.698070062298380136e+08
3.254364709743211015e-01 -1.123858368200065047e+08 6.685522817868235111e+08
3.270989805855132326e-01 -1.274974005611991286e+08 6.677078194802428484e+08
3.287614902022346075e-01 -1.415680553507149220e+08 6.672546555064671040e+08
3.304239998244018484e-01 -1.543895114922517538e+08 6.671529983930743933e+08
3.320865094519330207e-01 -1.657364535394011140e+08 6.673434597352362871e+08
3.337490190847480775e-01 -1.753664179382172525e+08 6.677495723419234753e+08
3.354115287227684150e-01 -1.830202175403416455e+08 6.682814352460826635e+08
3.370740383659170392e-01 -1.884229331782220602e+08 6.688402456981028318e+08
3.387365480141183438e-01 -1.912854828302394450e+08 6.693234275914088488e+08
3.403990576672984991e-01 -1.913067688888270557e+08 6.696300451019673347e+08
3.420615673253846745e-01 -1.881763938509109616e+08 6.696661957811179161e+08
3.437240769883058711e-01 -1.815779244910983443e+08 6.693501016687256098e+08
3.453865866559921449e-01 -1.711926744445891678e+08 6.686166518327003717e+08
3.470490963283750507e-01 -1.567039652189789116e+08 6.674211876059373617e+08
3.487116060053874755e-01 -1.378018161736984253e+08 6.657423574297038317e+08
3.503741156869634166e-01 -1.141880050438924283e+08 6.635838992449202538e+08
3.520366253730383144e-01 -8.558143233271732926e+07 6.609752353027067184e+08
3.536991350635486642e-01 -5.172371543244320154e+07 6.579707901990189552e+08
3.553616447584322380e-01 -1.238493182819406874e+07 6.546479729560508728e+08
3.570241544576279180e-01 3.263057473531899974e+07 6.511038043304461241e+08
3.586866641610758633e-01 8.347841557142749429e+07 6.474502274461185932e+08
3.603491738687170098e-01 1.402684993970564604e+08 6.438082178457987309e+08
3.620116835804937372e-01 2.030595910576089025e+08 6.403009087757476568e+08
3.636741932963493684e-01 2.718541824431865215e+08 6.370460634576981068e+08
3.653367030162280593e-01 3.465937704851018786e+08 6.341483449556170702e+08
3.669992127400752979e-01 4.271546348132264614e+08 6.316919351251430511e+08
3.686617224678372939e-01 5.133442039406674504e+08 6.297341116711574793e+08
3.703242321994613118e-01 6.048980937723956108e+08 6.283003829604893923e+08
3.719867419348956150e-01 7.014778958156868219e+08 6.273816902297474146e+08
3.736492516740893000e-01 8.026697848006567955e+08 6.269340193024351597e+08
3.753117614169925176e-01 9.079840065304383039e+08 6.268805410823773146e+08
3.769742711635561405e-01 1.016855296810601473e+09 6.271161588634170294e+08
3.786367809137318741e-01 1.128644271328629494e+09 6.275141223776812553e+08
3.802992906674724227e-01 1.242639814528164864e+09 6.279342075446021557e+08
3.819618004247312126e-01 1.358062482945931435e+09 6.282318746608296633e+08
3.836243101854625026e-01 1.474068925358492374e+09 6.282678046730160713e+08
3.852868199496213841e-01 1.589757308523558140e+09 6.279172560450158119e+08
3.869493297171635593e-01 1.704173723530023575e+09 6.270787583572618961e+08
3.886118394880457849e-01 1.816319533905643225e+09 6.256817377602492571e+08
3.902743492622252064e-01 1.925159612930673122e+09 6.236927340308389664e+08
3.919368590396599683e-01 2.029631404168953657e+09 6.211199081803882122e+08
3.935993688203087704e-01 2.128654726328561068e+09 6.180155518286662102e+08
3.952618786041311449e-01 2.221142231307064533e+09 6.144763027922006845e+08
3.969243883910870685e-01 2.306010412905397415e+09 6.106407627257171869e+08
3.985868981811374612e-01 2.382191053323379517e+09 6.066842283834179640e+08
4.002494079742436872e-01 2.448642985391652584e+09 6.028103217332615852e+08
4.019119177703678880e-01 2.504364040654297829e+09 5.992394716091134548e+08
4.035744275694727046e-01 2.548403047055129051e+09 5.961944876632431746e+08
4.052369373715214440e-01 2.579871735205843449e+09 5.938838762887120247e+08
4.068994471764781906e-01 2.597956409127110958e+09 5.924840317816786766e+08
4.085619569843071952e-01 2.601929236018760681e+09 5.921218917758920193e+08
4.102244667949735413e-01 2.591159010132659435e+09 5.928599292750432491e+08
4.118869766084432005e-01 2.565121248137357712e+09 5.946853246886618137e+08
4.135494864246819224e-01 2.523407477616370201e+09 5.975047522694610357e+08
4.152119962436567890e-01 2.465733586361479282e+09 6.011454821564067602e+08
4.168745060653349932e-01 2.391947108022334099e+09 6.053626194656894207e+08
4.185370158896842829e-01 2.302033329254096508e+09 6.098515089009687901e+08
4.201995257166728504e-01 2.196120114789873123e+09 6.142638197153855562e+08
4.218620355462696647e-01 2.074481359633850336e+09 6.182256720796543360e+08
4.235245453784438063e-01 1.937538991813006401e+09 6.213563302469282150e+08
4.251870552131651881e-01 1.785863464524898291e+09 6.232863509241480827e+08
4.268495650504041117e-01 1.620172693098129511e+09 6.236745026533225775e+08
4.285120748901312115e-01 1.441329409520956278e+09 6.222231615013204813e+08
4.301745847323175664e-01 1.250336925433252811e+09 6.186921862514472008e+08
4.318370945769347546e-01 1.048333312935467601e+09 6.129114700596897602e+08
4.334996044239549096e-01 8.365840313947428465e+08 6.047924650481485128e+08
4.351621142733504422e-01 6.164730470991027355e+08 5.943389945651401281e+08
4.368246241250944295e-01 3.894925111889456511e+08 5.816576046611361504e+08
4.384871339791597822e-01 1.572310792357769907e+08 5.669675347692227364e+08
4.401496438355204099e-01 -7.863902677681387961e+07 5.506100407209029198e+08
4.418121536941504446e-01 -3.163760970385538936e+08 5.330561639150142670e+08
4.434746635550242400e-01 -5.541840207394174337e+08 5.149109478914497495e+08
4.451371734181167605e-01 -7.902282350747884512e+08 4.969104176825574040e+08
4.467996832834031928e-01 -1.022652377975661993e+09 4.799054393460214138e+08
4.484621931508591675e-01 -1.249595475671039343e+09 4.648245884833762646e+08
4.501247030204606481e-01 -1.469209487375346661e+09 4.526082738858528137e+08
4.517872128921838204e-01 -1.679677022873304367e+09 4.441116127811496854e+08
4.534497227660054253e-01 -1.879229044032658100e+09 4.399860625567530990e+08
4.551122326419027031e-01 -2.066162359090923071e+09 4.405663741089805365e+08
4.567747425198525613e-01 -2.238856718216949463e+09 4.457989755711057782e+08
4.584372523998329063e-01 -2.395791321192658901e+09 4.552385094497953057e+08
4.600997622818217003e-01 -2.535560552201567650e+09 4.681124258514058590e+08
4.617622721657972384e-01 -2.656888763587346554e+09 4.834271703039004803e+08
4.634247820517383154e-01 -2.758643938905211449e+09 5.000808709988585711e+08
4.650872919396236149e-01 -2.839850076787887573e+09 5.169570853671044707e+08
4.667498018294323758e-01 -2.899698149549160004e+09 5.329901318699020147e+08
4.684123117211442255e-01 -2.937555505518454075e+09 5.472043240859220028e+08
4.700748216147389580e-01 -2.952973599868467331e+09 5.587342674507043362e+08
4.717373315101965336e-01 -2.945693957022293091e+09 5.668334286606123447e+08
4.733998414074974126e-01 -2.915652286060297012e+09 5.708763164910522699e+08
4.750623513066224435e-01 -2.862980691385206223e+09 5.703575774573152065e+08
4.767248612075521974e-01 -2.788007940827331543e+09 5.648897700910466909e+08
4.783873711102680226e-01 -2.691257775896470070e+09 5.542006031334419250e+08
4.800498810147514894e-01 -2.573445269265545845e+09 5.381298753539801836e+08
4.817123909209840571e-01 -2.435471257956117153e+09 5.166260815845527053e+08
4.833749008289477955e-01 -2.278414900230252266e+09 4.897425399124211669e+08
4.850374107386249412e-01 -2.103524427763603449e+09 4.576328693256531358e+08
4.866999206499977859e-01 -1.912206181771865845e+09 4.205456689511906505e+08
4.883624305630492324e-01 -1.706012045348549604e+09 3.788182869062553644e+08
4.900249404777619611e-01 -1.486625396639907360e+09 3.328696176882746816e+08
4.916874503941192631e-01 -1.255845732340030193e+09 2.831919106474528909e+08
4.933499603121045407e-01 -1.015572114010183096e+09 2.303416286328265965e+08
4.950124702317013070e-01 -7.677856224429396391e+08 1.749294407032286823e+08
4.966749801528934083e-01 -5.145309816477751136e+08 1.176096035873441547e+08
4.983374900756649684e-01 -2.578976111058194339e+08 5.907016316360171139e+07
