# r [arcsec]	I [Jy/sr]	I_uncer [Jy/sr]
1.272617859314095550e-03 1.749726677224836121e+11 4.531518008784393311e+09
2.921189009106442414e-03 1.744411742911211243e+11 4.505299325968280792e+09
4.579495862547155495e-03 1.734881212640935364e+11 4.458478314877061844e+09
6.240002426697914550e-03 1.721186597606884155e+11 4.391578364449326515e+09
7.901343393063876494e-03 1.703404562842048950e+11 4.305374914930983543e+09
9.563088128690054243e-03 1.681634661334549561e+11 4.200873397580626965e+09
1.122505851373705593e-02 1.655998405463978577e+11 4.079298914980849266e+09
1.288716767388508287e-02 1.626638298769072876e+11 3.942085998210866451e+09
1.454936822595933807e-02 1.593716730625833740e+11 3.790867942719761848e+09
1.621163214106096165e-02 1.557414727771381836e+11 3.627466176397706032e+09
1.787394178310437384e-02 1.517930570628986206e+11 3.453880328536741734e+09
1.953628550253095827e-02 1.475478286205802307e+11 3.272279760402029991e+09
2.119865529577967186e-02 1.430286031098405762e+11 3.084997314594223976e+09
2.286104548286438387e-02 1.382594379291453247e+11 2.894525865220973969e+09
2.452345192144544592e-02 1.332654530295130463e+11 2.703517733796464443e+09
2.618587151961204035e-02 1.280726453819219818e+11 2.514785863869770527e+09
2.784830192283991451e-02 1.227076987649404907e+11 2.331303303293847084e+09
2.951074130657948408e-02 1.171977905680336914e+11 2.156193298357693672e+09
3.117318823511218417e-02 1.115703973173605804e+11 1.992695463812658310e+09
3.283564156322602012e-02 1.058531006246830444e+11 1.844084329656813145e+09
3.449810036628684490e-02 1.000733952368089447e+11 1.713508523412579060e+09
3.616056388957845924e-02 9.425850082301519775e+10 1.603721693545737743e+09
3.782303151098994481e-02 8.843517908190875244e+10 1.516706115218183517e+09
3.948550271312052662e-02 8.262955767789625549e+10 1.453256463320269585e+09
4.114797706214112089e-02 7.686696243180717468e+10 1.412669402150397539e+09
4.281045419157746001e-02 7.117175909135591125e+10 1.392703312914839983e+09
4.447293378972808769e-02 6.556720589624542999e+10 1.389874756169406414e+09
4.613541558980088775e-02 6.007531803115066528e+10 1.399993848387835264e+09
4.779789936210682849e-02 5.471674492907018280e+10 1.418740891866486549e+09
4.946038490782722619e-02 4.951066124904364777e+10 1.442117754531638384e+09
5.112287205399637657e-02 4.447467220772153473e+10 1.466711336593332767e+09
5.278536064943199074e-02 3.962473379523403168e+10 1.489792740166739464e+09
5.444785056141081270e-02 3.497508825407968140e+10 1.509309304218972445e+09
5.611034167293492414e-02 3.053821504683950424e+10 1.523822250405945778e+09
5.777283388046990098e-02 2.632479738624018478e+10 1.532425087856848240e+09
5.943532709206246489e-02 2.234370425092317200e+10 1.534661615664314508e+09
6.109782122576532665e-02 1.860198766391944885e+10 1.530451535093131542e+09
6.276031620831216962e-02 1.510489486970381355e+10 1.520025720440535784e+09
6.442281197399798987e-02 1.185589491124756432e+10 1.503870366359214544e+09
6.608530846372812073e-02 8.856718982050746918e+09 1.482678097374583244e+09
6.774780562420743002e-02 6.107413810858785629e+09 1.457303804948129416e+09
6.941030340724584080e-02 3.606407229776526451e+09 1.428723009897896290e+09
7.107280176916151715e-02 1.350584980682566643e+09 1.397990748491932392e+09
7.273530067026563739e-02 -6.646222689675394297e+08 1.366199328485035896e+09
7.439780007441634813e-02 -2.445142801051900387e+09 1.334433868299855947e+09
7.606029994863128252e-02 -3.998159770614628315e+09 1.303725420243700027e+09
7.772280026274960840e-02 -5.332000381482584000e+09 1.275002742576157808e+09
7.938530098913672284e-02 -6.456019547636974335e+09 1.249045338300329685e+09
8.104780210242505667e-02 -7.380479291796852112e+09 1.226441908264771938e+09
8.271030357928650656e-02 -8.116425136753759384e+09 1.207559338960422516e+09
8.437280539823126257e-02 -8.675560735934152603e+09 1.192527173235787153e+09
8.603530753943039455e-02 -9.070121967912782669e+09 1.181240868111850500e+09
8.769780998455847798e-02 -9.312751685745655060e+09 1.173384260424085140e+09
8.936031271665356712e-02 -9.416376266721010208e+09 1.168468363882691622e+09
9.102281571999285004e-02 -9.394085052261274338e+09 1.165880988196407795e+09
9.268531897998151525e-02 -9.259013702155340195e+09 1.164940500653512001e+09
9.434782248305331742e-02 -9.024232413073825836e+09 1.164947500167272329e+09
9.601032621658157906e-02 -8.702639869466556549e+09 1.165229790118651867e+09
9.767283016879922675e-02 -8.306863706607951164e+09 1.165178091023256302e+09
9.933533432872686253e-02 -7.849168171916143417e+09 1.164271791792627096e+09
1.009978386861079547e-01 -7.341369572900272369e+09 1.162095352532840729e+09
1.026603432313502873e-01 -6.794759999430102348e+09 1.158346681662902594e+09
1.043228479554730720e-01 -6.220039705645992279e+09 1.152839030997405052e+09
1.059853528500589448e-01 -5.627258433963503838e+09 1.145497858422242403e+09
1.076478579072105424e-01 -5.025765861382894516e+09 1.136353856707504511e+09
1.093103631195108394e-01 -4.424171247871260643e+09 1.125533051423224211e+09
1.109728684799872744e-01 -3.830312268926767349e+09 1.113244598833784103e+09
1.126353739820789568e-01 -3.251232920621465683e+09 1.099766702096990585e+09
1.142978796196066349e-01 -2.693170296308344364e+09 1.085430928751319408e+09
1.159603853867454265e-01 -2.161549950641678810e+09 1.070605162967267394e+09
1.176228912779997832e-01 -1.660989489295743465e+09 1.055675465714675069e+09
1.192853972881804531e-01 -1.195309952443817854e+09 1.041027241410636663e+09
1.209479034123834701e-01 -7.675544971817399263e+08 1.027026305176996231e+09
1.226104096459709192e-01 -3.800138290976001620e+08 1.014000676540129304e+09
1.242729159845529646e-01 -3.425778640256687999e+07 1.002224137855899453e+09
1.259354224239715991e-01 2.688275583239741325e+08 9.919027176848831177e+08
1.275979289602855449e-01 5.289979435758765340e+08 9.831652205527570248e+08
1.292604355897561952e-01 7.466047976689786911e+08 9.760586816194568872e+08
1.309229423088349165e-01 9.225456498245903254e+08 9.705491858458083868e+08
1.325854491141509606e-01 1.058211777289958715e+09 9.665279255775647163e+08
1.342479560025006402e-01 1.155433788929992199e+09 9.638217934894661903e+08
1.359104629708369483e-01 1.216425834872582912e+09 9.622073442974158525e+08
1.375729700162601765e-01 1.243729113804319620e+09 9.614267001234914064e+08
1.392354771360091448e-01 1.240155324890670300e+09 9.612039513246108294e+08
1.408979843274529020e-01 1.208730680598952770e+09 9.612607845426993370e+08
1.425604915880832879e-01 1.152641060558362722e+09 9.613303787838382721e+08
1.442229989155077718e-01 1.075178845623200417e+09 9.611689638179092407e+08
1.458855063074428748e-01 9.796919262233475447e+08 9.605647632855013609e+08
1.475480137617080634e-01 8.695353305642528534e+08 9.593443053121836185e+08
1.492105212762198374e-01 7.480258669978814125e+08 9.573762615271126032e+08
1.508730288489867621e-01 6.184001216382817030e+08 9.545730768024814129e+08
1.525355364781040279e-01 4.837760977268574834e+08 9.508906932618288994e+08
1.541980441617490649e-01 3.471187280857374668e+08 9.463266727569047213e+08
1.558605518981770188e-01 2.112094368363114297e+08 9.409169999686630964e+08
1.575230596857167542e-01 7.861987211058852077e+07 9.347318175756813288e+08
1.591855675227668576e-01 -4.831012172949698567e+07 9.278703153580155373e+08
1.608480754077921959e-01 -1.674902752233549058e+08 9.204549727190152407e+08
1.625105833393203636e-01 -2.770934402051941752e+08 9.126253419618546963e+08
1.641730913159387406e-01 -3.755649896440809965e+08 9.045315583307845592e+08
1.658355993362912173e-01 -4.616281922098457217e+08 8.963277708128706217e+08
1.674981073990755853e-01 -5.342857224077556729e+08 8.881657015924748182e+08
1.691606155030408176e-01 -5.928175028980207443e+08 8.801885567835682631e+08
1.708231236469845982e-01 -6.367751073331342936e+08 8.725255203648512363e+08
1.724856318297508795e-01 -6.659729795910804272e+08 8.652870604704297781e+08
1.741481400502279120e-01 -6.804767484893822670e+08 8.585612566195111275e+08
1.758106483073458848e-01 -6.805889359364415407e+08 8.524113147161657810e+08
1.774731566000750660e-01 -6.668323709662277699e+08 8.468743740078653097e+08
1.791356649274240265e-01 -6.399316323042114973e+08 8.419616312156695127e+08
1.807981732884377246e-01 -6.007928480850437880e+08 8.376597201975483894e+08
1.824606816821959798e-01 -5.504821832802027464e+08 8.339332016085371971e+08
1.841231901078118072e-01 -4.902033434308151603e+08 8.307279469866467714e+08
1.857856985644300296e-01 -4.212744176829611659e+08 8.279751541774415970e+08
1.874482070512257237e-01 -3.451043751140080690e+08 8.255957105841418505e+08
1.891107155674030538e-01 -2.631695162136204243e+08 8.235046273213154078e+08
1.907732241121938566e-01 -1.769901664380290806e+08 8.216152967275305986e+08
1.924357326848565586e-01 -8.810788131228923798e+07 8.198433709701867104e+08
1.940982412846749550e-01 1.936587058964109514e+06 8.181101128231613636e+08
1.957607499109572380e-01 9.162433365560345352e+07 8.163451239480136633e+08
1.974232585630348313e-01 1.794781488940784931e+08 8.144884056650797129e+08
1.990857672402615297e-01 2.640809902646579742e+08 8.124917488683977127e+08
2.007482759420124996e-01 3.440929207412248850e+08 8.103194819969549179e+08
2.024107846676835298e-01 4.182663828321442604e+08 8.079486289756567478e+08
2.040732934166899215e-01 4.854597026975296140e+08 8.053685439301511049e+08
2.057358021884660160e-01 5.446487441822540760e+08 8.025800979218539000e+08
2.073983109824642512e-01 5.949366576456100941e+08 7.995944966772456169e+08
2.090608197981545235e-01 6.355616928251960278e+08 7.964318088684985638e+08
2.107233286350234380e-01 6.659030684370403290e+08 7.931192831728631258e+08
2.123858374925735870e-01 6.854849135613573790e+08 7.896895299372650385e+08
2.140483463703231337e-01 6.939783169096130133e+08 7.861786402821331024e+08
2.157108552678049240e-01 6.912015396540455818e+08 7.826243120245227814e+08
2.173733641845664311e-01 6.771184654825141430e+08 7.790640477846155167e+08
2.190358731201685061e-01 6.518353778189170361e+08 7.755334857848541737e+08
2.206983820741854618e-01 6.155961686286284924e+08 7.720649178292745352e+08
2.223608910462041566e-01 5.687760958557529449e+08 7.686860414725452662e+08
2.240234000358239386e-01 5.118742172812960744e+08 7.654189842810971737e+08
2.256859090426557024e-01 4.455046374253653884e+08 7.622796273958092928e+08
2.273484180663219723e-01 3.703867110707365274e+08 7.592772435749008656e+08
2.290109271064561247e-01 2.873343520650117397e+08 7.564144520171254873e+08
2.306734361627020280e-01 1.972445993361644745e+08 7.536874791952350140e+08
2.323359452347137921e-01 1.010855935755310208e+08 7.510867024150894880e+08
2.339984543221555469e-01 -1.158821033722447901e+05 7.485974416055496931e+08
2.356609634247005536e-01 -1.052871459526565522e+08 7.462009555681374073e+08
2.373234725420314828e-01 -2.133224974461157620e+08 7.438755920236543417e+08
2.389859816738397480e-01 -3.230960894020254016e+08 7.415980365023845434e+08
2.406484908198254224e-01 -4.334746543845390081e+08 7.393446034113719463e+08
2.423109999796965175e-01 -5.433299543394178152e+08 7.370925132592490911e+08
2.439735091531692601e-01 -6.515508303645043373e+08 7.348211026681326628e+08
2.456360183399674824e-01 -7.570547383197742701e+08 7.325129180294204950e+08
2.472985275398224547e-01 -8.587986655387462378e+08 7.301546490681087971e+08
2.489610367524725254e-01 -9.557893340645844936e+08 7.277378648319228888e+08
2.506235459776631203e-01 -1.047092606485043287e+09 7.252595215022710562e+08
2.522860552151463542e-01 -1.131842021460305214e+09 7.227222188449411392e+08
2.539485644646808371e-01 -1.209246397298057795e+09 7.201341900996503830e+08
2.556110737260313126e-01 -1.278596453327461481e+09 7.175090187515367270e+08
2.572735829989687417e-01 -1.339270410251062632e+09 7.148650850538412333e+08
2.589360922832700251e-01 -1.390738541993274212e+09 7.122247554618128538e+08
2.605986015787175591e-01 -1.432566662751040936e+09 7.096133392466555834e+08
2.622611108850994577e-01 -1.464418543860554695e+09 7.070578482618384361e+08
2.639236202022091082e-01 -1.486057265677700043e+09 7.045856076628262997e+08
2.655861295298450053e-01 -1.497345519831684828e+09 7.022227766126205921e+08
2.672486388678106950e-01 -1.498244886885491133e+09 6.999928476803040504e+08
2.689111482159146083e-01 -1.488814123580048323e+09 6.979152006537750959e+08
2.705736575739698391e-01 -1.469206502371590137e+09 6.960037897218863964e+08
2.722361669417941443e-01 -1.439666253866083145e+09 6.942660414829829931e+08
2.738986763192096108e-01 -1.400524169962763548e+09 6.927020344242488146e+08
2.755611857060425440e-01 -1.352192432002243519e+09 6.913040183197560310e+08
2.772236951021236906e-01 -1.295158733952371836e+09 6.900563149799040556e+08
2.788862045072874607e-01 -1.229979775625604630e+09 6.889356211054873466e+08
2.805487139213725944e-01 -1.157274205099373579e+09 6.879117113036433458e+08
2.822112233442213292e-01 -1.077715092877125978e+09 6.869485164876861572e+08
2.838737327756796214e-01 -9.920220228967915773e+08 6.860055317855201960e+08
2.855362422155972579e-01 -9.009528872443437576e+08 6.850394902725409269e+08
2.871987516638271343e-01 -8.052954723847486973e+08 6.840062254160847664e+08
2.888612611202258651e-01 -7.058589248733631372e+08 6.828626365459192991e+08
2.905237705846532292e-01 -6.034651838886197805e+08 6.815686678767483234e+08
2.921862800569720031e-01 -4.989404665352796912e+08 6.800892120852137804e+08
2.938487895370484604e-01 -3.931068897430642843e+08 6.783958533903135061e+08
2.955112990247516502e-01 -2.867743097462648153e+08 6.764683716613498926e+08
2.971738085199533974e-01 -1.807324566207609773e+08 6.742959375288277864e+08
2.988363180225286353e-01 -7.574343719677953422e+07 6.718779383098558187e+08
3.004988275323551283e-01 2.746532507786772028e+07 6.692243855928966999e+08
3.021613370493130279e-01 1.282076500536598116e+08 6.663558677000186443e+08
3.038238465732852611e-01 2.258446031031036973e+08 6.633030243528397083e+08
3.054863561041573639e-01 3.197898884317764044e+08 6.601055372835712433e+08
3.071488656418173702e-01 4.095145888906270862e+08 6.568106497750792503e+08
3.088113751861554790e-01 4.945512146798638105e+08 6.534712504897958040e+08
3.104738847370644983e-01 5.744970305610783100e+08 6.501435822476029396e+08
3.121363942944395120e-01 6.490166386438406706e+08 6.468846637194828987e+08
3.137989038581776025e-01 7.178438013781828880e+08 6.437495394757424593e+08
3.154614134281782389e-01 7.807824970358279943e+08 6.407884987202781439e+08
3.171239230043430002e-01 8.377072075980814695e+08 6.380444218931664228e+08
3.187864325865753523e-01 8.885624465480294228e+08 6.355504234268834591e+08
3.204489421747808708e-01 9.333615414985922575e+08 6.333279550580196381e+08
3.221114517688670742e-01 9.721846938192460537e+08 6.313855152656036615e+08
3.237739613687434237e-01 1.005176344392989516e+09 6.297180766409608126e+08
3.254364709743211015e-01 1.032541881259803653e+09 6.283072966300165653e+08
3.270989805855132326e-01 1.054543731148011088e+09 6.271225226220779419e+08
3.287614902022346075e-01 1.071496882683015466e+09 6.261225457016242743e+08
3.304239998244018484e-01 1.083763894351006031e+09 6.252580047502498627e+08
3.320865094519330207e-01 1.091749445042045116e+09 6.244742993251050711e+08
3.337490190847480775e-01 1.095894489137744665e+09 6.237148393333169222e+08
3.354115287227684150e-01 1.096670081637844086e+09 6.229244432190984488e+08
3.370740383659170392e-01 1.094570941673278570e+09 6.220526932634978294e+08
3.387365480141183438e-01 1.090108824932570219e+09 6.210570642487831116e+08
3.403990576672984991e-01 1.083805776995018244e+09 6.199056570309638977e+08
3.420615673253846745e-01 1.076187340322306156e+09 6.185793885457916260e+08
3.437240769883058711e-01 1.067775787688244462e+09 6.170735122952678204e+08
3.453865866559921449e-01 1.059083454142633677e+09 6.153983675154476166e+08
3.470490963283750507e-01 1.050606238203004599e+09 6.135792813677798510e+08
3.487116060053874755e-01 1.042817340876212358e+09 6.116555780983277559e+08
3.503741156869634166e-01 1.036161308337881446e+09 6.096786842845470905e+08
3.520366253730383144e-01 1.031048440687520862e+09 6.077093620906326771e+08
3.536991350635486642e-01 1.027849625165629148e+09 6.058141540285516977e+08
3.553616447584322380e-01 1.026891647626709580e+09 6.040611823143823147e+08
3.570241544576279180e-01 1.028453030935607314e+09 6.025155100336004496e+08
3.586866641610758633e-01 1.032760443365639210e+09 6.012343333390694857e+08
3.603491738687170098e-01 1.039985714058749199e+09 6.002623243861191273e+08
3.620116835804937372e-01 1.050243486244752645e+09 5.996274729171582460e+08
3.636741932963493684e-01 1.063589532245446801e+09 5.993377707155414820e+08
3.653367030162280593e-01 1.080019747408154726e+09 5.993790419591522217e+08
3.669992127400752979e-01 1.099469833051809788e+09 5.997141447050038576e+08
3.686617224678372939e-01 1.121815671382359743e+09 6.002836625992798805e+08
3.703242321994613118e-01 1.146874388166253567e+09 6.010080858362791538e+08
3.719867419348956150e-01 1.174406091861411333e+09 6.017913636492147446e+08
3.736492516740893000e-01 1.204116270917180300e+09 6.025256131082127094e+08
3.753117614169925176e-01 1.235658824185199738e+09 6.030967015308620930e+08
3.769742711635561405e-01 1.268639692853932142e+09 6.033903860769150257e+08
3.786367809137318741e-01 1.302621056141345263e+09 6.032986908213915825e+08
3.802992906674724227e-01 1.337126047171485901e+09 6.027262204250555038e+08
3.819618004247312126e-01 1.371643940120255709e+09 6.015961397195197344e+08
3.836243101854625026e-01 1.405635754859038830e+09 5.998555795746448040e+08
3.852868199496213841e-01 1.438540221040215254e+09 5.974802528872078657e+08
3.869493297171635593e-01 1.469780039853859186e+09 5.944780751499273777e+08
3.886118394880457849e-01 1.498768378627680302e+09 5.908915802237908840e+08
3.902743492622252064e-01 1.524915531019996643e+09 5.867989061183792353e+08
3.919368590396599683e-01 1.547635673844496250e+09 5.823131048801337481e+08
3.935993688203087704e-01 1.566353650527825117e+09 5.775795176096051931e+08
3.952618786041311449e-01 1.580511710905427217e+09 5.727709686250623465e+08
3.969243883910870685e-01 1.589576137443132401e+09 5.680805954263224602e+08
3.985868981811374612e-01 1.593043689097743034e+09 5.637122683183858395e+08
4.002494079742436872e-01 1.590447795809232950e+09 5.598687833152742386e+08
4.019119177703678880e-01 1.581364439115616322e+09 5.567383324619766474e+08
4.035744275694727046e-01 1.565417657475320339e+09 5.544801313137720823e+08
4.052369373715214440e-01 1.542284618643255949e+09 5.532104373591387272e+08
4.068994471764781906e-01 1.511700205726106405e+09 5.529904181487621069e+08
4.085619569843071952e-01 1.473461068400567055e+09 5.538173187160512209e+08
4.102244667949735413e-01 1.427429096066730499e+09 5.556200798936276436e+08
4.118869766084432005e-01 1.373534275456553936e+09 5.582600071929943562e+08
4.135494864246819224e-01 1.311776901291790962e+09 5.615364105236630440e+08
4.152119962436567890e-01 1.242229114993346691e+09 5.651965024147055149e+08
4.168745060653349932e-01 1.165035753039870739e+09 5.689484089260754585e+08
4.185370158896842829e-01 1.080414493389768362e+09 5.724759873304008245e+08
4.201995257166728504e-01 9.886552952251508236e+08 5.754542394380834103e+08
4.218620355462696647e-01 8.901191342214258909e+08 5.775643754413080215e+08
4.235245453784438063e-01 7.852360423729270697e+08 5.785079170170831680e+08
4.251870552131651881e-01 6.745024681960221529e+08 5.780195452855787277e+08
4.268495650504041117e-01 5.584779796708230972e+08 5.758786494640733004e+08
4.285120748901312115e-01 4.377813386586607099e+08 5.719196993313840628e+08
4.301745847323175664e-01 3.130859815278454423e+08 5.660416531158111095e+08
4.318370945769347546e-01 1.851149464394818544e+08 5.582166326689376831e+08
4.334996044239549096e-01 5.463529296684124321e+07 5.484980544009207487e+08
4.351621142733504422e-01 -7.754793542301319540e+07 5.370282870859007835e+08
4.368246241250944295e-01 -2.105981512481281459e+08 5.240456837206835747e+08
4.384871339791597822e-01 -3.436540066499413848e+08 5.098904450538546443e+08
4.401496438355204099e-01 -4.758364590686990619e+08 4.950081358032698035e+08
4.418121536941504446e-01 -6.062560545703852177e+08 4.799487170770516992e+08
4.434746635550242400e-01 -7.340203625492445230e+08 4.653577005712211728e+08
4.451371734181167605e-01 -8.582414941078597307e+08 4.519547665697570443e+08
4.467996832834031928e-01 -9.780436358156000376e+08 4.404947404576053619e+08
4.484621931508591675e-01 -1.092570530393467665e+09 4.317076451135706902e+08
4.501247030204606481e-01 -1.200992836567200422e+09 4.262201455826234221e+08
4.517872128921838204e-01 -1.302515301432441235e+09 4.244698908199829459e+08
4.534497227660054253e-01 -1.396383680621138811e+09 4.266331170791490078e+08
4.551122326419027031e-01 -1.481891343838456631e+09 4.325875043504133224e+08
4.567747425198525613e-01 -1.558385506470294714e+09 4.419224114633105397e+08
4.584372523998329063e-01 -1.625273031289633274e+09 4.539915391480308771e+08
4.600997622818217003e-01 -1.682025748486046553e+09 4.679893935874180198e+08
4.617622721657972384e-01 -1.728185246474455595e+09 4.830300524568161368e+08
4.634247820517383154e-01 -1.763367091033027649e+09 4.982132323438183665e+08
4.650872919396236149e-01 -1.787264435270796299e+09 5.126719352786151767e+08
4.667498018294323758e-01 -1.799650988747662306e+09 5.256028062984181046e+08
4.684123117211442255e-01 -1.800383319501482487e+09 5.362833831109138131e+08
4.700748216147389580e-01 -1.789402469116296291e+09 5.440807174943786860e+08
4.717373315101965336e-01 -1.766734866624083757e+09 5.484548979815320969e+08
4.733998414074974126e-01 -1.732492533782781839e+09 5.489598170525574684e+08
4.750623513066224435e-01 -1.686872579890688181e+09 5.452425461502636671e+08
4.767248612075521974e-01 -1.630155991253195524e+09 5.370420100606143475e+08
4.783873711102680226e-01 -1.562705725687151670e+09 5.241872416109383702e+08
4.800498810147514894e-01 -1.484964129509306431e+09 5.065952733044918776e+08
4.817123909209840571e-01 -1.397449698998577118e+09 4.842686127635499239e+08
4.833749008289477955e-01 -1.300753215511256456e+09 4.572922099122214317e+08
4.850374107386249412e-01 -1.195533286733181953e+09 4.258298197007636428e+08
4.866999206499977859e-01 -1.082511334133447647e+09 3.901196833728852868e+08
4.883624305630492324e-01 -9.624660679047881365e+08 3.504694748819258213e+08
4.900249404777619611e-01 -8.362274995213423967e+08 3.072504928245833516e+08
4.916874503941192631e-01 -7.046705392839038372e+08 2.608911042251017988e+08
4.933499603121045407e-01 -5.687082392103452682e+08 2.118694865846953094e+08
4.950124702317013070e-01 -4.292847288463085890e+08 1.607057463648198843e+08
4.966749801528934083e-01 -2.873679218965898156e+08 1.079536619001485109e+08
4.983374900756649684e-01 -1.439420025358161032e+08 5.419355007576639205e+07
