# r [arcsec]	I [Jy/sr]	I_uncer [Jy/sr]
7.635707155884572869e-04 1.420431672105234375e+11 5.050706912693643570e+09
1.752713405463865535e-03 1.419477955139151306e+11 5.043304388174908638e+09
2.747697517528293124e-03 1.417763423239018555e+11 5.030220106648593903e+09
3.744001456018748210e-03 1.415289883315162659e+11 5.011415972024420738e+09
4.740806035838325549e-03 1.412060444344503479e+11 4.986930433207386971e+09
5.737852877214032199e-03 1.408079212904889221e+11 4.956828575063895226e+09
6.735035108242233212e-03 1.403351257947749634e+11 4.921194321251236916e+09
7.732300604331049723e-03 1.397882596797185364e+11 4.880128446310456276e+09
8.729620935575603535e-03 1.391680183367535706e+11 4.833747748315256119e+09
9.726979284636576642e-03 1.384751895702477417e+11 4.782184528549339294e+09
1.072436506986262396e-02 1.377106522214360962e+11 4.725586163778599739e+09
1.172177130151857462e-02 1.368753746468871155e+11 4.664114704378815651e+09
1.271919317746780104e-02 1.359704130485905457e+11 4.597946475429916382e+09
1.371662728971862963e-02 1.349969096567115631e+11 4.527271673754867554e+09
1.471407115286726616e-02 1.339560907677271423e+11 4.452293960626519203e+09
1.571152291176722282e-02 1.328492646414765930e+11 4.373230053106152534e+09
1.670898115370394663e-02 1.316778192611352997e+11 4.290309318778574944e+09
1.770644478394769322e-02 1.304432199605114441e+11 4.203773379768600941e+09
1.870391294106731050e-02 1.291470069233581238e+11 4.113875732747785568e+09
1.970138493793561346e-02 1.277907925597051392e+11 4.020881392250297070e+09
2.069886021977210624e-02 1.263762587644153595e+11 3.925066565121212959e+09
2.169633833374707416e-02 1.249051540634435730e+11 3.826718364278069973e+09
2.269381890659396411e-02 1.233792906534953918e+11 3.726134570145988941e+09
2.369130162787231458e-02 1.218005413409468231e+11 3.623623448053438663e+09
2.468878623728467184e-02 1.201708363861484222e+11 3.519503629404449463e+09
2.568627251494647393e-02 1.184921602593237000e+11 3.414104063406002522e+09
2.668376027383684984e-02 1.167665483145339050e+11 3.307764044233164787e+09
2.768124935388052710e-02 1.149960833882330322e+11 3.200833315416471004e+09
2.867873961726409571e-02 1.131828923291542664e+11 3.093672248406570435e+09
2.967623094469632947e-02 1.113291424663110046e+11 2.986652085048898697e+09
3.067372323239781970e-02 1.094370380220850220e+11 2.880155223217749119e+09
3.167121638965919583e-02 1.075088164773605652e+11 2.774575510029418468e+09
3.266871033684648484e-02 1.055467448958441162e+11 2.670318486585966110e+09
3.366620500376094755e-02 1.035531162146729431e+11 2.567801500731047153e+09
3.466370032828192810e-02 1.015302455085268402e+11 2.467453568486297131e+09
3.566119625523747616e-02 9.948046623443881226e+10 2.369714819966803551e+09
3.665869273545918627e-02 9.740612646453707886e+10 2.275035312083020687e+09
3.765618972498729899e-02 9.530958511393791199e+10 2.183872931117411137e+09
3.865368718439879392e-02 9.319320817098561096e+10 2.096690050205411434e+09
3.965118507823686689e-02 9.105936493700123596e+10 2.013948562603403568e+09
4.064868337452445801e-02 8.891042428266577148e+10 1.936102901780870438e+09
4.164618204434750171e-02 8.674875092806344604e+10 1.863590712051199198e+09
4.264368106149690751e-02 8.457670175338871765e+10 1.796820981792447329e+09
4.364118040215938382e-02 8.239662214713276672e+10 1.736159724755583763e+09
4.463868004464980471e-02 8.021084239858280945e+10 1.681913703813502550e+09
4.563617996917876396e-02 7.802167414120980835e+10 1.634313206454318285e+09
4.663368015764976504e-02 7.583140685349328613e+10 1.593495416021499157e+09
4.763118059348202954e-02 7.364230442350244141e+10 1.559490333384017944e+09
4.862868126145503123e-02 7.145660178345475769e+10 1.532211320263092041e+09
4.962618214757189700e-02 6.927650162023948669e+10 1.511452025566413879e+09
5.062368323893875338e-02 6.710417116774287415e+10 1.496890700472172737e+09
5.162118452365822840e-02 6.494173908662122345e+10 1.488101843128987551e+09
5.261868599073508262e-02 6.279129243690180206e+10 1.484574004344181538e+09
5.361618762999213750e-02 6.065487374864584351e+10 1.485731726903537989e+09
5.461368943199571002e-02 5.853447819563304901e+10 1.490959190340802670e+09
5.561119138798890221e-02 5.643205087677626801e+10 1.499623234710973501e+09
5.660869348983198907e-02 5.434948420978226471e+10 1.511093929749868631e+09
5.760619572994894744e-02 5.228861544125566101e+10 1.524761543112089872e+09
5.860369810127952911e-02 5.025122427722061920e+10 1.540049448388122320e+09
5.960120059723610780e-02 4.823903063775428772e+10 1.556423066690184116e+09
6.059870321166476587e-02 4.625369253913774109e+10 1.573395299121016979e+09
6.159620593881016265e-02 4.429680410667008209e+10 1.590529088172697544e+09
6.259370877328383764e-02 4.236989372097871399e+10 1.607437785323258638e+09
6.359121171003537243e-02 4.047442230039835358e+10 1.623783950495936394e+09
6.458871474432631432e-02 3.861178172166052246e+10 1.639277111201721191e+09
6.558621787170648698e-02 3.678329338088259125e+10 1.653670897299900055e+09
6.658372108799234801e-02 3.499020689649046326e+10 1.666759860965398550e+09
6.758122438924737962e-02 3.323369895547300720e+10 1.678376200382791042e+09
6.857872777176397816e-02 3.151487230400103378e+10 1.688386532958853245e+09
6.957623123204725868e-02 2.983475488319766617e+10 1.696688808788350105e+09
7.057373476679987268e-02 2.819429911049056244e+10 1.703209415222658157e+09
7.157123837290825519e-02 2.659438130674303436e+10 1.707900495662184000e+09
7.256874204743007928e-02 2.503580126898755264e+10 1.710737487200176716e+09
7.356624578758252930e-02 2.351928198836430740e+10 1.711716870006321192e+09
7.456374959073178155e-02 2.204546951250186157e+10 1.710854114364794254e+09
7.556125345438295671e-02 2.061493295136700439e+10 1.708181807549239159e+09
7.655875737617132137e-02 1.922816462524239731e+10 1.703747941133970499e+09
7.755626135385371156e-02 1.788558035329096222e+10 1.697614339093491316e+09
7.855376538530094155e-02 1.658751988082789803e+10 1.689855207603942633e+09
7.955126946849057357e-02 1.533424744320027924e+10 1.680555788450869322e+09
8.054877360150038135e-02 1.412595246387608528e+10 1.669811099134990692e+09
8.154627778250216064e-02 1.296275038412250519e+10 1.657724744014431477e+09
8.254378200975610869e-02 1.184468362138298988e+10 1.644407782039605856e+09
8.354128628160548131e-02 1.077172265323405075e+10 1.629977637811363697e+09
8.453879059647173566e-02 9.743767223574186325e+09 1.614557043816983700e+09
8.553629495284996442e-02 8.760647667470285416e+09 1.598273002810975790e+09
8.653379934930466311e-02 7.822126350881327629e+09 1.581255760454049349e+09
8.753130378446571935e-02 6.927899221267712593e+09 1.563637779566952944e+09
8.852880825702483247e-02 6.077597464917712212e+09 1.545552708765582085e+09
8.952631276573190522e-02 5.270789266622832298e+09 1.527134339899633646e+09
9.052381730939206006e-02 4.506981667173582077e+09 1.508515550677714586e+09
9.152132188686240566e-02 3.785622513987008095e+09 1.489827231198758125e+09
9.251882649704942785e-02 3.106102500021111012e+09 1.471197195842957258e+09
9.351633113890620019e-02 2.467757286001613140e+09 1.452749085121665239e+09
9.451383581143003865e-02 1.869869700852309942e+09 1.434601265575467587e+09
9.551134051366011457e-02 1.311672015113050222e+09 1.416865739567641258e+09
9.650884524467530368e-02 7.923482820200624466e+08 1.399647080640351534e+09
9.750635000359221538e-02 3.110367408377743959e+08 1.383041413776073456e+09
9.850385478956324992e-02 -1.331677230503085256e+08 1.367135463112096310e+09
9.950135960177472483e-02 -5.412110668528981209e+08 1.352005692068017244e+09
1.004988644394453484e-01 -9.140775334938168526e+08 1.337717562111254692e+09
1.014963693018244850e-01 -1.252787054802951097e+09 1.324324936181432486e+09
1.024938741881907395e-01 -1.558392620466827393e+09 1.311869650905444622e+09
1.034913790978505138e-01 -1.831977618432885170e+09 1.300381278033555746e+09
1.044888840301367444e-01 -2.074653152489593029e+09 1.289877090107558012e+09
1.054863889844075281e-01 -2.287555342717117310e+09 1.280362238450818062e+09
1.064838939600450257e-01 -2.471842614506417274e+09 1.271830143607938528e+09
1.074813989564544214e-01 -2.628692981793924332e+09 1.264263089904422760e+09
1.084789039730626181e-01 -2.759301330141618252e+09 1.257633007507907391e+09
1.094764090093175851e-01 -2.864876705217977047e+09 1.251902417901143551e+09
1.104739140646870815e-01 -2.946639612192187786e+09 1.247025512596878767e+09
1.114714191386579900e-01 -3.005819331464311123e+09 1.242949330671203613e+09
1.124689242307354287e-01 -3.043651256077643871e+09 1.239614998493498802e+09
1.134664293404418212e-01 -3.061374256066476345e+09 1.236958994925117254e+09
1.144639344673163139e-01 -3.060228074880434990e+09 1.234914407068306446e+09
1.154614396109139296e-01 -3.041450762915325165e+09 1.233412145067724228e+09
1.164589447708049563e-01 -3.006276153058546066e+09 1.232382089059877396e+09
1.174564499465743372e-01 -2.955931383020955086e+09 1.231754146692938805e+09
1.184539551378208933e-01 -2.891634469081079483e+09 1.231459205237043381e+09
1.194514603441569067e-01 -2.814591935727232456e+09 1.231429967801297426e+09
1.204489655652074831e-01 -2.725996505512284279e+09 1.231601668249923706e+09
1.214464708006100929e-01 -2.627024853277335644e+09 1.231912663868246555e+09
1.224439760500139196e-01 -2.518835428723522663e+09 1.232304908535416365e+09
1.234414813130795957e-01 -2.402566351131258488e+09 1.232724312093842030e+09
1.244389865894785369e-01 -2.279333379839340210e+09 1.233120993766658545e+09
1.254364918788927197e-01 -2.150227963899898052e+09 1.233449438954410791e+09
1.264339971810140573e-01 -2.016315374132146120e+09 1.233668569618226767e+09
1.274315024955441356e-01 -1.878632920590152740e+09 1.233741738841902494e+09
1.284290078221938525e-01 -1.738188258246757030e+09 1.233636660168175697e+09
1.294265131606829600e-01 -1.595957783496690035e+09 1.233325282018503189e+09
1.304240185107398697e-01 -1.452885123844952822e+09 1.232783617019652605e+09
1.314215238721010981e-01 -1.309879722949280977e+09 1.231991535448733807e+09
1.324190292445112660e-01 -1.167815522938902617e+09 1.230932531317712784e+09
1.334165346277224884e-01 -1.027529745728852153e+09 1.229593468906899214e+09
1.344140400214943465e-01 -8.898217748035492897e+08 1.227964316833974361e+09
1.354115454255934159e-01 -7.554521387289776802e+08 1.226037876052263021e+09
1.364090508397931834e-01 -6.251415974112643003e+08 1.223809507499716282e+09
1.374065562638736582e-01 -4.995703318992359638e+08 1.221276864485956430e+09
1.384040616976211779e-01 -3.793772382938492894e+08 1.218439634309386730e+09
1.394015671408282697e-01 -2.651593260950290561e+08 1.215299293023276806e+09
1.403990725932932893e-01 -1.574712210979694426e+08 1.211858876735144377e+09
1.413965780548203099e-01 -5.682477270979847014e+07 1.208122772304290533e+09
1.423940835252188730e-01 3.631123465276961774e+07 1.204096529801235676e+09
1.433915890043038488e-01 1.215112666622541696e+08 1.199786698607813120e+09
1.443890944918952424e-01 1.983931214561021924e+08 1.195200688554463387e+09
1.453865999878178883e-01 2.666179103047807813e+08 1.190346657021812201e+09
1.463841054919015339e-01 3.258899377862420678e+08 1.185233422462919950e+09
1.473816110039804783e-01 3.759564828962864876e+08 1.179870404338231325e+09
1.483791165238934340e-01 4.166074827307424545e+08 1.174267588999083996e+09
1.493766220514834986e-01 4.476751205682366490e+08 1.168435520596893549e+09
1.503741275865978499e-01 4.690333203843805790e+08 1.162385315655443430e+09
1.513716331290878014e-01 4.805971500101099610e+08 1.156128699504849434e+09
1.523691386788084967e-01 4.823221353371572495e+08 1.149678062357679129e+09
1.533666442356187709e-01 4.742034881377791762e+08 1.143046532397584438e+09
1.543641497993812339e-01 4.562752502513238192e+08 1.136248062870447397e+09
1.553616553699620206e-01 4.286093570394337177e+08 1.129297529794692993e+09
1.563591609472305133e-01 3.913146231679363847e+08 1.122210836571610451e+09
1.573566665310596746e-01 3.445356539349899888e+08 1.115005021456302881e+09
1.583541721213254649e-01 2.884516854805696011e+08 1.107698363566220522e+09
1.593516777179069810e-01 2.232753573661252558e+08 1.100310482851884842e+09
1.603491833206864003e-01 1.492514211219871044e+08 1.092862429241223335e+09
1.613466889295487594e-01 6.665538847911158949e+07 1.085376756002357244e+09
1.623441945443818979e-01 -2.420787689210303873e+07 1.077877572261020422e+09
1.633417001650764866e-01 -1.230056202233178765e+08 1.070390569567586422e+09
1.643392057915257498e-01 -2.293787050580790639e+08 1.062943017451943159e+09
1.653367114236255209e-01 -3.429431671590332985e+08 1.055563723054111838e+09
1.663342170612742144e-01 -4.632918087532425523e+08 1.048282950192928433e+09
1.673317227043724653e-01 -5.899958289173719883e+08 1.041132293660926461e+09
1.683292283528235456e-01 -7.226064858363091946e+08 1.034144505140686393e+09
1.693267340065327808e-01 -8.606567866528664827e+08 1.027353267941222191e+09
1.703242396654077728e-01 -1.003663200573080659e+09 1.020792918790408850e+09
1.713217453293583437e-01 -1.151127390891944885e+09 1.014498116181629539e+09
1.723192509982962584e-01 -1.302537961585201740e+09 1.008503456290869713e+09
1.733167566721355024e-01 -1.457372214114089727e+09 1.002843039208924413e+09
1.743142623507919209e-01 -1.615097910105280876e+09 9.975499901631287336e+08
1.753117680341831908e-01 -1.775175035584090948e+09 9.926559424614130259e+08
1.763092737222290707e-01 -1.937057562465827942e+09 9.881904909915983677e+08
1.773067794148509846e-01 -2.100195203062480450e+09 9.841806271565630436e+08
1.783042851119720495e-01 -2.264035153392509937e+09 9.806501679713447094e+08
1.793017908135171867e-01 -2.428023821156667709e+09 9.776191935659645796e+08
1.802992965194130659e-01 -2.591608534294942856e+09 9.751035083768997192e+08
1.812968022295878001e-01 -2.754239226133367538e+09 9.731141417521841526e+08
1.822943079439711400e-01 -2.915370093193503380e+09 9.716569034276920557e+08
1.832918136624944183e-01 -3.074461221850929737e+09 9.707320083275880814e+08
1.842893193850904110e-01 -3.230980180115207672e+09 9.703337833802973032e+08
1.852868251116932818e-01 -3.384403570926962376e+09 9.704504666113725901e+08
1.862843308422386934e-01 -3.534218543471297264e+09 9.710641057876689434e+08
1.872818365766636961e-01 -3.679924259145132065e+09 9.721505605361044407e+08
1.882793423149065615e-01 -3.821033308939826012e+09 9.736796083470257521e+08
1.892768480569069489e-01 -3.957073079142945766e+09 9.756151514295102358e+08
1.902743538026057946e-01 -4.087587062405413628e+09 9.779155182240335941e+08
1.912718595519452003e-01 -4.212136111380723476e+09 9.805338506890850067e+08
1.922693653048685170e-01 -4.330299632285099030e+09 9.834185663829511404e+08
1.932668710613202334e-01 -4.441676715907892227e+09 9.865138829556843042e+08
1.942643768212460598e-01 -4.545887203756405830e+09 9.897603919525349140e+08
1.952618825845926498e-01 -4.642572687199128151e+09 9.930956687779694796e+08
1.962593883513079340e-01 -4.731397437641262054e+09 9.964549061980855465e+08
1.972568941213407590e-01 -4.812049265960914612e+09 9.997715597557568550e+08
1.982543998946410813e-01 -4.884240309594229698e+09 1.002977994808186412e+09
1.992519056711598013e-01 -4.947707745876704216e+09 1.006006126452697635e+09
2.002494114508488188e-01 -5.002214430403397560e+09 1.008788045247713447e+09
2.012469172336610601e-01 -5.047549459388349533e+09 1.011256623282108545e+09
2.022444230195502013e-01 -5.083528655185100555e+09 1.013346096700397849e+09
2.032419288084710007e-01 -5.109994974321832657e+09 1.014992622208065510e+09
2.042394346003791050e-01 -5.126818837606021881e+09 1.016134806322387099e+09
2.052369403952307714e-01 -5.133898382047788620e+09 1.016714207188298225e+09
2.062344461929835060e-01 -5.131159634536155701e+09 1.016675809636553168e+09
2.072319519935952870e-01 -5.118556607412248611e+09 1.015968474847594380e+09
2.082294577970250082e-01 -5.096071316261780739e+09 1.014545366504842877e+09
2.092269636032324520e-01 -5.063713720447329521e+09 1.012364355701713562e+09
2.102244694121780666e-01 -5.021521587089971542e+09 1.009388407133801699e+09
2.112219752238229664e-01 -4.969560279392768860e+09 1.005585949273250222e+09
2.122194810381292096e-01 -4.907922470387004852e+09 1.000931231311660886e+09
2.132169868550592984e-01 -4.836727783354210854e+09 9.954046696778651476e+08
2.142144926745767619e-01 -4.756122360366238594e+09 9.889931868916215897e+08
2.152119984966454902e-01 -4.666278360539646149e+09 9.816905454086885452e+08
2.162095043212301781e-01 -4.567393389788038254e+09 9.734976789224914312e+08
2.172070101482962146e-01 -4.459689864002529144e+09 9.644230232997341156e+08
2.182045159778095988e-01 -4.343414307749924660e+09 9.544828488950462341e+08
2.192020218097368300e-01 -4.218836590745820522e+09 9.437015953671493530e+08
2.201995276440451843e-01 -4.086249104472495079e+09 9.321122092155575752e+08
2.211970334807023542e-01 -3.945965881487765312e+09 9.197564829887384176e+08
2.221945393196767815e-01 -3.798321660066912651e+09 9.066853933345638514e+08
2.231920451609373524e-01 -3.643670896977236271e+09 8.929594326194696426e+08
2.241895510044535356e-01 -3.482386731269613743e+09 8.786489255319278240e+08
2.251870568501955217e-01 -3.314859902112670898e+09 8.638343176840795279e+08
2.261845626981336677e-01 -3.141497623768390179e+09 8.486064174957532883e+08
2.271820685482391355e-01 -2.962722420924309254e+09 8.330665653625409603e+08
2.281795744004834203e-01 -2.778970927664196491e+09 8.173266951320316792e+08
2.291770802548387109e-01 -2.590692653452006817e+09 8.015092422495197058e+08
2.301745861112774738e-01 -2.398348719554692745e+09 7.857468409213764668e+08
2.311720919697728416e-01 -2.202410569408726215e+09 7.701817400765504837e+08
2.321695978302980856e-01 -2.003358656458451986e+09 7.549648563357076645e+08
2.331671036928274487e-01 -1.801681113070729017e+09 7.402543740719780922e+08
2.341646095573350905e-01 -1.597872404118779421e+09 7.262138015574473143e+08
2.351621154237959754e-01 -1.392431968896080494e+09 7.130094026452960968e+08
2.361596212921852345e-01 -1.185862854992833614e+09 7.008069505020362139e+08
2.371571271624786648e-01 -9.786703478070012331e+08 6.897677978563387394e+08
2.381546330346522300e-01 -7.713605993249444962e+08 6.800443289347178936e+08
2.391521389086824767e-01 -5.644392598228822947e+08 6.717749486020658016e+08
2.401496447845462012e-01 -3.584101160858066678e+08 6.650788643785121441e+08
2.411471506622206995e-01 -1.537737397357630432e+08 6.600510095075358152e+08
2.421446565416836005e-01 4.897385080075381696e+07 6.567575175513002872e+08
2.431421624229128386e-01 2.493425111966178715e+08 6.552321685794360638e+08
2.441396683058868478e-01 4.468492715732244253e+08 6.554741696536455154e+08
2.451371741905842838e-01 6.410196129315155745e+08 6.574475087381196022e+08
2.461346800769841359e-01 8.313887163905770779e+08 6.610819505635668039e+08
2.471321859650658925e-01 1.017502682021530986e+09 6.662755584091494083e+08
2.481296918548091535e-01 1.198919714185758591e+09 6.728984650959802866e+08
2.491271977461940457e-01 1.375211270354254007e+09 6.807975096916739941e+08
2.501247036392009737e-01 1.545963170526596785e+09 6.898013179844253063e+08
2.511222095338105365e-01 1.710776664444389105e+09 6.997254306534667015e+08
2.521197154300036658e-01 1.869269453958619833e+09 7.103771561166555882e+08
2.531172213277617655e-01 2.021076667986307621e+09 7.215599217012223005e+08
2.541147272270662394e-01 2.165851787687777042e+09 7.330769956864708662e+08
2.551122331278991018e-01 2.303267519562740326e+09 7.447345380881916285e+08
2.561097390302424781e-01 2.433016614387680054e+09 7.563440022880400419e+08
2.571072449340786603e-01 2.554812629984505177e+09 7.677239509096205235e+08
2.581047508393904955e-01 2.668390636046818733e+09 7.787013709252854586e+08
2.591022567461608306e-01 2.773507859327241421e+09 7.891125791142727137e+08
2.600997626543729568e-01 2.869944267735874653e+09 7.988038052104338408e+08
2.610972685640102764e-01 2.957503091973298073e+09 8.076315301804232597e+08
2.620947744750566355e-01 3.036011283594547749e+09 8.154626448954744339e+08
2.630922803874958804e-01 3.105319908452300549e+09 8.221744815928443670e+08
2.640897863013121905e-01 3.165304474776258469e+09 8.276547589110329151e+08
2.650872922164902445e-01 3.215865195168267727e+09 8.318014708714019060e+08
2.660847981330145551e-01 3.256927182133970737e+09 8.345227419264993668e+08
2.670823040508700785e-01 3.288440576771460533e+09 8.357366632419990301e+08
2.680798099700419379e-01 3.310380610603237629e+09 8.353711204035540819e+08
2.690773158905154783e-01 3.322747600508609295e+09 8.333636185783355236e+08
2.700748218122763222e-01 3.325566877111637592e+09 8.296611085618652105e+08
2.710723277353102589e-01 3.318888646915784836e+09 8.242198148156309128e+08
2.720698336596032996e-01 3.302787788906065464e+09 8.170050655093065500e+08
2.730673395851415663e-01 3.277363586226473331e+09 8.079911233198431730e+08
2.740648455119114590e-01 3.242739394026983261e+09 7.971610155461533070e+08
2.750623514398997105e-01 3.199062244384222984e+09 7.845063613787994385e+08
2.760598573690930535e-01 3.146502389752479553e+09 7.700271944955915213e+08
2.770573632994783875e-01 3.085252786133335590e+09 7.537317786609903574e+08
2.780548692310430003e-01 3.015528517775786400e+09 7.356364146601954699e+08
2.790523751637741245e-01 2.937566164840556145e+09 7.157652364364811182e+08
2.800498810976593811e-01 2.851623116209102631e+09 6.941499951946927309e+08
2.810473870326865020e-01 2.757976829062533855e+09 6.708298296628062725e+08
2.820448929688433304e-01 2.656924037793262482e+09 6.458510218394449949e+08
2.830423989061179313e-01 2.548779914005147934e+09 6.192667367621839046e+08
2.840399048444984809e-01 2.433877180566675186e+09 5.911367462673391104e+08
2.850374107839733773e-01 2.312565181527902126e+09 5.615271355730549097e+08
2.860349167245312962e-01 2.185208911306149483e+09 5.305099933883713484e+08
2.870324226661608025e-01 2.052188004885644197e+09 4.981630845884541273e+08
2.880299286088508492e-01 1.913895692982372522e+09 4.645695070737213492e+08
2.890274345525903898e-01 1.770737723632184029e+09 4.298173319593881369e+08
2.900249404973686551e-01 1.623131254936230898e+09 3.939992301065856814e+08
2.910224464431749314e-01 1.471503719727873564e+09 3.572120843067311645e+08
2.920199523899986160e-01 1.316291668177137375e+09 3.195565930795022845e+08
2.930174583378294950e-01 1.157939587564095974e+09 2.811368670516459942e+08
2.940149642866571877e-01 9.968987077553774118e+08 2.420600343110039532e+08
2.950124702364715357e-01 8.336257878758003712e+08 2.024358731465346515e+08
2.960099761872627133e-01 6.685818991021652222e+08 1.623765651986275315e+08
2.970074821390207842e-01 5.022311873227220774e+08 1.219968525177769363e+08
2.980049880917360339e-01 3.350396548853816390e+08 8.141616314681102335e+07
2.990024940453989144e-01 1.674738567670770586e+08 4.077564280824627727e+07
