# r [arcsec]	I [Jy/sr]	I_uncer [Jy/sr]
1.272617859314095550e-03 1.489975648179778442e+11 1.208934872565395117e+09
2.921189009106442414e-03 1.489600353280256042e+11 1.207702895391916513e+09
4.579495862547155495e-03 1.488925390603146667e+11 1.205603584748850107e+09
6.240002426697914550e-03 1.487950989824969482e+11 1.202600966962295532e+09
7.901343393063876494e-03 1.486677680545875854e+11 1.198692006201475859e+09
9.563088128690054243e-03 1.485106174177195435e+11 1.193880895592404842e+09
1.122505851373705593e-02 1.483237352258722534e+11 1.188174933218250036e+09
1.288716767388508287e-02 1.481072263628819580e+11 1.181583534179540873e+09
1.454936822595933807e-02 1.478612122963694763e+11 1.174117903985073566e+09
1.621163214106096165e-02 1.475858309538647461e+11 1.165790898870555162e+09
1.787394178310437384e-02 1.472812365958544312e+11 1.156616950718235970e+09
1.953628550253095827e-02 1.469475996787260437e+11 1.146612017528013945e+09
2.119865529577967186e-02 1.465851067054152527e+11 1.135793544846383810e+09
2.286104548286438387e-02 1.461939600629928284e+11 1.124180432060427427e+09
2.452345192144544592e-02 1.457743778470338745e+11 1.111793000837421417e+09
2.618587151961204035e-02 1.453265936727666321e+11 1.098652964480523586e+09
2.784830192283991451e-02 1.448508564731726074e+11 1.084783397692104578e+09
2.951074130657948408e-02 1.443474302841873474e+11 1.070208706609993100e+09
3.117318823511218417e-02 1.438165940172374878e+11 1.054954599193892956e+09
3.283564156322602012e-02 1.432586412193641052e+11 1.039048056172808886e+09
3.449810036628684490e-02 1.426738798211931458e+11 1.022517302854741454e+09
3.616056388957845924e-02 1.420626318730033875e+11 1.005391782169198155e+09
3.782303151098994481e-02 1.414252332692507935e+11 9.877021293755589724e+08
3.948550271312052662e-02 1.407620334617670288e+11 9.694801489247971773e+08
4.114797706214112089e-02 1.400733951620437622e+11 9.507587940193005800e+08
4.281045419157746001e-02 1.393596940328566589e+11 9.315721494715583324e+08
4.447293378972808769e-02 1.386213183696294250e+11 9.119554185215860605e+08
4.613541558980088775e-02 1.378586687718504028e+11 8.919449143341435194e+08
4.779789936210682849e-02 1.370721578049374237e+11 8.715780569596958160e+08
4.946038490782722619e-02 1.362622096528942566e+11 8.508933766033891439e+08
5.112287205399637657e-02 1.354292597621819916e+11 8.299305241076233387e+08
5.278536064943199074e-02 1.345737544771360931e+11 8.087302896025328636e+08
5.444785056141081270e-02 1.336961506674136353e+11 7.873346303153915405e+08
5.611034167293492414e-02 1.327969153477776489e+11 7.657867085402851105e+08
5.777283388046990098e-02 1.318765252907353668e+11 7.441309407386140823e+08
5.943532709206246489e-02 1.309354666323670197e+11 7.224130586507028341e+08
6.109782122576532665e-02 1.299742344718158722e+11 7.006801831156203747e+08
6.276031620831216962e-02 1.289933324648827820e+11 6.789809109848605394e+08
6.442281197399798987e-02 1.279932724121081238e+11 6.573654150184828043e+08
6.608530846372812073e-02 1.269745738418532867e+11 6.358855558996087313e+08
6.774780562420743002e-02 1.259377635887614288e+11 6.145950044037430286e+08
6.941030340724584080e-02 1.248833753680966492e+11 5.935493701945093870e+08
7.107280176916151715e-02 1.238119493463888855e+11 5.728063315477309227e+08
7.273530067026563739e-02 1.227240317088156128e+11 5.524257573690698147e+08
7.439780007441634813e-02 1.216201742238428192e+11 5.324698089936285019e+08
7.606029994863128252e-02 1.205009338054895782e+11 5.130030042886387110e+08
7.772280026274960840e-02 1.193668720737547150e+11 4.940922204357571602e+08
7.938530098913672284e-02 1.182185549135986176e+11 4.758066045154581070e+08
8.104780210242505667e-02 1.170565520329685822e+11 4.582173529954329133e+08
8.271030357928650656e-02 1.158814365203185730e+11 4.413973132294024825e+08
8.437280539823126257e-02 1.146937844020331421e+11 4.254203535447184443e+08
8.603530753943039455e-02 1.134941742002886047e+11 4.103604457072718740e+08
8.769780998455847798e-02 1.122831864916781616e+11 3.962904076676400304e+08
8.936031271665356712e-02 1.110614034671557007e+11 3.832802693372302055e+08
9.102281571999285004e-02 1.098294084936647644e+11 3.713952534618154764e+08
9.268531897998151525e-02 1.085877856778972473e+11 3.606934097169395685e+08
9.434782248305331742e-02 1.073371194326245270e+11 3.512230017163072824e+08
9.601032621658157906e-02 1.060779940460135803e+11 3.430198169024325609e+08
9.767283016879922675e-02 1.048109932543309326e+11 3.361046348770833611e+08
9.933533432872686253e-02 1.035366998184582825e+11 3.304811320423200727e+08
1.009978386861079547e-01 1.022556951046103516e+11 3.261345005215111971e+08
1.026603432313502873e-01 1.009685586696558533e+11 3.230310053493013382e+08
1.043228479554730720e-01 9.967586785140811157e+10 3.211185982230268717e+08
1.059853528500589448e-01 9.837819736429743958e+10 3.203285678982412815e+08
1.076478579072105424e-01 9.707611890073744202e+10 3.205780680348287225e+08
1.093103631195108394e-01 9.577020073860934448e+10 3.217732559072133303e+08
1.109728684799872744e-01 9.446100735514756775e+10 3.238127224980615973e+08
1.126353739820789568e-01 9.314909904761848450e+10 3.265909013424359560e+08
1.142978796196066349e-01 9.183503156108056641e+10 3.300011986314983368e+08
1.159603853867454265e-01 9.051935572357601929e+10 3.339386692860983014e+08
1.176228912779997832e-01 8.920261708902565002e+10 3.383021506863832474e+08
1.192853972881804531e-01 8.788535558814961243e+10 3.429958407116891742e+08
1.209479034123834701e-01 8.656810518768638611e+10 3.479303609932627678e+08
1.226104096459709192e-01 8.525139355819105530e+10 3.530233783576003313e+08
1.242729159845529646e-01 8.393574175063363647e+10 3.581998706063036919e+08
1.259354224239715991e-01 8.262166388212095642e+10 3.633921223324418068e+08
1.275979289602855449e-01 8.130966683088298035e+10 3.685395277623852491e+08
1.292604355897561952e-01 8.000024994082971191e+10 3.735882649906646013e+08
1.309229423088349165e-01 7.869390473582710266e+10 3.784908924648043513e+08
1.325854491141509606e-01 7.739111464393440247e+10 3.832059059948324561e+08
1.342479560025006402e-01 7.609235473173890686e+10 3.876972837898226976e+08
1.359104629708369483e-01 7.479809144900271606e+10 3.919340383363379240e+08
1.375729700162601765e-01 7.350878238375869751e+10 3.958897872401751876e+08
1.392354771360091448e-01 7.222487602798947144e+10 3.995423501957560182e+08
1.408979843274529020e-01 7.094681155403709412e+10 4.028733757057304382e+08
1.425604915880832879e-01 6.967501860185511780e+10 4.058679987351322174e+08
1.442229989155077718e-01 6.840991707720112610e+10 4.085145288764486909e+08
1.458855063074428748e-01 6.715191696086274719e+10 4.108041675993477702e+08
1.475480137617080634e-01 6.590141812899848175e+10 4.127307525860263109e+08
1.492105212762198374e-01 6.465881018465577698e+10 4.142905268749077320e+08
1.508730288489867621e-01 6.342447230050704956e+10 4.154819304557675719e+08
1.525355364781040279e-01 6.219877307284439850e+10 4.163054120057225823e+08
1.541980441617490649e-01 6.098207038687599182e+10 4.167632585770114064e+08
1.558605518981770188e-01 5.977471129331294250e+10 4.168594412127231956e+08
1.575230596857167542e-01 5.857703189622885895e+10 4.165994746479939222e+08
1.591855675227668576e-01 5.738935725224433136e+10 4.159902894419111609e+08
1.608480754077921959e-01 5.621200128092478943e+10 4.150401150629604459e+08
1.625105833393203636e-01 5.504526668641421509e+10 4.137583726205665469e+08
1.641730913159387406e-01 5.388944489022460938e+10 4.121555760871070027e+08
1.658355993362912173e-01 5.274481597512393188e+10 4.102432409908854365e+08
1.674981073990755853e-01 5.161164864005372620e+10 4.080337996816872358e+08
1.691606155030408176e-01 5.049020016597775269e+10 4.055405223719529510e+08
1.708231236469845982e-01 4.938071639256597137e+10 4.027774432467018962e+08
1.724856318297508795e-01 4.828343170562133789e+10 3.997592910074929595e+08
1.741481400502279120e-01 4.719856903510572052e+10 3.965014232759906650e+08
1.758106483073458848e-01 4.612633986364015961e+10 3.930197643309955001e+08
1.774731566000750660e-01 4.506694424535427094e+10 3.893307456882550716e+08
1.791356649274240265e-01 4.402057083492151642e+10 3.854512490596718192e+08
1.807981732884377246e-01 4.298739692660643768e+10 3.813985512437846065e+08
1.824606816821959798e-01 4.196758850319123077e+10 3.771902705101385713e+08
1.841231901078118072e-01 4.096130029455876160e+10 3.728443140406145453e+08
1.857856985644300296e-01 3.996867584578104401e+10 3.683788259875911474e+08
1.874482070512257237e-01 3.898984759449222565e+10 3.638121357012560368e+08
1.891107155674030538e-01 3.802493695735659790e+10 3.591627056678304076e+08
1.907732241121938566e-01 3.707405442541512299e+10 3.544490786907800436e+08
1.924357326848565586e-01 3.613729966808550262e+10 3.496898238388482332e+08
1.940982412846749550e-01 3.521476164560305786e+10 3.449034806831097603e+08
1.957607499109572380e-01 3.430651872965488052e+10 3.401085013512523174e+08
1.974232585630348313e-01 3.341263883197735977e+10 3.353231899469467998e+08
1.990857672402615297e-01 3.253317954067147446e+10 3.305656389192510247e+08
2.007482759420124996e-01 3.166818826397931290e+10 3.258536620247426629e+08
2.024107846676835298e-01 3.081770238127093506e+10 3.212047236105541587e+08
2.040732934166899215e-01 2.998174940098213196e+10 3.166358640604791045e+08
2.057358021884660160e-01 2.916034712523257828e+10 3.121636213962208629e+08
2.073983109824642512e-01 2.835350382085750198e+10 3.078039492090301514e+08
2.090608197981545235e-01 2.756121839657973099e+10 3.035721313168668747e+08
2.107233286350234380e-01 2.678348058605206680e+10 2.994826937934219241e+08
2.123858374925735870e-01 2.602027113647256088e+10 2.955493152923235297e+08
2.140483463703231337e-01 2.527156200251655197e+10 2.917847368813660741e+08
2.157108552678049240e-01 2.453731654527328491e+10 2.882006728941259384e+08
2.173733641845664311e-01 2.381748973592738724e+10 2.848077245794877410e+08
2.190358731201685061e-01 2.311202836387207031e+10 2.816152985640687346e+08
2.206983820741854618e-01 2.242087124898998260e+10 2.786315323125206828e+08
2.223608910462041566e-01 2.174394945778805923e+10 2.758632288556155562e+08
2.240234000358239386e-01 2.108118652312013626e+10 2.733158030338259339e+08
2.256859090426557024e-01 2.043249866717781830e+10 2.709932413616696596e+08
2.273484180663219723e-01 1.979779502749609756e+10 2.688980773484606743e+08
2.290109271064561247e-01 1.917697788564377594e+10 2.670313837173539996e+08
2.306734361627020280e-01 1.856994289834830475e+10 2.653927824635055661e+08
2.323359452347137921e-01 1.797657933073230362e+10 2.639804731059318781e+08
2.339984543221555469e-01 1.739677029140937042e+10 2.627912788554678559e+08
2.356609634247005536e-01 1.683039296912496376e+10 2.618207097788947821e+08
2.373234725420314828e-01 1.627731887068227386e+10 2.610630414337562025e+08
2.389859816738397480e-01 1.573741405986123848e+10 2.605114069170993567e+08
2.406484908198254224e-01 1.521053939706074333e+10 2.601578998498892188e+08
2.423109999796965175e-01 1.469655077938388634e+10 2.599936855304117501e+08
2.439735091531692601e-01 1.419529938090594482e+10 2.600091173472111225e+08
2.456360183399674824e-01 1.370663189284506607e+10 2.601938555446777642e+08
2.472985275398224547e-01 1.323039076338575172e+10 2.605369855715886354e+08
2.489610367524725254e-01 1.276641443688809967e+10 2.610271334932154417e+08
2.506235459776631203e-01 1.231453759223353195e+10 2.616525762855968177e+08
2.522860552151463542e-01 1.187459138005226135e+10 2.624013452260812819e+08
2.539485644646808371e-01 1.144640365859316254e+10 2.632613210175133348e+08
2.556110737260313126e-01 1.102979922799573708e+10 2.642203197089661062e+08
2.572735829989687417e-01 1.062460006272527504e+10 2.652661688789905608e+08
2.589360922832700251e-01 1.023062554194766998e+10 2.663867739138034582e+08
2.605986015787175591e-01 9.847692677621156693e+09 2.675701745280941725e+08
2.622611108850994577e-01 9.475616340081228256e+09 2.688045919363883138e+08
2.639236202022091082e-01 9.114209480920915604e+09 2.700784672850073576e+08
2.655861295298450053e-01 8.763283352945745468e+09 2.713804921020839214e+08
2.672486388678106950e-01 8.422647727018798828e+09 2.726996316179666519e+08
2.689111482159146083e-01 8.092111105600924492e+09 2.740251418607568741e+08
2.705736575739698391e-01 7.771480932793665886e+09 2.753465814444012642e+08
2.722361669417941443e-01 7.460563800721614838e+09 2.766538189510742426e+08
2.738986763192096108e-01 7.159165652073852539e+09 2.779370367692378759e+08
2.755611857060425440e-01 6.867091978636085510e+09 2.791867321931780577e+08
2.772236951021236906e-01 6.584148015678595543e+09 2.803937165208480954e+08
2.788862045072874607e-01 6.310138932024002075e+09 2.815491128138564229e+08
2.805487139213725944e-01 6.044870015675420761e+09 2.826443529053563476e+08
2.822112233442213292e-01 5.788146854859197617e+09 2.836711741650427580e+08
2.838737327756796214e-01 5.539775514363030434e+09 2.846216164561406374e+08
2.855362422155972579e-01 5.299562707042966843e+09 2.854880196480858922e+08
2.871987516638271343e-01 5.067315960401871681e+09 2.862630219840983152e+08
2.888612611202258651e-01 4.842843778122956276e+09 2.869395595423677564e+08
2.905237705846532292e-01 4.625955796468000412e+09 2.875108669761339426e+08
2.921862800569720031e-01 4.416462935463371277e+09 2.879704796715702415e+08
2.938487895370484604e-01 4.214177544773614883e+09 2.883122374188018441e+08
2.955112990247516502e-01 4.018913544214090347e+09 2.885302896589843631e+08
2.971738085199533974e-01 3.830486558820021152e+09 2.886191023376755118e+08
2.988363180225286353e-01 3.648714048432278156e+09 2.885734663724128008e+08
3.004988275323551283e-01 3.473415431737234592e+09 2.883885077207047343e+08
3.021613370493130279e-01 3.304412204734982491e+09 2.880596990218819976e+08
3.038238465732852611e-01 3.141528053588968754e+09 2.875828727721883059e+08
3.054863561041573639e-01 2.984588961848285675e+09 2.869542359882128835e+08
3.071488656418173702e-01 2.833423312010806084e+09 2.861703863073549271e+08
3.088113751861554790e-01 2.687861981426033974e+09 2.852283294754505157e+08
3.104738847370644983e-01 2.547738432537845612e+09 2.841254981717228293e+08
3.121363942944395120e-01 2.412888797463228703e+09 2.828597721276571155e+08
3.137989038581776025e-01 2.283151956927396297e+09 2.814294995016898513e+08
3.154614134281782389e-01 2.158369613576283932e+09 2.798335194817269444e+08
3.171239230043430002e-01 2.038386359687215328e+09 2.780711860962988734e+08
3.187864325865753523e-01 1.923049739310935259e+09 2.761423932287033200e+08
3.204489421747808708e-01 1.812210304904411793e+09 2.740476008391849399e+08
3.221114517688670742e-01 1.705721668465943098e+09 2.717878624143095613e+08
3.237739613687434237e-01 1.603440547271196365e+09 2.693648536749126315e+08
3.254364709743211015e-01 1.505226804226870775e+09 2.667809025853968859e+08
3.270989805855132326e-01 1.410943482947997093e+09 2.640390207167480290e+08
3.287614902022346075e-01 1.320456837597879887e+09 2.611429360219793320e+08
3.304239998244018484e-01 1.233636357596689224e+09 2.580971270820638239e+08
3.320865094519330207e-01 1.150354787265352726e+09 2.549068588754995763e+08
3.337490190847480775e-01 1.070488140504832745e+09 2.515782201043768227e+08
3.354115287227684150e-01 9.939157105953916311e+08 2.481181620795698166e+08
3.370740383659170392e-01 9.205200752373967171e+08 2.445345391141962707e+08
3.387365480141183438e-01 8.501870969099001884e+08 2.408361502966440618e+08
3.403990576672984991e-01 7.828059186841310263e+08 2.370327824017432928e+08
3.420615673253846745e-01 7.182689555912950039e+08 2.331352535429831445e+08
3.437240769883058711e-01 6.564718816695034504e+08 2.291554569559689760e+08
3.453865866559921449e-01 5.973136128111851215e+08 2.251064040226986110e+08
3.470490963283750507e-01 5.406962855425649881e+08 2.210022652811295092e+08
3.487116060053874755e-01 4.865252318576067090e+08 2.168584076974869668e+08
3.503741156869634166e-01 4.347089502524570227e+08 2.126914258987745345e+08
3.520366253730383144e-01 3.851590730859263539e+08 2.085191643527172506e+08
3.536991350635486642e-01 3.377903304168558717e+08 2.043607266435348690e+08
3.553616447584322380e-01 2.925205104557771683e+08 2.002364670294588506e+08
3.570241544576279180e-01 2.492704167780892253e+08 1.961679584189623892e+08
3.586866641610758633e-01 2.079638224448506534e+08 1.921779298282023668e+08
3.603491738687170098e-01 1.685274211900393963e+08 1.882901653994316459e+08
3.620116835804937372e-01 1.308907758102964461e+08 1.845293563308396935e+08
3.636741932963493684e-01 9.498626392812418938e+07 1.809208968348603249e+08
3.653367030162280593e-01 6.074902126838340610e+07 1.774906157906035185e+08
3.669992127400752979e-01 2.811688261424285173e+07 1.742644374331710637e+08
3.686617224678372939e-01 -2.969679409878304694e+06 1.712679675433346927e+08
3.703242321994613118e-01 -3.256761755949252844e+07 1.685260064155630171e+08
3.719867419348956150e-01 -6.073137505555386841e+07 1.660619964047267735e+08
3.736492516740893000e-01 -8.751295235871765018e+07 1.638974198026335239e+08
3.753117614169925176e-01 -1.129619754866152257e+08 1.620511714217360914e+08
3.769742711635561405e-01 -1.371257657189437151e+08 1.605389384061559439e+08
3.786367809137318741e-01 -1.600494105215427279e+08 1.593726258973407149e+08
3.802992906674724227e-01 -1.817758355527101755e+08 1.585598696981664002e+08
3.819618004247312126e-01 -2.023458775832976699e+08 1.581036747253075838e+08
3.836243101854625026e-01 -2.217983581829073429e+08 1.580022103858012557e+08
3.852868199496213841e-01 -2.401701580295998454e+08 1.582487816181440353e+08
3.869493297171635593e-01 -2.574962916745188832e+08 1.588319789306140840e+08
3.886118394880457849e-01 -2.738099826396458745e+08 1.597359947332310379e+08
3.902743492622252064e-01 -2.891427386823890805e+08 1.609410792473070621e+08
3.919368590396599683e-01 -3.035244270985966325e+08 1.624240993354161084e+08
3.935993688203087704e-01 -3.169833499192746282e+08 1.641591589321332872e+08
3.952618786041311449e-01 -3.295463188617779613e+08 1.661182403114287257e+08
3.969243883910870685e-01 -3.412387299094721675e+08 1.682718303289958835e+08
3.985868981811374612e-01 -3.520846373867112398e+08 1.705895034325495958e+08
4.002494079742436872e-01 -3.621068273935132027e+08 1.730404420889762044e+08
4.019119177703678880e-01 -3.713268904942931533e+08 1.755938838466090858e+08
4.035744275694727046e-01 -3.797652935255532265e+08 1.782194916575352848e+08
4.052369373715214440e-01 -3.874414504140083790e+08 1.808876497366367877e+08
4.068994471764781906e-01 -3.943737918939114213e+08 1.835696911328797638e+08
4.085619569843071952e-01 -4.005798340174483061e+08 1.862380653976912200e+08
4.102244667949735413e-01 -4.060762453474771380e+08 1.888664556891973019e+08
4.118869766084432005e-01 -4.108789127470594049e+08 1.914298545825436413e+08
4.135494864246819224e-01 -4.150030056625272632e+08 1.939046072331113517e+08
4.152119962436567890e-01 -4.184630388120486140e+08 1.962684294948268831e+08
4.168745060653349932e-01 -4.212729332035747170e+08 1.985004074824148118e+08
4.185370158896842829e-01 -4.234460753909630179e+08 2.005809838703179657e+08
4.201995257166728504e-01 -4.249953749035933018e+08 2.024919351876483262e+08
4.218620355462696647e-01 -4.259333197770572305e+08 2.042163433755384982e+08
4.235245453784438063e-01 -4.262720301209482551e+08 2.057385641141372025e+08
4.251870552131651881e-01 -4.260233096648151278e+08 2.070441937132023275e+08
4.268495650504041117e-01 -4.251986952278284431e+08 2.081200358795637786e+08
4.285120748901312115e-01 -4.238095040697079301e+08 2.089540692007657290e+08
4.301745847323175664e-01 -4.218668790690906644e+08 2.095354159213070869e+08
4.318370945769347546e-01 -4.193818317100191116e+08 2.098543122828613520e+08
4.334996044239549096e-01 -4.163652828129636049e+08 2.099020805877880454e+08
4.351621142733504422e-01 -4.128281010302560925e+08 2.096711029466404617e+08
4.368246241250944295e-01 -4.087811390316296816e+08 2.091547966560287476e+08
4.384871339791597822e-01 -4.042352674097172022e+08 2.083475910140212476e+08
4.401496438355204099e-01 -3.992014062625100613e+08 2.072449054290842116e+08
4.418121536941504446e-01 -3.936905544675650001e+08 2.058431285663561821e+08
4.434746635550242400e-01 -3.877138166318045855e+08 2.041395983657670915e+08
4.451371734181167605e-01 -3.812824277427275181e+08 2.021325826613068283e+08
4.467996832834031928e-01 -3.744077754960482121e+08 1.998212602509776652e+08
4.484621931508591675e-01 -3.671014203689344525e+08 1.972057021556038857e+08
4.501247030204606481e-01 -3.593751133858524561e+08 1.942868529500746727e+08
4.517872128921838204e-01 -3.512408116863036752e+08 1.910665119226514697e+08
4.534497227660054253e-01 -3.427106918377519250e+08 1.875473139894418418e+08
4.551122326419027031e-01 -3.337971610108874440e+08 1.837327101370467246e+08
4.567747425198525613e-01 -3.245128659726152420e+08 1.796269473696439266e+08
4.584372523998329063e-01 -3.148707000310019255e+08 1.752350479462793171e+08
4.600997622818217003e-01 -3.048838078763200045e+08 1.705627879372310638e+08
4.617622721657972384e-01 -2.945655884862554073e+08 1.656166748910191655e+08
4.634247820517383154e-01 -2.839296960201376677e+08 1.604039246983454227e+08
4.650872919396236149e-01 -2.729900389064039588e+08 1.549324374393612742e+08
4.667498018294323758e-01 -2.617607770272614360e+08 1.492107723676451147e+08
4.684123117211442255e-01 -2.502563172454466820e+08 1.432481217969264686e+08
4.700748216147389580e-01 -2.384913071351088583e+08 1.370542841269625425e+08
4.717373315101965336e-01 -2.264806272374508977e+08 1.306396357351312339e+08
4.733998414074974126e-01 -2.142393816218332946e+08 1.240151020808769464e+08
4.750623513066224435e-01 -2.017828871845415235e+08 1.171921276844535470e+08
4.767248612075521974e-01 -1.891266613407832086e+08 1.101826454914200008e+08
4.783873711102680226e-01 -1.762864087086976469e+08 1.029990451869450510e+08
4.800498810147514894e-01 -1.632780062508499026e+08 9.565414125079850852e+07
4.817123909209840571e-01 -1.501174877154417634e+08 8.816114019773651659e+07
4.833749008289477955e-01 -1.368210265324653387e+08 8.053360836644825339e+07
4.850374107386249412e-01 -1.234049184488016814e+08 7.278543969791617990e+07
4.866999206499977859e-01 -1.098855624457519948e+08 6.493082641621044278e+07
4.883624305630492324e-01 -9.627944210183559358e+07 5.698423322811366618e+07
4.900249404777619611e-01 -8.260310466070973873e+07 4.896038441578410566e+07
4.916874503941192631e-01 -6.887314198993107677e+07 4.087427662666080147e+07
4.933499603121045407e-01 -5.510616732487311959e+07 3.274127585562037304e+07
4.950124702317013070e-01 -4.131879827457472682e+07 2.457748094051118195e+07
4.966749801528934083e-01 -2.752762715387354791e+07 1.640132430292453244e+07
4.983374900756649684e-01 -1.374923617821005173e+07 8.244535814726197161e+06
