# r [arcsec]	I [Jy/sr]	I_uncer [Jy/sr]
1.781665003039733814e-04 -2.460728013891303438e+14 3.808601222357225781e+13
4.089664612749019834e-04 -2.456502224357655938e+14 3.800014489352434375e+13
6.411294207566018083e-04 -2.448908934937142500e+14 3.784594256258424219e+13
8.736003397377082192e-04 -2.437962253069265000e+14 3.762384901568935156e+13
1.106188075028942831e-03 -2.423684742219407812e+14 3.733454847414863281e+13
1.338832338016607629e-03 -2.406106044704620312e+14 3.697893626377445312e+13
1.571508191923188169e-03 -2.385262689366379375e+14 3.655811318402925000e+13
1.804203474343911689e-03 -2.361197984980727500e+14 3.607338125728732031e+13
2.036911551634307434e-03 -2.333961915272742812e+14 3.552623917497557031e+13
2.269628499748534752e-03 -2.303611022830908750e+14 3.491837721681841797e+13
2.502351849634612546e-03 -2.270208279316561875e+14 3.425167163142813281e+13
2.735079970354334280e-03 -2.233822941459208750e+14 3.352817851796393359e+13
2.967811741409154443e-03 -2.194530392898737500e+14 3.275012726899063672e+13
3.200546367601014158e-03 -2.152411972134750312e+14 3.191991365362029688e+13
3.433283269002362567e-03 -2.107554786935623125e+14 3.104009263417756250e+13
3.666022012745685701e-03 -2.060051515611500938e+14 3.011337103313941406e+13
3.898762269197587893e-03 -2.010000195600611562e+14 2.914260019245608203e+13
4.131503782921128881e-03 -1.957503999845936875e+14 2.813076880354647266e+13
4.364246352915706652e-03 -1.902671001476554688e+14 2.708099613436392188e+13
4.596989818851642852e-03 -1.845613927331181562e+14 2.599652594549333984e+13
4.829734051280158529e-03 -1.786449900891374375e+14 2.488072148213450000e+13
5.062478944540984953e-03 -1.725300175215971250e+14 2.373706205915110547e+13
5.295224411538592552e-03 -1.662289856492731875e+14 2.256914195230713281e+13
5.527970379836873865e-03 -1.597547618845303750e+14 2.138067259004331641e+13
5.760716788699757340e-03 -1.531205411054976562e+14 2.017548946772913672e+13
5.993463586820844610e-03 -1.463398155876598438e+14 1.895756585499912109e+13
6.226210730561932381e-03 -1.394263442645345000e+14 1.773103637492311719e+13
6.458958182572124840e-03 -1.323941213888585469e+14 1.650023512717788281e+13
6.691705910694956128e-03 -1.252573446671768594e+14 1.526975559712194336e+13
6.924453887095811423e-03 -1.180303829420073750e+14 1.404454381633116992e+13
7.157202087559492304e-03 -1.107277434970762812e+14 1.283004331038107422e+13
7.389950490920479780e-03 -1.033640390619653750e+14 1.163242239897732031e+13
7.622699078597514923e-03 -9.595395459346718750e+13 1.045893507120086133e+13
7.855447834210889380e-03 -8.851221391156290625e+13 9.318501979482271484e+12
8.088196743265786345e-03 -8.105354626844610938e+13 8.222656234495272461e+12
8.320945792888745710e-03 -7.359265292927720312e+13 7.187082679882826172e+12
8.553694971607146008e-03 -6.614417384356721875e+13 6.234048258749704102e+12
8.786444269163704371e-03 -5.872265448599732031e+13 5.395838603908120117e+12
9.019193676359719969e-03 -5.134251294516866406e+13 4.718039079902872070e+12
9.251943184921937458e-03 -4.401800733857460938e+13 4.257489544204553711e+12
9.484692787389042284e-03 -3.676320363123135156e+13 4.064857897181859375e+12
9.717442477014419031e-03 -2.959194393482113672e+13 4.152471538316956543e+12
9.950192247682612331e-03 -2.251781536317333594e+13 4.479419981055218750e+12
1.018294209383719014e-02 -1.555411951870302930e+13 4.975780299834473633e+12
1.041569201041829019e-02 -8.713842683250901367e+12 5.575307943783248047e+12
1.064844199280838045e-02 -2.009626785099212646e+12 6.228920396430450195e+12
1.088119203678494622e-02 4.546258787578118164e+12 6.903661393025477539e+12
1.111394213847914300e-02 1.094194445855802734e+13 7.577924059146633789e+12
1.134669229433950960e-02 1.716598675433772461e+13 8.237390102593631836e+12
1.157944250110011161e-02 2.320739354972208203e+13 8.872341906534263672e+12
1.181219275575237648e-02 2.905564820645056641e+13 9.476010182428550781e+12
1.204494305552025746e-02 3.470073254555710547e+13 1.004357258935972461e+13
1.227769339783818872e-02 4.013314859686858594e+13 1.057154082461794727e+13
1.251044378033150210e-02 4.534393907180802344e+13 1.105737789841609180e+13
1.274319420079900005e-02 5.032470650868515625e+13 1.149925331435845703e+13
1.297594465719741248e-02 5.506763104263700000e+13 1.189588240120185742e+13
1.320869514762746354e-02 5.956548675575399219e+13 1.224641807628434766e+13
1.344144567032142142e-02 6.381165656610796875e+13 1.255037597113490234e+13
1.367419622363189209e-02 6.780014561801667188e+13 1.280758121914600586e+13
1.390694680602176138e-02 7.152559313932862500e+13 1.301812957727449023e+13
1.413969741605511539e-02 7.498328273527887500e+13 1.318235820480890234e+13
1.437244805238904050e-02 7.816915109217500000e+13 1.330082306120788867e+13
1.460519871376623167e-02 8.107979506808664062e+13 1.337428092204169531e+13
1.483794939900825657e-02 8.371247715161473438e+13 1.340367468166942969e+13
1.507070010700947531e-02 8.606512927379937500e+13 1.339012105254126172e+13
1.530345083673151710e-02 8.813635496238796875e+13 1.333490007095898828e+13
1.553620158719821835e-02 8.992542983167587500e+13 1.323944602496379102e+13
1.576895235749105686e-02 9.143230040539262500e+13 1.310533957146928906e+13
1.600170314674493124e-02 9.265758127420845312e+13 1.293430092017960938e+13
1.623445395414436360e-02 9.360255059377373438e+13 1.272818405282017578e+13
1.646720477891996937e-02 9.426914393322635938e+13 1.248897202133249805e+13
1.669995562034526371e-02 9.465994648853243750e+13 1.221877343995660352e+13
1.693270647773368817e-02 9.477818367909865625e+13 1.191982035613284766e+13
1.716545735043592882e-02 9.462771015031900000e+13 1.159446775866819336e+13
1.739820823783741477e-02 9.421299720887482812e+13 1.124519506365851367e+13
1.763095913935602832e-02 9.353911872175518750e+13 1.087461000868211523e+13
1.786371005443997823e-02 9.261173551394159375e+13 1.048545548631711328e+13
1.809646098256586719e-02 9.143707830376839062e+13 1.008061995263177344e+13
1.832921192323689122e-02 9.002192921887414062e+13 9.663152144065353516e+12
1.856196287598113615e-02 8.837360193945251562e+13 9.236280899158623047e+12
1.879471384035008921e-02 8.649992051928034375e+13 8.803440856267882812e+12
1.902746481591717498e-02 8.440919693862604688e+13 8.368304584741518555e+12
1.926021580227642652e-02 8.211020744663140625e+13 7.934821129406658203e+12
1.949296679904128152e-02 7.961216775415971875e+13 7.507259713533242188e+12
1.972571780584340614e-02 7.692470714128728125e+13 7.090255001417224609e+12
1.995846882233166114e-02 7.405784154682139062e+13 6.688846246987809570e+12
2.019121984817108875e-02 7.102194571001462500e+13 6.308496176732276367e+12
2.042397088304200373e-02 6.782772443750532031e+13 5.955066294208609375e+12
2.065672192663913290e-02 6.448618307110932812e+13 5.634714622510939453e+12
2.088947297867077904e-02 6.100859723438883594e+13 5.353674166745878906e+12
2.112222403885814781e-02 5.740648193824759375e+13 5.117875098821512695e+12
2.135497510693456710e-02 5.369156012772519531e+13 4.932404170993430664e+12
2.158772618264486950e-02 4.987573075401282812e+13 4.800859010092411133e+12
2.182047726574478513e-02 4.597103645724164844e+13 4.724737303614093750e+12
2.205322835600034836e-02 4.198963094696354688e+13 4.703052420873733398e+12
2.228597945318736007e-02 3.794374616843824219e+13 4.732330624285010742e+12
2.251873055709090882e-02 3.384565934359529688e+13 4.807014581056390625e+12
2.275148166750485396e-02 2.970765997633266797e+13 4.920146090177594727e+12
2.298423278423142660e-02 2.554201691212821875e+13 5.064122647520173828e+12
2.321698390708077167e-02 2.136094554215317969e+13 5.231349713043271484e+12
2.344973503587058361e-02 1.717657524195950586e+13 5.414698602715013672e+12
2.368248617042571433e-02 1.300091713449379688e+13 5.607764619866063477e+12
2.391523731057784707e-02 8.845832266575427734e+12 5.804967844609555664e+12
2.414798845616512521e-02 4.723000287160201172e+12 6.001551079239221680e+12
2.438073960703190934e-02 6.438887145659423828e+11 6.193521420424855469e+12
2.461349076302842692e-02 -3.380277121493046875e+12 6.377567737085312500e+12
2.484624192401050854e-02 -7.338543378819825195e+12 6.550973418881583984e+12
2.507899308983936940e-02 -1.122025616025687695e+13 6.711534481615592773e+12
2.531174426038128311e-02 -1.501508904953238477e+13 6.857487323062331055e+12
2.554449543550743953e-02 -1.871306964754293750e+13 6.987447181586149414e+12
2.577724661509365328e-02 -2.230460503375450781e+13 7.100356733859828125e+12
2.600999779902020068e-02 -2.578050608025938672e+13 7.195443593006337891e+12
2.624274898717160465e-02 -2.913201054902630859e+13 7.272185294542248047e+12
2.647550017943642656e-02 -3.235080490626169531e+13 7.330280425002267578e+12
2.670825137570714131e-02 -3.542904479117053125e+13 7.369624715273649414e+12
2.694100257587992223e-02 -3.835937408023696094e+13 7.390291112934520508e+12
2.717375377985449536e-02 -4.113494249190486719e+13 7.392513031490857422e+12
2.740650498753401804e-02 -4.374942168078967188e+13 7.376670135280985352e+12
2.763925619882487764e-02 -4.619701977462518750e+13 7.343276152334127930e+12
2.787200741363661874e-02 -4.847249431179594531e+13 7.292968315987884766e+12
2.810475863188175230e-02 -5.057116354166682031e+13 7.226498121414544922e+12
2.833750985347569321e-02 -5.248891605486748438e+13 7.144723148608683594e+12
2.857026107833658679e-02 -5.422221871535056250e+13 7.048599751917828125e+12
2.880301230638524293e-02 -5.576812287120607812e+13 6.939176449671759766e+12
2.903576353754499725e-02 -5.712426882609233594e+13 6.817587866825203125e+12
2.926851477174163829e-02 -5.828888855850145312e+13 6.685049089856783203e+12
2.950126600890328604e-02 -5.926080668116493750e+13 6.542850285582215820e+12
2.973401724896029830e-02 -6.003943963828113281e+13 6.392351413415624023e+12
2.996676849184523594e-02 -6.062479314353446094e+13 6.234976822382854492e+12
3.019951973749269644e-02 -6.101745786728217969e+13 6.072209468481730469e+12
3.043227098583930687e-02 -6.121860338657704688e+13 5.905584413820855469e+12
3.066502223682359557e-02 -6.122997041715157812e+13 5.736681177233239258e+12
3.089777349038596785e-02 -6.105386135170915625e+13 5.567114400774720703e+12
3.113052474646858456e-02 -6.069312913425142188e+13 5.398522188119923828e+12
3.136327600501534474e-02 -6.015116450535457031e+13 5.232551377233159180e+12
3.159602726597180583e-02 -5.943188165843434375e+13 5.070838962691393555e+12
3.182877852928507612e-02 -5.853970235218344531e+13 4.914988925579131836e+12
3.206152979490385635e-02 -5.747953852918691406e+13 4.766543918259122070e+12
3.229428106277828364e-02 -5.625677349566326562e+13 4.626951646479341797e+12
3.252703233285993145e-02 -5.487724172185382812e+13 4.497526436858434570e+12
3.275978360510177489e-02 -5.334720732714939844e+13 4.379407373323999023e+12
3.299253487945807972e-02 -5.167334131832915625e+13 4.273515452331191406e+12
3.322528615588440926e-02 -4.986269765348760938e+13 4.180513260363332031e+12
3.345803743433756888e-02 -4.792268820808088281e+13 4.100771439918581055e+12
3.369078871477556442e-02 -4.586105672326061719e+13 4.034346369740423340e+12
3.392353999715751189e-02 -4.368585182015717188e+13 3.980972808106978027e+12
3.415629128144370003e-02 -4.140539916692636719e+13 3.940073706597681152e+12
3.438904256759545142e-02 -3.902827288834686719e+13 3.910787242878182617e+12
3.462179385557514338e-02 -3.656326631047571875e+13 3.892008824752085938e+12
3.485454514534615245e-02 -3.401936213512715625e+13 3.882443936335019043e+12
3.508729643687284044e-02 -3.140570214118137891e+13 3.880666654874958008e+12
3.532004773012049209e-02 -2.873155651132166016e+13 3.885178611423026855e+12
3.555279902505532191e-02 -2.600629288444371094e+13 3.894463959804633789e+12
3.578555032164438404e-02 -2.323934523491766016e+13 3.907037221004097656e+12
3.601830161985562773e-02 -2.044018268082487891e+13 3.921482308684875488e+12
3.625105291965780713e-02 -1.761827832366998438e+13 3.936482315905450684e+12
3.648380422102046050e-02 -1.478307822219181836e+13 3.950840588125316895e+12
3.671655552391393101e-02 -1.194397060268015234e+13 3.963494184014224121e+12
3.694930682830927654e-02 -9.110255407614845703e+12 3.973521080116367188e+12
3.718205813417830435e-02 -6.291114283474333008e+12 3.980142494437417969e+12
3.741480944149350174e-02 -3.495581107361776367e+12 3.982721576965991699e+12
3.764756075022804988e-02 -7.325131503536778564e+11 3.980759516651987793e+12
3.788031206035578219e-02 1.989437026398526123e+12 3.973889896100874023e+12
3.811306337185118437e-02 4.661848849185970703e+12 3.961871918757495605e+12
3.834581468468934579e-02 7.276560091821928711e+12 3.944582953991871094e+12
3.857856599884595949e-02 9.825692230322496094e+12 3.922010698198615723e+12
3.881131731429732223e-02 1.230167470741590820e+13 3.894245133669584961e+12
3.904406863102025116e-02 1.469726802581694336e+13 3.861470377320563965e+12
3.927681994899216711e-02 1.700558559309613086e+13 3.823956443663415039e+12
3.950957126819099052e-02 1.922011424517491406e+13 3.782050895593824219e+12
3.974232258859514838e-02 2.133473338001268750e+13 3.736170319477514648e+12
3.997507391018362277e-02 2.334373263775613281e+13 3.686791534475389160e+12
4.020782523293579824e-02 2.524182806869379688e+13 3.634442429414530273e+12
4.044057655683162139e-02 2.702417673554329297e+13 3.579692313592257812e+12
4.067332788185145515e-02 2.868638970208741797e+13 3.523141672103745117e+12
4.090607920797608571e-02 3.022454336586421484e+13 3.465411234079845703e+12
4.113883053518679195e-02 3.163518909834788672e+13 3.407130296513550781e+12
4.137158186346523436e-02 3.291536116220282812e+13 3.348924300204615234e+12
4.160433319279348285e-02 3.406258288119198828e+13 3.291401729738012695e+12
4.183708452315400977e-02 3.507487104467410938e+13 3.235140506157166992e+12
4.206983585452972463e-02 3.595073853484813281e+13 3.180674155169008789e+12
4.230258718690382835e-02 3.668919517152377344e+13 3.128478156629013184e+12
4.253533852025994516e-02 3.728974677539357031e+13 3.078956998422498535e+12
4.276808985458203927e-02 3.775239245752452344e+13 3.032432550869799316e+12
4.300084118985443571e-02 3.807762014909048438e+13 2.989134425130444824e+12
4.323359252606177178e-02 3.826640039196242969e+13 2.949192961838371094e+12
4.346634386318903170e-02 3.832017841709239062e+13 2.912635402021546875e+12
4.369909520122153279e-02 3.824086454402201562e+13 2.879385621684840820e+12
4.393184654014486989e-02 3.803082294109170312e+13 2.849267578864940430e+12
4.416459787994495706e-02 3.769285879201686719e+13 2.822012355841347656e+12
4.439734922060802058e-02 3.723020392047249219e+13 2.797268416648248047e+12
4.463010056212055043e-02 3.664650093018192188e+13 2.774614478350596191e+12
4.486285190446932802e-02 3.594578592352792188e+13 2.753574243504896973e+12
4.509560324764139150e-02 3.513246986714633203e+13 2.733632176431772461e+12
4.532835459162408431e-02 3.421131867812266406e+13 2.714249527046712891e+12
4.556110593640495809e-02 3.318743210921550781e+13 2.694879898412410156e+12
4.579385728197185590e-02 3.206622151623538672e+13 2.674983794970029785e+12
4.602660862831284977e-02 3.085338659493397266e+13 2.654041751415443359e+12
4.625935997541626155e-02 2.955489117872412109e+13 2.631565804579408203e+12
4.649211132327062818e-02 2.817693819227608984e+13 2.607109215144016602e+12
4.672486267186472947e-02 2.672594385918350000e+13 2.580274462701052734e+12
4.695761402118758115e-02 2.520851126488804297e+13 2.550719623116471680e+12
4.719036537122839325e-02 2.363140337856224219e+13 2.518163292869426270e+12
4.742311672197657008e-02 2.200151563971643359e+13 2.482388255271753906e+12
4.765586807342179348e-02 2.032584821703975000e+13 2.443244094046205078e+12
4.788861942555385637e-02 1.861147804829562500e+13 2.400648956099019043e+12
4.812137077836282223e-02 1.686553077090607617e+13 2.354590652266793945e+12
4.835412213183890723e-02 1.509515265328465234e+13 2.305127265664323730e+12
4.858687348597250794e-02 1.330748263705715625e+13 2.252387414081097656e+12
4.881962484075424991e-02 1.150962459968733398e+13 2.196570285797052002e+12
4.905237619617488359e-02 9.708619946333017578e+12 2.137945536195662109e+12
4.928512755222537456e-02 7.911420638234227539e+12 2.076853092262261475e+12
4.951787890889681326e-02 6.124862763296542969e+12 2.013702858781965576e+12
4.975063026618051221e-02 4.355640752256674316e+12 1.948974246364187012e+12
4.998338162406791574e-02 2.610282341202467773e+12 1.883215338310808350e+12
5.021613298255062086e-02 8.951243781607154541e+11 1.817041369984837646e+12
5.044888434162038415e-02 -7.837104319710722656e+11 1.751132001250449707e+12
5.068163570126912876e-02 -2.420335753783812500e+12 1.686226615715965576e+12
5.091438706148891657e-02 -4.009122732799717773e+12 1.623116591746614502e+12
5.114713842227192747e-02 -5.544719910496934570e+12 1.562633201890737793e+12
5.137988978361054254e-02 -7.022071866268208008e+12 1.505629602340808350e+12
5.161264114549722615e-02 -8.436436515033175781e+12 1.452955431821127686e+12
5.184539250792459530e-02 -9.783400994775119141e+12 1.405423069170927734e+12
5.207814387088539193e-02 -1.105889608415897070e+13 1.363765819164524414e+12
5.231089523437251060e-02 -1.225920909656190234e+13 1.328590283145851074e+12
5.254364659837896384e-02 -1.338099520319269727e+13 1.300327660063917725e+12
5.277639796289786134e-02 -1.442128714461525000e+13 1.279190971273545898e+12
5.300914932792246542e-02 -1.537750329675529883e+13 1.265146114975827881e+12
5.324190069344614251e-02 -1.624745406441276367e+13 1.257903301345857422e+12
5.347465205946237005e-02 -1.702934658238169922e+13 1.256931720778272461e+12
5.370740342596475730e-02 -1.772178771145059375e+13 1.261495368132845215e+12
5.394015479294700377e-02 -1.832378532378363672e+13 1.270703630823980957e+12
5.417290616040290607e-02 -1.883474787947788672e+13 1.283568095835237549e+12
5.440565752832641350e-02 -1.925448230333262891e+13 1.299057465342855713e+12
5.463840889671153778e-02 -1.958319017819080078e+13 1.316144768591680176e+12
5.487116026555240167e-02 -1.982146227831131250e+13 1.333843986374649658e+12
5.510391163484322508e-02 -1.997027147343696484e+13 1.351235733252603027e+12
5.533666300457835974e-02 -2.003096404111441406e+13 1.367483280777774170e+12
5.556941437475219903e-02 -2.000524943172734375e+13 1.381840945410133789e+12
5.580216574535924734e-02 -1.989518853729585938e+13 1.393656952976853516e+12
5.603491711639412703e-02 -1.970318052152946875e+13 1.402372618167840576e+12
5.626766848785150210e-02 -1.943194827486339062e+13 1.407519269407561279e+12
5.650041985972618225e-02 -1.908452256402611719e+13 1.408713943412108887e+12
5.673317123201301188e-02 -1.866422495138081250e+13 1.405654533383358398e+12
5.696592260470693947e-02 -1.817464956453474219e+13 1.398114817361560059e+12
5.719867397780300372e-02 -1.761964380162248828e+13 1.385939612569140381e+12
5.743142535129630577e-02 -1.700328806229631445e+13 1.369040182744560303e+12
5.766417672518204390e-02 -1.632987459851736328e+13 1.347389952568342041e+12
5.789692809945547886e-02 -1.560388558310491406e+13 1.321020542907565918e+12
5.812967947411194769e-02 -1.482997049719373047e+13 1.290018122602806641e+12
5.836243084914690543e-02 -1.401292294069235547e+13 1.254520070048957275e+12
5.859518222455579323e-02 -1.315765697218562305e+13 1.214711946741452637e+12
5.882793360033420488e-02 -1.226918308663507812e+13 1.170824803502436768e+12
5.906068497647774806e-02 -1.135258394066744727e+13 1.123132868645566650e+12
5.929343635298214149e-02 -1.041298993616099219e+13 1.071951708524494141e+12
5.952618772984313161e-02 -9.455554773243183594e+12 1.017637010243537231e+12
5.975893910705658285e-02 -8.485431083773096680e+12 9.605842234169577637e+11
5.999169048461837350e-02 -7.507746255722255859e+12 9.012294286583889160e+11
6.022444186252445125e-02 -6.527578557853890625e+12 8.400520007665047607e+11
6.045719324077087481e-02 -5.549933672417950195e+12 7.775799452755629883e+11
6.068994461935369594e-02 -4.579721741551025391e+12 7.143992704615941162e+11
6.092269599826907744e-02 -3.621735030454687988e+12 6.511694982697871094e+11
6.115544737751321680e-02 -2.680626307373129395e+12 5.886484995319245605e+11
6.138819875708237395e-02 -1.760888036877537354e+12 5.277312099491961670e+11
6.162095013697286433e-02 -8.668324790149284668e+11 4.695077774946031494e+11
6.185370151718106585e-02 -2.572782426291655064e+09 4.153445421251873779e+11
6.208645289770341191e-02 8.279948451713121338e+11 3.669773666061674805e+11
6.231920427853636368e-02 1.621207811037028564e+12 3.265614829460122681e+11
6.255195565967645865e-02 2.373652583363532227e+12 2.965251565912791748e+11
6.278470704112029677e-02 3.082178842445592285e+12 2.789958957707401123e+11
6.301745842286449184e-02 3.743912276545813965e+12 2.748099008729710388e+11
6.325020980490574096e-02 4.356265968446001465e+12 2.828012920074418335e+11
6.348296118724076897e-02 4.916950325372756836e+12 3.001729081093022461e+11
6.371571256986638399e-02 5.423981511955420898e+12 3.236133843859895020e+11
6.394846395277935247e-02 5.875688353014073242e+12 3.501819010624562378e+11
6.418121533597660744e-02 6.270717680230231445e+12 3.776121601175158081e+11
6.441396671945505414e-02 6.608038104187515625e+12 4.042635219552200317e+11
6.464671810321162559e-02 6.886942200731892578e+12 4.289719481722985840e+11
6.487946948724336582e-02 7.107047108114704102e+12 4.509127211267657471e+11
6.511222087154730498e-02 7.268293538964941406e+12 4.695002671526157837e+11
6.534497225612054261e-02 7.370943218564560547e+12 4.843207818929705200e+11
6.557772364096020601e-02 7.415574768426410156e+12 4.950880704687296753e+11
6.581047502606345023e-02 7.403078061448891602e+12 5.016145923625256958e+11
6.604322641142752748e-02 7.334647082165994141e+12 5.037921899234291992e+11
6.627597779704964831e-02 7.211771332630312500e+12 5.015789378947366333e+11
6.650872918292714819e-02 7.036225831294444336e+12 4.949898644627404785e+11
6.674148056905730708e-02 6.810059758846476562e+12 4.840901270707218628e+11
6.697423195543752983e-02 6.535583811302607422e+12 4.689897452567487793e+11
6.720698334206520741e-02 6.215356326617194336e+12 4.498393162421163330e+11
6.743973472893777243e-02 5.852168256840443359e+12 4.268263423315017700e+11
6.767248611605269915e-02 5.449027063118626953e+12 4.001719286996920776e+11
6.790523750340748954e-02 5.009139615814115234e+12 3.701276939044653320e+11
6.813798889099968725e-02 4.535894186562705078e+12 3.369727905736395264e+11
6.837074027882689142e-02 4.032841623194583496e+12 3.010109705550607910e+11
6.860349166688668732e-02 3.503675802086844727e+12 2.625676539091841431e+11
6.883624305517670183e-02 2.952213455781333984e+12 2.219869784169151917e+11
6.906899444369464514e-02 2.382373476308505371e+12 1.796288184659293518e+11
6.930174583243818576e-02 1.798155797051705566e+12 1.358657707522267609e+11
6.953449722140507550e-02 1.203619957426468750e+12 9.108011087269114685e+10
6.976724861059309390e-02 6.028634565135726318e+11 4.566073268007059479e+10
