# r [arcsec]	I [Jy/sr]	I_uncer [Jy/sr]
1.272617859314095550e-03 2.979120499799461060e+11 5.120801999098767281e+09
2.921189009106442414e-03 2.972057167347437744e+11 5.091587464063287735e+09
4.579495862547155495e-03 2.959384365801159668e+11 5.039392171937536240e+09
6.240002426697914550e-03 2.941158469319923706e+11 4.964771705203632355e+09
7.901343393063876494e-03 2.917464145055837402e+11 4.868548537193782806e+09
9.563088128690054243e-03 2.888411595816383667e+11 4.751790071890007019e+09
1.122505851373705593e-02 2.854135651483595581e+11 4.615798727208188057e+09
1.288716767388508287e-02 2.814794875306195068e+11 4.462102216285436630e+09
1.454936822595933807e-02 2.770570550206787720e+11 4.292443550077957630e+09
1.621163214106096165e-02 2.721665530760374146e+11 4.108771278848670483e+09
1.787394178310437384e-02 2.668302964360715637e+11 3.913230750019805908e+09
1.953628550253095827e-02 2.610724889495416870e+11 3.708157318030223370e+09
2.119865529577967186e-02 2.549190720836496277e+11 3.496072537668233395e+09
2.286104548286438387e-02 2.483975631942243347e+11 3.279684340892645359e+09
2.452345192144544592e-02 2.415368847191566467e+11 3.061891874784742832e+09
2.618587151961204035e-02 2.343671855249120789e+11 2.845794736292570114e+09
2.784830192283991451e-02 2.269196556919263000e+11 2.634704175300195217e+09
2.951074130657948408e-02 2.192263360700548706e+11 2.432149464417224407e+09
3.117318823511218417e-02 2.113199239698952026e+11 2.241864742356941223e+09
3.283564156322602012e-02 2.032335763798660583e+11 2.067729342589605808e+09
3.449810036628684490e-02 1.950007121121282349e+11 1.913619914331454754e+09
3.616056388957845924e-02 1.866548142828286438e+11 1.783125402129403591e+09
3.782303151098994481e-02 1.782292345235850220e+11 1.679098446467378855e+09
3.948550271312052662e-02 1.697570003017602844e+11 1.603094413841403723e+09
4.114797706214112089e-02 1.612706266970310974e+11 1.554870789501131773e+09
4.281045419157746001e-02 1.528019339411417847e+11 1.532193839218771458e+09
4.447293378972808769e-02 1.443818719770876770e+11 1.531108475743283033e+09
4.613541558980088775e-02 1.360403532333574677e+11 1.546590876145001888e+09
4.779789936210682849e-02 1.278060947391230774e+11 1.573316135288631678e+09
4.946038490782722619e-02 1.197064706276175842e+11 1.606283248229551077e+09
5.112287205399637657e-02 1.117673759882436523e+11 1.641186439735277891e+09
5.278536064943199074e-02 1.040131029337768402e+11 1.674557461564603090e+09
5.444785056141081270e-02 9.646622964822569275e+10 1.703759199401001215e+09
5.611034167293492414e-02 8.914752307420457458e+10 1.726905937404206753e+09
5.777283388046990098e-02 8.207585578711558533e+10 1.742759631017945290e+09
5.943532709206246489e-02 7.526813748772219849e+10 1.750627738596081257e+09
6.109782122576532665e-02 6.873926142605978394e+10 1.750272871114512205e+09
6.276031620831216962e-02 6.250206594886885834e+10 1.741836473030667543e+09
6.442281197399798987e-02 5.656731124095982361e+10 1.725775166862709522e+09
6.608530846372812073e-02 5.094367120921800232e+10 1.702807110791298389e+09
6.774780562420743002e-02 4.563774033726869965e+10 1.673865442299370289e+09
6.941030340724584080e-02 4.065405522028729248e+10 1.640055954763638973e+09
7.107280176916151715e-02 3.599513037403644562e+10 1.602616298641732931e+09
7.273530067026563739e-02 3.166150780094926834e+10 1.562874153042654037e+09
7.439780007441634813e-02 2.765181968997395706e+10 1.522202054739450216e+09
7.606029994863128252e-02 2.396286352676506042e+10 1.481967078070779085e+09
7.772280026274960840e-02 2.058968879771121979e+10 1.443474565126676321e+09
7.938530098913672284e-02 1.752569438580501175e+10 1.407906809273113489e+09
8.104780210242505667e-02 1.476273567948283577e+10 1.376259993000288725e+09
8.271030357928650656e-02 1.229124034773565674e+10 1.349285370076864481e+09
8.437280539823126257e-02 1.010033167675258636e+10 1.327442770771318436e+09
8.603530753943039455e-02 8.177958315531617165e+09 1.310874840221285343e+09
8.769780998455847798e-02 6.511029240645002365e+09 1.299408170161175013e+09
8.936031271665356712e-02 5.085552724068599701e+09 1.292582852482743025e+09
9.102281571999285004e-02 3.886778072734139442e+09 1.289706399264863253e+09
9.268531897998151525e-02 2.899338904434551716e+09 1.289923472220839500e+09
9.434782248305331742e-02 2.107396731817833900e+09 1.292290970974808693e+09
9.601032621658157906e-02 1.494783644303064108e+09 1.295848991905756235e+09
9.767283016879922675e-02 1.045142906646965265e+09 1.299681054290494442e+09
9.933533432872686253e-02 7.420663321790838242e+08 1.302960417827509642e+09
1.009978386861079547e-01 5.692273379777574539e+08 1.304982192175222158e+09
1.026603432313502873e-01 5.105086479601297975e+08 1.305182774315642595e+09
1.043228479554730720e-01 5.501236772847805023e+08 1.303148966524444818e+09
1.059853528500589448e-01 6.727307069999245405e+08 1.298619208849249840e+09
1.076478579072105424e-01 8.635390406063878536e+08 1.291479028045788288e+09
1.093103631195108394e-01 1.108406423337920427e+09 1.281752310505088806e+09
1.109728684799872744e-01 1.393927099541707754e+09 1.269589503620569468e+09
1.126353739820789568e-01 1.707509982559826851e+09 1.255253414770901918e+09
1.142978796196066349e-01 2.037446514014586210e+09 1.239102939790549040e+09
1.159603853867454265e-01 2.372967894232396126e+09 1.221574823529587030e+09
1.176228912779997832e-01 2.704291471781053543e+09 1.203163440678099871e+09
1.192853972881804531e-01 3.022656186496589661e+09 1.184398596285797596e+09
1.209479034123834701e-01 3.320347066068654537e+09 1.165821495597512960e+09
1.226104096459709192e-01 3.590708879999124527e+09 1.147959327572838068e+09
1.242729159845529646e-01 3.828149155690999985e+09 1.131299327015363455e+09
1.259354224239715991e-01 4.028130858481162071e+09 1.116263665320764065e+09
1.275979289602855449e-01 4.187155129717082977e+09 1.103186956584807158e+09
1.292604355897561952e-01 4.302734563629321098e+09 1.092298403205697775e+09
1.309229423088349165e-01 4.373357583945820808e+09 1.083710497831082582e+09
1.325854491141509606e-01 4.398444554246562958e+09 1.077415671848563910e+09
1.342479560025006402e-01 4.378296321284545898e+09 1.073291386340988636e+09
1.359104629708369483e-01 4.314035947415175438e+09 1.071113086100075960e+09
1.375729700162601765e-01 4.207544436367498875e+09 1.070573445108439922e+09
1.392354771360091448e-01 4.061391295573078632e+09 1.071305664028162718e+09
1.408979843274529020e-01 3.878760807821918964e+09 1.072908363993773341e+09
1.425604915880832879e-01 3.663374905096579075e+09 1.074969836255244255e+09
1.442229989155077718e-01 3.419413547877011776e+09 1.077089919634434700e+09
1.458855063074428748e-01 3.151433514215137959e+09 1.078898409706702709e+09
1.475480137617080634e-01 2.864286494512505054e+09 1.080069500910504341e+09
1.492105212762198374e-01 2.563037370506522655e+09 1.080332230779918432e+09
1.508730288489867621e-01 2.252883530847329140e+09 1.079477202033179522e+09
1.525355364781040279e-01 1.939076041252121210e+09 1.077360016289847612e+09
1.541980441617490649e-01 1.626843445116859674e+09 1.073901898340931654e+09
1.558605518981770188e-01 1.321318921215748072e+09 1.069087962632341862e+09
1.575230596857167542e-01 1.027471469444751024e+09 1.062963509197881341e+09
1.591855675227668576e-01 7.500417341656545401e+08 1.055628661113477588e+09
1.608480754077921959e-01 4.934830083564980626e+08 1.047231587689455271e+09
1.625105833393203636e-01 2.619078913539325893e+08 1.037960508665111184e+09
1.641730913159387406e-01 5.904099921904492378e+07 1.028034651793676615e+09
1.658355993362912173e-01 -1.118219493219578564e+08 1.017694343312173367e+09
1.674981073990755853e-01 -2.478484260692203045e+08 1.007190448687680602e+09
1.691606155030408176e-01 -3.466965986449540257e+08 9.967734465061069727e+08
1.708231236469845982e-01 -4.065359589322861433e+08 9.866825029299476147e+08
1.724856318297508795e-01 -4.260610626875644922e+08 9.771350029737356901e+08
1.741481400502279120e-01 -4.044984434781540632e+08 9.683170672005381584e+08
1.758106483073458848e-01 -3.416068365576076508e+08 9.603756144450629950e+08
1.774731566000750660e-01 -2.376709173905645609e+08 9.534125011141574383e+08
1.791356649274240265e-01 -9.348882455711896718e+07 9.474811629270406961e+08
1.807981732884377246e-01 8.964620284713207185e+07 9.425860083968495131e+08
1.824606816821959798e-01 3.099696880536892414e+08 9.386845855167561769e+08
1.841231901078118072e-01 5.652748449624959230e+08 9.356922992007952929e+08
1.857856985644300296e-01 8.529460938618680239e+08 9.334892381821134090e+08
1.874482070512257237e-01 1.169996649419874191e+09 9.319285121501480341e+08
1.891107155674030538e-01 1.513109635518048525e+09 9.308454240650167465e+08
1.907732241121938566e-01 1.878682157983734369e+09 9.300668110797541142e+08
1.924357326848565586e-01 2.262871749649207592e+09 9.294199657742259502e+08
1.940982412846749550e-01 2.661644592452817917e+09 9.287406726564249992e+08
1.957607499109572380e-01 3.070824918381355762e+09 9.278800360563167334e+08
1.974232585630348313e-01 3.486144994825286388e+09 9.267099117441573143e+08
1.990857672402615297e-01 3.903295110142719746e+09 9.251268706777187586e+08
2.007482759420124996e-01 4.317972991597892761e+09 9.230547121935058832e+08
2.024107846676835298e-01 4.725932110046596527e+09 9.204456054147362709e+08
2.040732934166899215e-01 5.123028353353657722e+09 9.172799756518504620e+08
2.057358021884660160e-01 5.505264583082892418e+09 9.135652732228435278e+08
2.073983109824642512e-01 5.868832626038493156e+09 9.093337718075450659e+08
2.090608197981545235e-01 6.210152293187821388e+09 9.046395478150326014e+08
2.107233286350234380e-01 6.525907062809516907e+09 8.995547955185204744e+08
2.123858374925735870e-01 6.813076111819317818e+09 8.941656375806227922e+08
2.140483463703231337e-01 7.068962428485111237e+09 8.885675980592949390e+08
2.157108552678049240e-01 7.291216790609107018e+09 8.828609145169055462e+08
2.173733641845664311e-01 7.477857445048406601e+09 8.771458755092155933e+08
2.190358731201685061e-01 7.627285376624390602e+09 8.715183764646576643e+08
2.206983820741854618e-01 7.738295106408788681e+09 8.660658871211135387e+08
2.223608910462041566e-01 7.810081010514775276e+09 8.608640136549608707e+08
2.240234000358239386e-01 7.842239200315721512e+09 8.559738156591908932e+08
2.256859090426557024e-01 7.834765052949459076e+09 8.514400011148291826e+08
2.273484180663219723e-01 7.788046526558379173e+09 8.472900725780552626e+08
2.290109271064561247e-01 7.702853437527304649e+09 8.435344385353636742e+08
2.306734361627020280e-01 7.580322916612375259e+09 8.401674407780206203e+08
2.323359452347137921e-01 7.421941296961974144e+09 8.371691883820266724e+08
2.339984543221555469e-01 7.229522719302495956e+09 8.345080379479920864e+08
2.356609634247005536e-01 7.005184767749866486e+09 8.321435233654606342e+08
2.373234725420314828e-01 6.751321473639981270e+09 8.300295195059778690e+08
2.389859816738397480e-01 6.470574044249532700e+09 8.281174233844670057e+08
2.406484908198254224e-01 6.165799688266594887e+09 8.263591516610982418e+08
2.423109999796965175e-01 5.840038920322494507e+09 8.247097814703210592e+08
2.439735091531692601e-01 5.496481732764466286e+09 8.231296983241595030e+08
2.456360183399674824e-01 5.138433024313165665e+09 8.215861561676431894e+08
2.472985275398224547e-01 4.769277672298064232e+09 8.200541971291037798e+08
2.489610367524725254e-01 4.392445628063403130e+09 8.185169195762324333e+08
2.506235459776631203e-01 4.011377403999089718e+09 8.169651211037646532e+08
2.522860552151463542e-01 3.629490305800787926e+09 8.153963770718003511e+08
2.539485644646808371e-01 3.250145745196919441e+09 8.138136446748909950e+08
2.556110737260313126e-01 2.876617946875136375e+09 8.122235067353309393e+08
2.572735829989687417e-01 2.512064338976635933e+09 8.106341878484983444e+08
2.589360922832700251e-01 2.159497889704561710e+09 8.090534873557169437e+08
2.605986015787175591e-01 1.821761623651587486e+09 8.074867779690959454e+08
2.622611108850994577e-01 1.501505520814602137e+09 8.059352149248765707e+08
2.639236202022091082e-01 1.201165969294867039e+09 8.043942878596566916e+08
2.655861295298450053e-01 9.229479098019665480e+08 8.028528263925726414e+08
2.672486388678106950e-01 6.688097766960229874e+08 8.012925416772089005e+08
2.689111482159146083e-01 4.404513067713961601e+08 7.996881518151125908e+08
2.705736575739698391e-01 2.393042537381962240e+08 7.980081015444202423e+08
2.722361669417941443e-01 6.652601373211717606e+07 7.962158489419767857e+08
2.738986763192096108e-01 -7.700386446000018716e+07 7.942716568697868586e+08
2.755611857060425440e-01 -1.906843410967755914e+08 7.921347969611583948e+08
2.772236951021236906e-01 -2.741908044444269538e+08 7.897660507013694048e+08
2.788862045072874607e-01 -3.274703591612448692e+08 7.871303763061664104e+08
2.805487139213725944e-01 -3.507346209203408957e+08 7.841996014299862385e+08
2.822112233442213292e-01 -3.444501763928740621e+08 7.809549993355069160e+08
2.838737327756796214e-01 -3.093268874691848755e+08 7.773896087482171059e+08
2.855362422155972579e-01 -2.463042356635001004e+08 7.735101638791650534e+08
2.871987516638271343e-01 -1.565359169160092771e+08 7.693385100625861883e+08
2.888612611202258651e-01 -4.137290838891632855e+07 7.649123917239255905e+08
2.905237705846532292e-01 9.765476266664485633e+07 7.602855134017055035e+08
2.921862800569720031e-01 2.588573123569022715e+08 7.555267925393857956e+08
2.938487895370484604e-01 4.404053176097121239e+08 7.507187467243587971e+08
2.955112990247516502e-01 6.403504195434404612e+08 7.459549903669259548e+08
2.971738085199533974e-01 8.566463774970145226e+08 7.413368586547048092e+08
2.988363180225286353e-01 1.087170243995074034e+09 7.369692311396843195e+08
3.004988275323551283e-01 1.329743438843608856e+09 7.329556925879426003e+08
3.021613370493130279e-01 1.582152510789635658e+09 7.293932407719656229e+08
3.038238465732852611e-01 1.842169387446728945e+09 7.263668221145998240e+08
3.054863561041573639e-01 2.107570928348896027e+09 7.239440356344496012e+08
3.071488656418173702e-01 2.376157611732764244e+09 7.221703808564953804e+08
3.088113751861554790e-01 2.645771202795495033e+09 7.210654247097902298e+08
3.104738847370644983e-01 2.914311269394393921e+09 7.206202189150599241e+08
3.121363942944395120e-01 3.179750430256519794e+09 7.207962135482531786e+08
3.137989038581776025e-01 3.440148240418647289e+09 7.215257937374979258e+08
3.154614134281782389e-01 3.693663638615890026e+09 7.227144316904237270e+08
3.171239230043430002e-01 3.938565901353771210e+09 7.242443159762949944e+08
3.187864325865753523e-01 4.173244068255122185e+09 7.259792132678017616e+08
3.204489421747808708e-01 4.396214822644941330e+09 7.277702476325054169e+08
3.221114517688670742e-01 4.606128830053950310e+09 7.294622535360536575e+08
3.237739613687434237e-01 4.801775555152502060e+09 7.309003672354331017e+08
3.254364709743211015e-01 4.982086594330142021e+09 7.319365575076770782e+08
3.270989805855132326e-01 5.146137576624539375e+09 7.324358483212054968e+08
3.287614902022346075e-01 5.293148699717401505e+09 7.322820411661188602e+08
3.304239998244018484e-01 5.422483980201128960e+09 7.313827938394886255e+08
3.320865094519330207e-01 5.533649308144381523e+09 7.296739493543381691e+08
3.337490190847480775e-01 5.626289405033615112e+09 7.271230303255563974e+08
3.354115287227684150e-01 5.700183791456141472e+09 7.237318203325905800e+08
3.370740383659170392e-01 5.755241876316173553e+09 7.195379459983141422e+08
3.387365480141183438e-01 5.791497282984429359e+09 7.146153551314556599e+08
3.403990576672984991e-01 5.809101529565311432e+09 7.090735622316308022e+08
3.420615673253846745e-01 5.808317180517036438e+09 7.030555100541849136e+08
3.437240769883058711e-01 5.789510585170993805e+09 6.967338845935027599e+08
3.453865866559921449e-01 5.753144315456202507e+09 6.903057336012579203e+08
3.470490963283750507e-01 5.699769410382566452e+09 6.839852907084237337e+08
3.487116060053874755e-01 5.630017528737870216e+09 6.779950131256840229e+08
3.503741156869634166e-01 5.544593104150785446e+09 6.725550099995537996e+08
3.520366253730383144e-01 5.444265588341859818e+09 6.678712669616110325e+08
3.536991350635486642e-01 5.329861859150746346e+09 6.641233355818977356e+08
3.553616447584322380e-01 5.202258860062108040e+09 6.614524050877879858e+08
3.570241544576279180e-01 5.062376527523010254e+09 6.599508397381390333e+08
3.586866641610758633e-01 4.911171051675974846e+09 6.596542799063384533e+08
3.603491738687170098e-01 4.749628505279951096e+09 6.605372260864305496e+08
3.620116835804937372e-01 4.578758864863651276e+09 6.625126619161851406e+08
3.636741932963493684e-01 4.399590437627538681e+09 6.654357927240675688e+08
3.653367030162280593e-01 4.213164697562196732e+09 6.691114879780248404e+08
3.669992127400752979e-01 4.020531524720011234e+09 6.733046293573976755e+08
3.686617224678372939e-01 3.822744832852251530e+09 6.777523542363415956e+08
3.703242321994613118e-01 3.620858562698605061e+09 6.821771631110690832e+08
3.719867419348956150e-01 3.415923011335295677e+09 6.862999926014308929e+08
3.736492516740893000e-01 3.208981462134742260e+09 6.898525778136345148e+08
3.753117614169925176e-01 3.001067075245285034e+09 6.925886716598173380e+08
3.769742711635561405e-01 2.793199995026265144e+09 6.942939033793857098e+08
3.786367809137318741e-01 2.586384628696290016e+09 6.947942161930510998e+08
3.802992906674724227e-01 2.381607049489048004e+09 6.939629168343321085e+08
3.819618004247312126e-01 2.179832477967979908e+09 6.917264021594587564e+08
3.836243101854625026e-01 1.982002796655792952e+09 6.880686096229523420e+08
3.852868199496213841e-01 1.789034055902732372e+09 6.830341785361603498e+08
3.869493297171635593e-01 1.601813932697893858e+09 6.767302149483588934e+08
3.886118394880457849e-01 1.421199109013166189e+09 6.693264305605643988e+08
3.902743492622252064e-01 1.248012541975359440e+09 6.610532831661814451e+08
3.919368590396599683e-01 1.083040604742206573e+09 6.521975983916809559e+08
3.935993688203087704e-01 9.270300840971025229e+08 6.430950312930395603e+08
3.952618786041311449e-01 7.806850285191234350e+08 6.341186860841147900e+08
3.969243883910870685e-01 6.446634484747188091e+08 6.256633325188881159e+08
3.985868981811374612e-01 5.195738789654411077e+08 6.181250299816160202e+08
4.002494079742436872e-01 4.059718225655018091e+08 6.118766607725362778e+08
4.019119177703678880e-01 3.043560993590902686e+08 6.072408569179778099e+08
4.035744275694727046e-01 2.151651379470503926e+08 6.044628959028224945e+08
4.052369373715214440e-01 1.387732491000042260e+08 6.036869839303127527e+08
4.068994471764781906e-01 7.548693032203754783e+07 6.049395156549860239e+08
4.085619569843071952e-01 2.554125563243530691e+07 6.081221216683814526e+08
4.102244667949735413e-01 -1.090359009365779907e+07 6.130156809465336800e+08
4.118869766084432005e-01 -3.376556870959796011e+07 6.192944795631128550e+08
4.135494864246819224e-01 -4.304377188501454890e+07 6.265480141324956417e+08
4.152119962436567890e-01 -3.882106136290713400e+07 6.343070763290289640e+08
4.168745060653349932e-01 -2.126629760276156291e+07 6.420708265760879517e+08
4.185370158896842829e-01 9.363911362995227799e+06 6.493323179856454134e+08
4.201995257166728504e-01 5.272400686296550930e+07 6.556009573638011217e+08
4.218620355462696647e-01 1.083788850839961767e+08 6.604213396436840296e+08
4.235245453784438063e-01 1.758039691200119853e+08 6.633885800026210546e+08
4.251870552131651881e-01 2.543859997960922420e+08 6.641606626070442200e+08
4.268495650504041117e-01 3.434245902564759254e+08 6.624684845585091114e+08
4.285120748901312115e-01 4.421345812736818790e+08 6.581242829759026766e+08
4.301745847323175664e-01 5.496492248808157444e+08 6.510290646739783287e+08
4.318370945769347546e-01 6.650242140510171652e+08 6.411795561805710793e+08
4.334996044239549096e-01 7.872425651604888439e+08 6.286750705701315403e+08
4.351621142733504422e-01 9.152203487975391150e+08 6.137245295389286280e+08
4.368246241250944295e-01 1.047813252470153689e+09 5.966536325862523317e+08
4.384871339791597822e-01 1.183823946957632542e+09 5.779117359822090864e+08
4.401496438355204099e-01 1.322010215708724260e+09 5.580772491227966547e+08
4.418121536941504446e-01 1.461093794982333183e+09 5.378590988614842892e+08
4.434746635550242400e-01 1.599769860482741594e+09 5.180899359289538860e+08
4.451371734181167605e-01 1.736717085399715185e+09 4.997044581875032187e+08
4.467996832834031928e-01 1.870608183950119019e+09 4.836944985743818283e+08
4.484621931508591675e-01 2.000120845272290230e+09 4.710336658627201915e+08
4.501247030204606481e-01 2.123948953539369822e+09 4.625715179438677430e+08
4.517872128921838204e-01 2.240813983182270527e+09 4.589117691398136020e+08
4.534497227660054253e-01 2.349476451536258221e+09 4.603055197838411927e+08
4.551122326419027031e-01 2.448747307105186939e+09 4.665961506420961022e+08
4.567747425198525613e-01 2.537499127923202991e+09 4.772372436508929133e+08
4.584372523998329063e-01 2.614677003652892590e+09 4.913751587107356787e+08
4.600997622818217003e-01 2.679308974502357483e+09 5.079642644022242427e+08
4.617622721657972384e-01 2.730515902743490696e+09 5.258796191746671200e+08
4.634247820517383154e-01 2.767520655300426960e+09 5.440051181320861578e+08
4.650872919396236149e-01 2.789656482207440853e+09 5.612913915206201077e+08
4.667498018294323758e-01 2.796374481531552315e+09 5.767880966575428247e+08
4.684123117211442255e-01 2.787250051220553398e+09 5.896586214807639122e+08
4.700748216147389580e-01 2.761988236879792213e+09 5.991844298064506054e+08
4.717373315101965336e-01 2.720427897631935596e+09 6.047641118950587511e+08
4.733998414074974126e-01 2.662544622890586853e+09 6.059101560723099709e+08
4.750623513066224435e-01 2.588452348956015587e+09 6.022449950031111240e+08
4.767248612075521974e-01 2.498403636270633698e+09 5.934969864312462807e+08
4.783873711102680226e-01 2.392788586812283516e+09 5.794964999751641750e+08
4.800498810147514894e-01 2.272132393064575672e+09 5.601720475348885059e+08
4.817123909209840571e-01 2.137091530990959644e+09 5.355463018692743182e+08
4.833749008289477955e-01 1.988448619769603968e+09 5.057318320981194377e+08
4.850374107386249412e-01 1.827105994625520468e+09 4.709264023708031178e+08
4.866999206499977859e-01 1.654078045252698660e+09 4.314077162866710424e+08
4.883624305630492324e-01 1.470482400111254930e+09 3.875275261481494308e+08
4.900249404777619611e-01 1.277530034114015818e+09 3.397050685327065587e+08
4.916874503941192631e-01 1.076514414874277830e+09 2.884198196298982501e+08
4.933499603121045407e-01 8.687997790092058182e+08 2.342036066765941679e+08
4.950124702317013070e-01 6.558086986911581755e+08 1.776321448538769782e+08
4.966749801528934083e-01 4.390090041185362339e+08 1.193162275699985474e+08
4.983374900756649684e-01 2.199003982843630314e+08 5.989392154996055365e+07
