# r [arcsec]	I [Jy/sr]	I_uncer [Jy/sr]
3.817853577942286001e-03 1.295537321301367340e+11 9.341277085762249231e+08
8.763567027319327241e-03 1.292973834613700867e+11 9.264975433351628780e+08
1.373848758764146562e-02 1.288378590939242859e+11 9.128929902778962851e+08
1.872000728009374365e-02 1.281778959126583252e+11 8.935162844345078468e+08
2.370403017919163122e-02 1.273215462354969177e+11 8.686610982102553844e+08
2.868926438607016446e-02 1.262740578351862793e+11 8.387065194292386770e+08
3.367517554121116780e-02 1.250418155262919922e+11 8.041129490867986679e+08
3.866150302165524688e-02 1.236322781506596680e+11 7.654179625260441303e+08
4.364810467787801074e-02 1.220539065739314575e+11 7.232324125695915222e+08
4.863489642318288148e-02 1.203160827593410034e+11 6.782373400856021643e+08
5.362182534931311806e-02 1.184290207016580963e+11 6.311824391715803146e+08
5.860885650759287135e-02 1.164036702213938293e+11 5.828869850768417120e+08
6.359596588733901212e-02 1.142516147300398102e+11 5.342441941880575418e+08
6.858313644859315161e-02 1.119849641501142120e+11 4.862296911885995269e+08
7.357035576433633428e-02 1.096162442243670349e+11 4.399134757453689575e+08
7.855761455883611410e-02 1.071582834805881500e+11 3.964711512000957131e+08
8.354490576851973660e-02 1.046240991330101318e+11 3.571818817844242454e+08
8.853222391973845917e-02 1.020267831989100189e+11 3.233856005997335315e+08
9.351956470533653865e-02 9.937939008996176147e+10 2.963554274786426425e+08
9.850692468967806037e-02 9.669482690275619507e+10 2.770492690911501646e+08
1.034943010988605139e-01 9.398574758238227844e+10 2.657823814233571887e+08
1.084816916687353777e-01 9.126445206790779114e+10 2.619961699776679873e+08
1.134690945329698275e-01 8.854279145016642761e+10 2.643236890375552773e+08
1.184565081393615799e-01 8.583208008164131165e+10 2.709467067119484544e+08
1.234439311864233557e-01 8.314301547690777588e+10 2.800178203843477964e+08
1.284313625747323662e-01 8.048560673154666138e+10 2.899435893366032839e+08
1.334188013691842700e-01 7.786911206940972900e+10 2.994910408099384904e+08
1.384062467694026355e-01 7.530198600422587585e+10 3.077808977954900265e+08
1.433936980863204647e-01 7.279183647371789551e+10 3.142352520679559112e+08
1.483811547234816508e-01 7.034539217432501221e+10 3.185181811759174466e+08
1.533686161619891020e-01 6.796848019427086639e+10 3.204841162074446082e+08
1.583560819482959792e-01 6.566601391368673706e+10 3.201369190426667333e+08
1.633435516842324520e-01 6.344199101476686859e+10 3.175982759060421586e+08
1.683310250188047585e-01 6.129950132386815643e+10 3.130830036037071943e+08
1.733185016414096891e-01 5.924074409294862366e+10 3.068789983948834538e+08
1.783059812761873808e-01 5.726705422087393951e+10 2.993299289926088452e+08
1.832934636772959591e-01 5.537893681749258423e+10 2.908190901913715005e+08
1.882809486249364950e-01 5.357610942591129303e+10 2.817530565869466066e+08
1.932684359219939418e-01 5.185755114216017914e+10 2.725439914066428542e+08
1.982559253911843622e-01 5.022155780718831635e+10 2.635898301938137412e+08
2.032434168726222901e-01 4.866580239444549561e+10 2.552522588972952068e+08
2.082309102217375085e-01 4.718739967759636688e+10 2.478335567577306032e+08
2.132184053074845376e-01 4.578297423740517426e+10 2.415548493437269926e+08
2.182059020107968983e-01 4.444873085447004700e+10 2.365395943225051463e+08
2.231934002232490444e-01 4.318052633522243500e+10 2.328063776314370632e+08
2.281808998458938198e-01 4.197394183189644623e+10 2.302737007421034873e+08
2.331684007882487975e-01 4.082435474271402740e+10 2.287766045043212473e+08
2.381559029674101546e-01 3.972700931541186523e+10 2.280918995617079437e+08
2.431434063072751561e-01 3.867708512481069183e+10 2.279669130311572552e+08
2.481309107378594780e-01 3.766976265231054688e+10 2.281467096105959415e+08
2.531184161946937738e-01 3.670028526096348572e+10 2.283962795881056488e+08
2.581059226182911837e-01 3.576401693300750732e+10 2.285161912617649436e+08
2.630934299536754062e-01 3.485649521606994629e+10 2.283518275557230711e+08
2.680809381499607014e-01 3.397347890857122040e+10 2.277972291512714028e+08
2.730684471599785779e-01 3.311099010266594315e+10 2.267948332485743761e+08
2.780559569399445041e-01 3.226535029313043594e+10 2.253322783176886439e+08
2.830434674491599245e-01 3.143321035160611343e+10 2.234371727655977607e+08
2.880309786497447511e-01 3.061157425616233063e+10 2.211704476631998718e+08
2.930184905063976664e-01 2.979781655509393311e+10 2.186187030451870263e+08
2.980060029861805737e-01 2.898969362994018173e+10 2.158858392634859383e+08
3.029935160583238640e-01 2.818534890483173370e+10 2.130842407268154323e+08
3.079810296940508341e-01 2.738331222639912796e+10 2.103258363132327497e+08
3.129685438664192021e-01 2.658249370967414856e+10 2.077134721806840003e+08
3.179560585501768344e-01 2.578217240990441513e+10 2.053331553590542078e+08
3.229435737216315716e-01 2.498198023724232864e+10 2.032478027634217143e+08
3.279310893585324904e-01 2.418188158037281799e+10 2.014931017012349963e+08
3.329186054399617678e-01 2.338214914578012085e+10 2.000759193828056753e+08
3.379061219462368704e-01 2.258333655135599899e+10 1.989754019436230659e+08
3.428936388588199047e-01 2.178624823611470795e+10 1.981465423894311488e+08
3.478811561602362934e-01 2.099190726201935196e+10 1.975256675887734890e+08
3.528686738339993356e-01 2.020152158930624008e+10 1.970370841049602628e+08
3.578561918645413176e-01 1.941644940357521820e+10 1.966000733819713593e+08
3.628437102371503964e-01 1.863816406150632095e+10 1.961355241084164679e+08
3.678312289379127020e-01 1.786821920293249130e+10 1.955716786480218470e+08
3.728187479536588800e-01 1.710821455059004974e+10 1.948486855960840881e+08
3.778062672719147974e-01 1.635976288592502785e+10 1.939218402346041501e+08
3.827937868808565791e-01 1.562445865043058014e+10 1.927635321352625489e+08
3.877813067692685856e-01 1.490384857805858231e+10 1.913640002409869730e+08
3.927688269265047216e-01 1.419940471595495224e+10 1.897310305402458906e+08
3.977563473424529095e-01 1.351250013909656143e+10 1.878887357572601438e+08
4.027438680075018929e-01 1.284438761014919472e+10 1.858755462111868262e+08
4.077313889125108171e-01 1.219618137997851944e+10 1.837415294209512770e+08
4.127189100487804740e-01 1.156884226755477333e+10 1.815451530117913187e+08
4.177064314080274343e-01 1.096316610141339111e+10 1.793496172174008489e+08
4.226939529823587338e-01 1.037977554918013000e+10 1.772189117685341239e+08
4.276814747642498915e-01 9.819115307745990753e+09 1.752137940088476837e+08
4.326689967465233155e-01 9.281450575230075836e+09 1.733879313530242443e+08
4.376565189223286523e-01 8.766868677580738068e+09 1.717844866480419040e+08
4.426440412851241901e-01 8.275283678172164917e+09 1.704334317700604200e+08
4.476315638286594845e-01 7.806443758552616119e+09 1.693498380128738284e+08
4.526190865469603142e-01 7.359941123109484673e+09 1.685333065898072422e+08
4.576066094343120838e-01 6.935224150153608322e+09 1.679685787676488757e+08
4.625941324852472225e-01 6.531611487119455338e+09 1.676272266622839272e+08
4.675816556945310287e-01 6.148307768379017830e+09 1.674702030812270939e+08
4.725691790571502904e-01 5.784420620717991829e+09 1.674509482949600816e+08
4.775567025683005173e-01 5.438978613818128586e+09 1.675187262519802749e+08
4.825442262233765600e-01 5.110949811033545494e+09 1.676218893597165644e+08
4.875317500179611185e-01 4.799260579235198975e+09 1.677108340017434955e+08
4.925192739478161941e-01 4.502814325233595848e+09 1.677404880630591810e+08
4.975067980088735964e-01 4.220509840001358509e+09 1.676722487499917150e+08
5.024943221972267837e-01 3.951258950221310139e+09 1.674753520951634645e+08
5.074818465091224251e-01 3.694003199132738113e+09 1.671276998989056349e+08
5.124693709409537945e-01 3.447729304775809288e+09 1.666161960257917643e+08
5.174568954892526662e-01 3.211483173003221989e+09 1.659366555600356460e+08
5.224444201506837082e-01 2.984382274475944042e+09 1.650933519618507326e+08
5.274319449220377098e-01 2.765626228720077515e+09 1.640982634327164888e+08
5.324194698002251425e-01 2.554505473588838577e+09 1.629700736998894215e+08
5.374069947822720517e-01 2.350407934547881603e+09 1.617329768823059201e+08
5.423945198653131738e-01 2.152823644496425629e+09 1.604153325909335017e+08
5.473820450465878285e-01 1.961347300773693562e+09 1.590482167423071861e+08
5.523695703234354770e-01 1.775678781005337238e+09 1.576639158039674461e+08
5.573570956932899501e-01 1.595621673023151398e+09 1.562944167319859862e+08
5.623446211536771155e-01 1.421079905723578691e+09 1.549699504251636267e+08
5.673321467022091058e-01 1.252052596990059614e+09 1.537176512507334650e+08
5.723196723365815419e-01 1.088627261299996138e+09 1.525603969006850719e+08
5.773071980545696480e-01 9.309715430113648176e+08 1.515158894157383740e+08
5.822947238540248094e-01 7.793236613197014332e+08 1.505960282132873833e+08
5.872822497328716862e-01 6.339817692483854294e+08 1.498066091229755878e+08
5.922697756891045495e-01 4.952924416534187198e+08 1.491473610295370817e+08
5.972573017207846169e-01 3.636385159657620788e+08 1.486123064460561574e+08
6.022448278260374988e-01 2.394265142576560676e+08 1.481904077786172628e+08
6.072323540030505340e-01 1.230738762121984214e+08 1.478664408159234822e+08
6.122198802500696813e-01 1.499622981199840270e+07 1.476220238385050893e+08
6.172074065653979646e-01 -8.440507983624820411e+07 1.474367259659240544e+08
6.221949329473926982e-01 -1.747549929185451567e+08 1.472891815845185816e+08
6.271824593944635984e-01 -2.557160709308626652e+08 1.471581472448652089e+08
6.321699859050702308e-01 -3.269989844957695007e+08 1.470234508836250901e+08
6.371575124777206778e-01 -3.883719895669792891e+08 1.468667981358158588e+08
6.421450391109693179e-01 -4.396692491697818637e+08 1.466724148147747219e+08
6.471325658034148276e-01 -4.807978801914269924e+08 1.464275169884566069e+08
6.521200925536991821e-01 -5.117436284636485577e+08 1.461226098303883076e+08
6.571076193605055460e-01 -5.325751001071794629e+08 1.457516235190115869e+08
6.620951462225563855e-01 -5.434465023490176201e+08 1.453118992374458313e+08
6.670826731386124697e-01 -5.445988724326556921e+08 1.448040413243533373e+08
6.720702001074717602e-01 -5.363597983344806433e+08 1.442316534156293869e+08
6.770577271279670795e-01 -5.191416594532136917e+08 1.436009775019522011e+08
6.820452541989658890e-01 -4.934384388217689395e+08 1.429204555826140046e+08
6.870327813193682909e-01 -4.598211804028797150e+08 1.422002342444631457e+08
6.920203084881060285e-01 -4.189321853240708113e+08 1.414516331029112339e+08
6.970078357041413764e-01 -3.714780592238799334e+08 1.406865985395149291e+08
7.019953629664664740e-01 -3.182217389753003120e+08 1.399171643788527846e+08
7.069828902741016607e-01 -2.599736407212556899e+08 1.391549408192131221e+08
7.119704176260943651e-01 -1.975820822552178204e+08 1.384106518084868789e+08
7.169579450215193273e-01 -1.319231411902440339e+08 1.376937389215229452e+08
7.219454724594762673e-01 -6.389011602758338302e+07 1.370120465425150990e+08
7.269329999390895525e-01 5.617239871355001815e+06 1.363715988269135058e+08
7.319205274595077526e-01 7.570354123952791095e+07 1.357764737340003252e+08
7.369080550199024193e-01 1.454884831353318989e+08 1.352287737695031166e+08
7.418955826194673087e-01 2.141172798702213764e+08 1.347286874616779983e+08
7.468831102574174929e-01 2.807706755478037596e+08 1.342746305605216324e+08
7.518706379329892497e-01 3.446743808571861386e+08 1.338634519969058335e+08
7.568581656454390627e-01 4.051078025178533792e+08 1.334906871328949928e+08
7.618456933940425113e-01 4.614119453185497522e+08 1.331508399531607926e+08
7.668332211780939378e-01 5.129963817736091614e+08 1.328376765613671839e+08
7.718207489969062252e-01 5.593452007541207075e+08 1.325445144296614677e+08
7.768082768498100199e-01 6.000218637681628466e+08 1.322644949414363205e+08
7.817958047361527329e-01 6.346729155505433083e+08 1.319908304257960767e+08
7.867833326552983175e-01 6.630305140093953609e+08 1.317170206507673711e+08
7.917708606066273802e-01 6.849137630413498878e+08 1.314370372164655030e+08
7.967583885895350715e-01 7.002288500131292343e+08 1.311454771374493688e+08
8.017459166034320850e-01 7.089680075216674805e+08 1.308376889085160792e+08
8.067334446477437693e-01 7.112073361347316504e+08 1.305098753908602446e+08
8.117209727219093507e-01 7.071035409397093058e+08 1.301591779302745312e+08
8.167085008253823775e-01 6.968896496713576317e+08 1.297837453016028553e+08
8.216960289576287213e-01 6.808697937521620989e+08 1.293827895227628797e+08
8.266835571181275766e-01 6.594131455969161987e+08 1.289566285086529851e+08
8.316710853063710163e-01 6.329471158697986603e+08 1.285067132001585364e+08
8.366586135218624376e-01 6.019499229168007374e+08 1.280356344896109402e+08
8.416461417641176723e-01 5.669426532667639256e+08 1.275471032728916258e+08
8.466336700326639875e-01 5.284809368298916221e+08 1.270458955868412703e+08
8.516211983270388641e-01 4.871463632296934724e+08 1.265377543204790354e+08
8.566087266467917738e-01 4.435377665644671917e+08 1.260292396580943167e+08
8.615962549914814028e-01 3.982625048781060576e+08 1.255275223993385583e+08
8.665837833606774288e-01 3.519278577630453706e+08 1.250401176766812205e+08
8.715713117539596322e-01 3.051326609344546199e+08 1.245745612906720787e+08
8.765588401709160093e-01 2.584592904086600542e+08 1.241380366662463695e+08
8.815463686111453256e-01 2.124661012178652585e+08 1.237369668537622541e+08
8.865338970742548952e-01 1.676804165685214698e+08 1.233765924125666320e+08
8.915214255598600257e-01 1.245921531455526799e+08 1.230605616187097281e+08
8.965089540675857949e-01 8.364815708301217854e+07 1.227905633647087812e+08
9.014964825970653850e-01 4.524731312675394118e+07 1.225660345762867481e+08
9.064840111479389728e-01 9.736476925896234810e+06 1.223839724014595449e+08
9.114715397198557278e-01 -2.259273261674346030e+07 1.222388766568308026e+08
9.164590683124720361e-01 -5.150625721444381028e+07 1.221228403323469162e+08
9.214465969254520550e-01 -7.682902879826599360e+07 1.220257960928630084e+08
9.264341255584663815e-01 -9.844550741076408327e+07 1.219359157305149734e+08
9.314216542111933839e-01 -1.162993426519404650e+08 1.218401485942749679e+08
9.364091828833184250e-01 -1.303921861030555218e+08 1.217248752232348919e+08
9.413967115745327519e-01 -1.407816936351260841e+08 1.215766445102748573e+08
9.463842402845346058e-01 -1.475787671501097679e+08 1.213829570914399177e+08
9.513717690130290006e-01 -1.509440949894906580e+08 1.211330542650135010e+08
9.563592977597260569e-01 -1.510840588464271724e+08 1.208186702568791956e+08
9.613468265243425570e-01 -1.482460824487116039e+08 1.204347055850597322e+08
9.663343553066010561e-01 -1.427135034763497710e+08 1.199797801844971776e+08
9.713218841062303266e-01 -1.348000550477723181e+08 1.194566265773619413e+08
9.763094129229632490e-01 -1.248440466672824621e+08 1.188722857794272304e+08
9.812969417565396979e-01 -1.132023366997308880e+08 1.182380722929861248e+08
9.862844706067037670e-01 -1.002441892841500044e+08 1.175692803337074369e+08
9.912719994732055451e-01 -8.634510808583831787e+07 1.168846125861991346e+08
9.962595283557990067e-01 -7.188073749835659564e+07 1.162053265860946029e+08
1.001247057254244233e+00 -5.722091886664668471e+07 1.155541132801408023e+08
1.006234586168305301e+00 -4.272398510324402899e+07 1.149537475170168877e+08
1.011222115097751173e+00 -2.873137178017693013e+07 1.144255797209522128e+08
1.016209644042354920e+00 -1.556261651600140892e+07 1.139879683145657480e+08
1.021197173001895608e+00 -3.510811331691452302e+06 1.136547781111616194e+08
1.026184701976153857e+00 7.161435245179462247e+06 1.134340842926528603e+08
1.031172230964917613e+00 1.622547807431120984e+07 1.133272187839934677e+08
1.036159759967976379e+00 2.348951805511787534e+07 1.133282727513988316e+08
1.041147288985125208e+00 2.880085768520225585e+07 1.134241271499495357e+08
1.046134818016162260e+00 3.204750926168130711e+07 1.135950292402685732e+08
1.051122347060890139e+00 3.315914515583166853e+07 1.138156766854375899e+08
1.056109876119114777e+00 3.210738921458071098e+07 1.140567225200225562e+08
1.061097405190645881e+00 2.890545779588548094e+07 1.142865815189280659e+08
1.066084934275296714e+00 2.360716808164304122e+07 1.144734041719917953e+08
1.071072463372883643e+00 1.630534001575599611e+07 1.145870867160321027e+08
1.076059992483227479e+00 7.129626391714750789e+06 1.146011993151536733e+08
1.081047521606151030e+00 -3.756186866013024934e+06 1.144947331655229926e+08
1.086035050741481101e+00 -1.615736138149761781e+07 1.142535853938981146e+08
1.091022579889048050e+00 -2.985181313173073158e+07 1.138717143230506480e+08
1.096010109048684011e+00 -4.459408543099867553e+07 1.133519054287380278e+08
1.100997638220225783e+00 -6.011962395099858195e+07 1.127060907257142961e+08
1.105985167403511937e+00 -7.614928641550867260e+07 1.119551640039950758e+08
1.110972696598383935e+00 -9.239401736111813784e+07 1.111282357626402974e+08
1.115960225804686790e+00 -1.085596171254886240e+08 1.102612810152224302e+08
1.120947755022267955e+00 -1.243515339707610160e+08 1.093951576207229495e+08
1.125935284250977553e+00 -1.394796089963472486e+08 1.085730192171792239e+08
1.130922813490668366e+00 -1.536627051778659225e+08 1.078372185898130387e+08
1.135910342741195622e+00 -1.666331544711904228e+08 1.072258902910335511e+08
1.140897872002417213e+00 -1.781409603825711012e+08 1.067695003436227590e+08
1.145885401274193693e+00 -1.879576976647994518e+08 1.064877294150941372e+08
1.150872930556387619e+00 -1.958800557888810933e+08 1.063870824341398627e+08
1.155860459848864208e+00 -2.017329784852761030e+08 1.064595684255328923e+08
1.160847989151490678e+00 -2.053723578501373529e+08 1.066826673384504467e+08
1.165835518464137355e+00 -2.066872482089788616e+08 1.070206219837903082e+08
1.170823047786675675e+00 -2.056015719872459769e+08 1.074269095579917431e+08
1.175810577118979738e+00 -2.020752972043074369e+08 1.078476065745278597e+08
1.180798106460926311e+00 -1.961050737453887463e+08 1.082252927458525896e+08
1.185785635812393490e+00 -1.877243232028743923e+08 1.085031451615655571e+08
1.190773165173261150e+00 -1.770027847026414573e+08 1.086289329200804532e+08
1.195760694543412272e+00 -1.640455266514907181e+08 1.085587034911185056e+08
1.200748223922731173e+00 -1.489914416575245857e+08 1.082600277867005318e+08
1.205735753311103498e+00 -1.320112489104434103e+08 1.077147230215971023e+08
1.210723282708418003e+00 -1.133050349579409510e+08 1.069209926860888600e+08
1.215710812114564332e+00 -9.309937001127523184e+07 1.058949101109787375e+08
1.220698341529434350e+00 -7.164404258424912393e+07 1.046711292565319389e+08
1.225685870952921253e+00 -4.920846033145396411e+07 1.033026406570240557e+08
1.230673400384920457e+00 -2.607776936429304630e+07 1.018593164374131709e+08
1.235660929825329379e+00 -2.548748021551276557e+06 1.004249342915745229e+08
1.240648459274045878e+00 2.107446598855727538e+07 9.909238439185065031e+07
1.245635988730970478e+00 4.448475400458589196e+07 9.795691057987618446e+07
1.250623518196004813e+00 6.737643798015758395e+07 9.710757553659699857e+07
1.255611047669052738e+00 8.944968229743123055e+07 9.661766488137313724e+07
1.260598577150018551e+00 1.104148132577050775e+08 9.653532799940256774e+07
1.265586106638808772e+00 1.299964948532029837e+08 9.687613031296546757e+07
1.270573636135331475e+00 1.479377014338539243e+08 9.761907959954471886e+07
1.275561165639495398e+00 1.640034306740478873e+08 9.870699636537334323e+07
1.280548695151212168e+00 1.779841038316567540e+08 1.000510610187030286e+08
1.285536224670393413e+00 1.896986045794524848e+08 1.015384417387183309e+08
1.290523754196952311e+00 1.989969126790625751e+08 1.030414594666089714e+08
1.295511283730804264e+00 2.057622943502953649e+08 1.044268518312975019e+08
1.300498813271864673e+00 2.099130173428627253e+08 1.055641552602385283e+08
1.305486342820051382e+00 2.114035653100052774e+08 1.063327559078648984e+08
1.310473872375283122e+00 2.102253331050438583e+08 1.066275756854406297e+08
1.315461401937479291e+00 2.064067918878339529e+08 1.063636013551244438e+08
1.320448931506561285e+00 2.000131204470503926e+08 1.054795618917813003e+08
1.325436461082451389e+00 1.911453067113166153e+08 1.039410700209864378e+08
1.330423990665072775e+00 1.799387310354862213e+08 1.017435165780019909e+08
1.335411520254350393e+00 1.665612503003990948e+08 9.891496580195622146e+07
1.340399049850209634e+00 1.512108091614437103e+08 9.551924215671686828e+07
1.345386579452577447e+00 1.341126116861312687e+08 9.165928527137807012e+07
1.350374109061381667e+00 1.155158931916589141e+08 8.748058586588740349e+07
1.355361638676551461e+00 9.569033804060615599e+07 8.317392980549965799e+07
1.360349168298016442e+00 7.492219460151389241e+07 7.897552553232020140e+07
1.365336697925707776e+00 5.351014320567113906e+07 7.516073190564617515e+07
1.370324227559557517e+00 3.176097691088512540e+07 7.202561604477812350e+07
1.375311757199498608e+00 9.985157875470545143e+06 6.985083055298033357e+07
1.380299286845465101e+00 -1.150768560996749066e+07 6.884894061896468699e+07
1.385286816497391715e+00 -3.241325525572779402e+07 6.911030004205785692e+07
1.390274346155214724e+00 -5.243700555403326452e+07 7.057343498480823636e+07
1.395261875818870623e+00 -7.129842755459432304e+07 7.303735970252126455e+07
1.400249405488297016e+00 -8.873512960369928181e+07 7.620786414120620489e+07
1.405236935163432621e+00 -1.045066538848706633e+08 7.975251524820962548e+07
1.410224464844216596e+00 -1.183979711197248995e+08 8.334367012232276797e+07
1.415211994530589656e+00 -1.302226005608901680e+08 8.668343458784657717e+07
1.420199524222492293e+00 -1.398253076237033010e+08 8.951436961339142919e+07
1.425187053919866997e+00 -1.470843379668494463e+08 9.162200607922273874e+07
1.430174583622656481e+00 -1.519131534143388569e+08 9.283370662534873188e+07
1.435162113330804123e+00 -1.542616429447881877e+08 9.301636779545110464e+07
1.440149643044254413e+00 -1.541167894744011462e+08 9.207403939943526685e+07
1.445137172762952060e+00 -1.515027819763930440e+08 8.994578456704992056e+07
1.450124702486843331e+00 -1.464805703234052062e+08 8.660377273226815462e+07
1.455112232215874490e+00 -1.391468696491760015e+08 8.205148394905681908e+07
1.460099761949993358e+00 -1.296326284855519533e+08 7.632188713552142680e+07
1.465087291689147531e+00 -1.181009846591616124e+08 6.947547632469788194e+07
1.470074821433285939e+00 -1.047447390337409675e+08 6.159808215228524059e+07
1.475062351182357734e+00 -8.978338739807043970e+07 5.279840831091087312e+07
1.480049880936313622e+00 -7.345975379634754360e+07 4.320527309567797929e+07
1.485037410695103866e+00 -5.603628125429082662e+07 3.296456080698523670e+07
1.490024940458680058e+00 -3.779102978766599298e+07 2.223591755791470408e+07
1.495012470226994683e+00 -1.901346482498314232e+07 1.118931838667591289e+07
