# r [arcsec]	I [Jy/sr]	I_uncer [Jy/sr]
3.817853577942286001e-03 7.684215983704347229e+10 2.165203491589148045e+09
8.763567027319327241e-03 7.658230428687434387e+10 2.147305496810500860e+09
1.373848758764146562e-02 7.611715601009442139e+10 2.115367197020946264e+09
1.872000728009374365e-02 7.545061456559156799e+10 2.069825218674872637e+09
2.370403017919163122e-02 7.458839116947424316e+10 2.011313656367502928e+09
2.868926438607016446e-02 7.353786337486502075e+10 1.940651833613666534e+09
3.367517554121116780e-02 7.230798547991014099e+10 1.858836172907443523e+09
3.866150302165524688e-02 7.090918795422505188e+10 1.767032142906178713e+09
4.364810467787801074e-02 6.935326193451019287e+10 1.666567008133802891e+09
4.863489642318288148e-02 6.765322943701553345e+10 1.558924873661231756e+09
5.362182534931311806e-02 6.582320073186464691e+10 1.445746220601252079e+09
5.860885650759287135e-02 6.387822060558048248e+10 1.328835085597858191e+09
6.359596588733901212e-02 6.183410540115589905e+10 1.210178334876176357e+09
6.858313644859315161e-02 5.970727283896962738e+10 1.091982980755303144e+09
7.357035576433633428e-02 5.751456670172026825e+10 9.767382728299765587e+08
7.855761455883611410e-02 5.527307851594136047e+10 8.673060757965997458e+08
8.354490576851973660e-02 5.299996838249966431e+10 7.670263393593115807e+08
8.853222391973845917e-02 5.071228709930220795e+10 6.797729218625241518e+08
9.351956470533653865e-02 4.842680168179584503e+10 6.097822479430623055e+08
9.850692468967806037e-02 4.615982632171560669e+10 5.609490738325504065e+08
1.034943010988605139e-01 4.392706073310984039e+10 5.354391523061897755e+08
1.084816916687353777e-01 4.174343771861378479e+10 5.322752989132068753e+08
1.134690945329698275e-01 3.962298165014624023e+10 5.472369604043773413e+08
1.184565081393615799e-01 3.757867939892983246e+10 5.743797639118796587e+08
1.234439311864233557e-01 3.562236507248251343e+10 6.078612914246098995e+08
1.284313625747323662e-01 3.376461972368804169e+10 6.429468576662129164e+08
1.334188013691842700e-01 3.201468699216621399e+10 6.761964079022060633e+08
1.384062467694026355e-01 3.038040542389418411e+10 7.052756599220043421e+08
1.433936980863204647e-01 2.886815799454597092e+10 7.286962877383049726e+08
1.483811547234816508e-01 2.748283913837718201e+10 7.455977170403246880e+08
1.533686161619891020e-01 2.622783936088618851e+10 7.555885426242389679e+08
1.583560819482959792e-01 2.510504729288825989e+10 7.586366057637809515e+08
1.633435516842324520e-01 2.411486882909597397e+10 7.549931610115783215e+08
1.683310250188047585e-01 2.325626278848609924e+10 7.451396238388037682e+08
1.733185016414096891e-01 2.252679233937836838e+10 7.297489462576838732e+08
1.783059812761873808e-01 2.192269125151579285e+10 7.096562346833163500e+08
1.832934636772959591e-01 2.143894387275905991e+10 6.858346826059570312e+08
1.882809486249364950e-01 2.106937758106803894e+10 6.593733836341893673e+08
1.932684359219939418e-01 2.080676633482826233e+10 6.314532601456185579e+08
1.982559253911843622e-01 2.064294383754906464e+10 6.033163803890284300e+08
2.032434168726222901e-01 2.056892474740104675e+10 5.762228180467003584e+08
2.082309102217375085e-01 2.057503229861002731e+10 5.513890496716808081e+08
2.132184053074845376e-01 2.065103066065144348e+10 5.299046398128899932e+08
2.182059020107968983e-01 2.078626034242194366e+10 5.126317038395304084e+08
2.231934002232490444e-01 2.096977495183916092e+10 5.001041188723316193e+08
2.281808998458938198e-01 2.119047764588072205e+10 4.924550029598769546e+08
2.331684007882487975e-01 2.143725565114926529e+10 4.894013946066325903e+08
2.381559029674101546e-01 2.169911129935100174e+10 4.902982885888689756e+08
2.431434063072751561e-01 2.196528810433514023e+10 4.942478005335360765e+08
2.481309107378594780e-01 2.222539050588562393e+10 5.002304933386387825e+08
2.531184161946937738e-01 2.246949601860630417e+10 5.072255430709521174e+08
2.581059226182911837e-01 2.268825865008433533e+10 5.143000218333283663e+08
2.630934299536754062e-01 2.287300258903779221e+10 5.206632868601399660e+08
2.680809381499607014e-01 2.301580530936044693e+10 5.256923686705522537e+08
2.730684471599785779e-01 2.310956938767625046e+10 5.289373982707723379e+08
2.780559569399445041e-01 2.314808248813159561e+10 5.301151414290776849e+08
2.830434674491599245e-01 2.312606512659861374e+10 5.290963227139151096e+08
2.880309786497447511e-01 2.303920598510528564e+10 5.258901328624022007e+08
2.930184905063976664e-01 2.288418470423145676e+10 5.206276181373493075e+08
2.980060029861805737e-01 2.265868223445211029e+10 5.135445424813126922e+08
3.029935160583238640e-01 2.236137897521692657e+10 5.049636350436300635e+08
3.079810296940508341e-01 2.199194107125254059e+10 4.952757446090477109e+08
3.129685438664192021e-01 2.155099536765390396e+10 4.849192461148667932e+08
3.179560585501768344e-01 2.104009364745828247e+10 4.743570867750024199e+08
3.229435737216315716e-01 2.046166688635538483e+10 4.640511822570098042e+08
3.279310893585324904e-01 1.981897035803800583e+10 4.544345494333294630e+08
3.329186054399617678e-01 1.911602050954519653e+10 4.458825900265060663e+08
3.379061219462368704e-01 1.835752459825147247e+10 4.386861382501887083e+08
3.428936388588199047e-01 1.754880414037986374e+10 4.330298393646541238e+08
3.478811561602362934e-01 1.669571326488059044e+10 4.289795827684131265e+08
3.528686738339993356e-01 1.580455309606588745e+10 4.264816793242942691e+08
3.578561918645413176e-01 1.488198330369516563e+10 4.253743553946812749e+08
3.628437102371503964e-01 1.393493196043644714e+10 4.254096337927477956e+08
3.678312289379127020e-01 1.297050483427907753e+10 4.262817402739111185e+08
3.728187479536588800e-01 1.199589521803017998e+10 4.276574752267575860e+08
3.778062672719147974e-01 1.101829536025404930e+10 4.292045555942758918e+08
3.827937868808565791e-01 1.004481051262719917e+10 4.306152697298597097e+08
3.877813067692685856e-01 9.082376548712686539e+09 4.316242625452196002e+08
3.927688269265047216e-01 8.137682039502434731e+09 4.320204288862973452e+08
3.977563473424529095e-01 7.217095592913526535e+09 4.316535766455914378e+08
4.027438680075018929e-01 6.326599178843705177e+09 4.304367792834529877e+08
4.077313889125108171e-01 5.471728069638837814e+09 4.283453117730797529e+08
4.127189100487804740e-01 4.657517929094564438e+09 4.254128957573007345e+08
4.177064314080274343e-01 3.888459482698086739e+09 4.217257719772956967e+08
4.226939529823587338e-01 3.168461098952741146e+09 4.174149340041471720e+08
4.276814747642498915e-01 2.500819507581083298e+09 4.126467327432498336e+08
4.326689967465233155e-01 1.888198776406700611e+09 4.076120171343517900e+08
4.376565189223286523e-01 1.332617565969474316e+09 4.025140256014974117e+08
4.426440412851241901e-01 8.354445806027104855e+08 3.975553876005555987e+08
4.476315638286594845e-01 3.974020378767619133e+08 3.929248189965136647e+08
4.526190865469603142e-01 1.857688605824721232e+07 3.887843538994759917e+08
4.576066094343120838e-01 -3.015605875108476281e+08 3.852581715973054171e+08
4.625941324852472225e-01 -5.641311945537581444e+08 3.824241539379677176e+08
4.675816556945310287e-01 -7.708148411009559631e+08 3.803091645780522227e+08
4.725691790571502904e-01 -9.238126556818556786e+08 3.788886543150551319e+08
4.775567025683005173e-01 -1.025803883081090450e+09 3.780906307387675047e+08
4.825442262233765600e-01 -1.079898224086780310e+09 3.778034254214959741e+08
4.875317500179611185e-01 -1.089584340107464075e+09 3.778862091623845696e+08
4.925192739478161941e-01 -1.058675270380926609e+09 3.781809605013892651e+08
4.975067980088735964e-01 -9.912515285726722479e+08 3.785246114591066241e+08
5.024943221972267837e-01 -8.916026548340024948e+08 3.787603193542684317e+08
5.074818465091224251e-01 -7.641679989319723845e+08 3.787471422259565592e+08
5.124693709409537945e-01 -6.134775000700520277e+08 3.783677278812199235e+08
5.174568954892526662e-01 -4.440932097610277534e+08 3.775338957482472062e+08
5.224444201506837082e-01 -2.605522760285715759e+08 3.761901692730469108e+08
5.274319449220377098e-01 -6.731207075468514860e+07 3.743154081570068598e+08
5.324194698002251425e-01 1.313019022132947892e+08 3.719227147117335796e+08
5.374069947822720517e-01 3.311447318852167726e+08 3.690577726474708915e+08
5.423945198653131738e-01 5.282969291906633973e+08 3.657957440675361753e+08
5.473820450465878285e-01 7.191048947393409014e+08 3.622368222226921916e+08
5.523695703234354770e-01 9.002166274930101633e+08 3.585005310837149620e+08
5.573570956932899501e-01 1.068612348039603472e+09 3.547188918185739517e+08
5.623446211536771155e-01 1.221629784351567984e+09 3.510286495102083087e+08
5.673321467022091058e-01 1.356983943855151653e+09 3.475628706958187819e+08
5.723196723365815419e-01 1.472781272316466093e+09 3.444423695921909809e+08
5.773071980545696480e-01 1.567528176461327314e+09 3.417675670947796106e+08
5.822947238540248094e-01 1.640133962400935650e+09 3.396114859774116874e+08
5.872822497328716862e-01 1.689908314860823870e+09 3.380145888954811692e+08
5.922697756891045495e-01 1.716553511985872030e+09 3.369820393280873895e+08
5.972573017207846169e-01 1.720151636227119207e+09 3.364837112699767947e+08
6.022448278260374988e-01 1.701147102698732853e+09 3.364569364702790976e+08
6.072323540030505340e-01 1.660324881674971342e+09 3.368116353856395483e+08
6.122198802500696813e-01 1.598784840908874273e+09 3.374372107884541750e+08
6.172074065653979646e-01 1.517912675631958485e+09 3.382104455388443470e+08
6.221949329473926982e-01 1.419347928954117775e+09 3.390036492047442198e+08
6.271824593944635984e-01 1.304949632566004992e+09 3.396924126707625389e+08
6.321699859050702308e-01 1.176760116884450674e+09 3.401625046696587801e+08
6.371575124777206778e-01 1.036967550940844655e+09 3.403156281823486686e+08
6.421450391109693179e-01 8.878677753605768681e+08 3.400739111458371878e+08
6.471325658034148276e-01 7.318259868020188808e+08 3.393831170328379273e+08
6.521200925536991821e-01 5.712388194373930693e+08 3.382146246014032960e+08
6.571076193605055460e-01 4.084973487479739785e+08 3.365662501968016028e+08
6.620951462225563855e-01 2.459515155352657735e+08 3.344619823419229984e+08
6.670826731386124697e-01 8.587643408946375549e+07 3.319506794924737811e+08
6.720702001074717602e-01 -6.955899143387602270e+07 3.291037595064604282e+08
6.770577271279670795e-01 -2.183207635486024618e+08 3.260118944309704304e+08
6.820452541989658890e-01 -3.585354716570327878e+08 3.227807268990156651e+08
6.870327813193682909e-01 -4.885126800685148835e+08 3.195256541414926052e+08
6.920203084881060285e-01 -6.067638040768080950e+08 3.163657892433317900e+08
6.970078357041413764e-01 -7.120173124172458649e+08 3.134173080046916604e+08
7.019953629664664740e-01 -8.032301534853341579e+08 3.107865148572568893e+08
7.069828902741016607e-01 -8.795953618369201422e+08 3.085630907159062028e+08
7.119704176260943651e-01 -9.405458598116072416e+08 3.068140847486615181e+08
7.169579450215193273e-01 -9.857545257357065678e+08 3.055792409208129048e+08
7.219454724594762673e-01 -1.015130654242217779e+09 3.048681778010988235e+08
7.269329999390895525e-01 -1.028812984999540448e+09 3.046597603878740668e+08
7.319205274595077526e-01 -1.027159522857056737e+09 3.049037435271611810e+08
7.369080550199024193e-01 -1.010734414445093393e+09 3.055244845466670394e+08
7.418955826194673087e-01 -9.802921830614718199e+08 3.064262840861883759e+08
7.468831102574174929e-01 -9.367596547666954994e+08 3.074997696194632649e+08
7.518706379329892497e-01 -8.812159336405470371e+08 3.086287046356061101e+08
7.568581656454390627e-01 -8.148708028677998781e+08 3.096966730097154379e+08
7.618456933940425113e-01 -7.390419405681582689e+08 3.105932160829319358e+08
7.668332211780939378e-01 -6.551313450329557657e+08 3.112191478046280146e+08
7.718207489969062252e-01 -5.646013633436982632e+08 3.114909077619406581e+08
7.768082768498100199e-01 -4.689507104004086852e+08 3.113439140574440956e+08
7.817958047361527329e-01 -3.696908524590755701e+08 3.107349421803939939e+08
7.867833326552983175e-01 -2.683231107250658870e+08 3.096435857498125434e+08
7.917708606066273802e-01 -1.663168168468639553e+08 3.080728582022836804e+08
7.967583885895350715e-01 -6.508882380908615142e+07 3.060489801445876360e+08
8.017459166034320850e-01 3.401535664763549715e+07 3.036203736446739435e+08
8.067334446477437693e-01 1.297385547110210210e+08 3.008558598705748916e+08
8.117209727219093507e-01 2.209268843625223935e+08 2.978420376622077823e+08
8.167085008253823775e-01 3.065424699198129773e+08 2.946798157463133931e+08
8.216960289576287213e-01 3.856738423962948918e+08 2.914800888726153970e+08
8.266835571181275766e-01 4.575439329603746533e+08 2.883585961763352752e+08
8.316710853063710163e-01 5.215156326791092753e+08 2.854300834020856619e+08
8.366586135218624376e-01 5.770949286923716068e+08 2.828020066199306846e+08
8.416461417641176723e-01 6.239316663189040422e+08 2.805681489954330325e+08
8.466336700326639875e-01 6.618180237114433050e+08 2.788026450619341135e+08
8.516211983270388641e-01 6.906848200075614452e+08 2.775549792713065743e+08
8.566087266467917738e-01 7.105958089433834553e+08 2.768465089123972654e+08
8.615962549914814028e-01 7.217401372091180086e+08 2.766689353493196368e+08
8.665837833606774288e-01 7.244231700552717447e+08 2.769849238329063058e+08
8.715713117539596322e-01 7.190559055637453794e+08 2.777307972610682845e+08
8.765588401709160093e-01 7.061432133909150362e+08 2.788209695990173817e+08
8.815463686111453256e-01 6.862711435736615658e+08 2.801536014657061100e+08
8.865338970742548952e-01 6.600935561779854298e+08 2.816168871730569005e+08
8.915214255598600257e-01 6.283183232156902552e+08 2.830954165772356987e+08
8.965089540675857949e-01 5.916933505405580997e+08 2.844761654128876328e+08
9.014964825970653850e-01 5.509926595720859766e+08 2.856538118715337515e+08
9.064840111479389728e-01 5.070027570018323660e+08 2.865352172800233364e+08
9.114715397198557278e-01 4.605095054511693716e+08 2.870430206509481072e+08
9.164590683124720361e-01 4.122856898068360090e+08 2.871183710705806613e+08
9.214465969254520550e-01 3.630794530850045681e+08 2.867228596111431718e+08
9.264341255584663815e-01 3.136037526761384010e+08 2.858397206468659043e+08
9.314216542111933839e-01 2.645269631832877398e+08 2.844743596240528226e+08
9.364091828833184250e-01 2.164647263171609044e+08 2.826542383118911386e+08
9.413967115745327519e-01 1.699731219574227631e+08 2.804281158508986235e+08
9.463842402845346058e-01 1.255432080439914018e+08 2.778646102677490115e+08
9.513717690130290006e-01 8.359695090534125268e+07 2.750500165803461075e+08
9.563592977597260569e-01 4.448454242799961567e+07 2.720853016983186603e+08
9.613468265243425570e-01 8.483076544405505061e+06 2.690822026074603796e+08
9.663343553066010561e-01 -2.420346476109369472e+07 2.661583938734323680e+08
9.713218841062303266e-01 -5.344298600506822020e+07 2.634317730259523690e+08
9.763094129229632490e-01 -7.917290141547127068e+07 2.610140410534108281e+08
9.812969417565396979e-01 -1.013967104132733345e+08 2.590039196117139161e+08
9.862844706067037670e-01 -1.201796418467895091e+08 2.574805170091153085e+08
9.912719994732055451e-01 -1.356434935522800684e+08 2.564974836292568147e+08
9.962595283557990067e-01 -1.479608010987181962e+08 2.560786298841889799e+08
1.001247057254244233e+00 -1.573484740476310253e+08 2.562155776006473601e+08
1.006234586168305301e+00 -1.640610397907457352e+08 2.568677795864241421e+08
1.011222115097751173e+00 -1.683836341224235594e+08 2.579649210696619153e+08
1.016209644042354920e+00 -1.706248743290620744e+08 2.594113938207184076e+08
1.021197173001895608e+00 -1.711097449196663797e+08 2.610922927983207405e+08
1.026184701976153857e+00 -1.701726184202970266e+08 2.628802768403860927e+08
1.031172230964917613e+00 -1.681505241665745676e+08 2.646426616249043643e+08
1.036159759967976379e+00 -1.653767670355145633e+08 2.662482374870968461e+08
1.041147288985125208e+00 -1.621749858472434580e+08 2.675734725176845789e+08
1.046134818016162260e+00 -1.588537280560056865e+08 2.685079241880897880e+08
1.051122347060890139e+00 -1.557016036212920547e+08 2.689588100029839873e+08
1.056109876119114777e+00 -1.529830669199056923e+08 2.688547678372985721e+08
1.061097405190645881e+00 -1.509348615013823211e+08 2.681488715499330759e+08
1.066084934275296714e+00 -1.497631486743786931e+08 2.668209652569478154e+08
1.071072463372883643e+00 -1.496413276001037061e+08 2.648793491256224513e+08
1.076059992483227479e+00 -1.507085419587038755e+08 2.623617975218159258e+08
1.081047521606151030e+00 -1.530688565731953084e+08 2.593358213133356571e+08
1.086035050741481101e+00 -1.567910767564552128e+08 2.558980040991464853e+08
1.091022579889048050e+00 -1.619091737433833778e+08 2.521721541560786068e+08
1.096010109048684011e+00 -1.684232714735856950e+08 2.483059351903568208e+08
1.100997638220225783e+00 -1.763011432613604665e+08 2.444655986503494084e+08
1.105985167403511937e+00 -1.854801615765354037e+08 2.408284845691014230e+08
1.110972696598383935e+00 -1.958696402475989759e+08 2.375731443862840235e+08
1.115960225804686790e+00 -2.073535058802075386e+08 2.348673147702502608e+08
1.120947755022267955e+00 -2.197932340871201456e+08 2.328545293136282861e+08
1.125935284250977553e+00 -2.330309861946727633e+08 2.316407863390507698e+08
1.130922813490668366e+00 -2.468928833131723106e+08 2.312831719829638004e+08
1.135910342741195622e+00 -2.611923569284856021e+08 2.317823990332024097e+08
1.140897872002417213e+00 -2.757335183682625890e+08 2.330807024132128954e+08
1.145885401274193693e+00 -2.903144934699040055e+08 2.350655234836095273e+08
1.150872930556387619e+00 -3.047306734030399323e+08 2.375782652750257850e+08
1.155860459848864208e+00 -3.187778377224624157e+08 2.404265337039411962e+08
1.160847989151490678e+00 -3.322551112083284855e+08 2.433979592708939314e+08
1.165835518464137355e+00 -3.449677217584650517e+08 2.462739082188712060e+08
1.170823047786675675e+00 -3.567295323858785033e+08 2.488419255314276516e+08
1.175810577118979738e+00 -3.673653261409646273e+08 2.509063452433443367e+08
1.180798106460926311e+00 -3.767128283945407271e+08 2.522969777877134979e+08
1.185785635812393490e+00 -3.846244562970517278e+08 2.528760743615148664e+08
1.190773165173261150e+00 -3.909687902870636582e+08 2.525438904854059517e+08
1.195760694543412272e+00 -3.956317671832413077e+08 2.512431733882562518e+08
1.200748223922731173e+00 -3.985175986124358773e+08 2.489628260159844756e+08
1.205735753311103498e+00 -3.995494222598883510e+08 2.457408807609347999e+08
1.210723282708418003e+00 -3.986696966518983841e+08 2.416667528477392495e+08
1.215710812114564332e+00 -3.958403528828511834e+08 2.368825230738631189e+08
1.220698341529434350e+00 -3.910427188946414590e+08 2.315826998975480199e+08
1.225685870952921253e+00 -3.842772335916206837e+08 2.260115199113130271e+08
1.230673400384920457e+00 -3.755629692917449474e+08 2.204564007825950980e+08
1.235660929825329379e+00 -3.649369817655700445e+08 2.152358114210936725e+08
1.240648459274045878e+00 -3.524535074755186439e+08 2.106798988729988039e+08
1.245635988730970478e+00 -3.381830276094628572e+08 2.071031991060730219e+08
1.250623518196004813e+00 -3.222112181839523911e+08 2.047710473842121661e+08
1.255611047669052738e+00 -3.046378048926677704e+08 2.038646068110005856e+08
1.260598577150018551e+00 -2.855753405714902282e+08 2.044522808759432435e+08
1.265586106638808772e+00 -2.651479221690427959e+08 2.064754591643072367e+08
1.270573636135331475e+00 -2.434898630146096945e+08 2.097528955977980196e+08
1.275561165639495398e+00 -2.207443349931878150e+08 2.140020306544167101e+08
1.280548695151212168e+00 -1.970619940205797553e+08 2.188706369128750861e+08
1.285536224670393413e+00 -1.725996009816077948e+08 2.239707708321664333e+08
1.290523754196952311e+00 -1.475186490973642170e+08 2.289089357698637843e+08
1.295511283730804264e+00 -1.219840075233530700e+08 2.333095874413985014e+08
1.300498813271864673e+00 -9.616258989636993408e+07 2.368317992702431083e+08
1.305486342820051382e+00 -7.022205552921825647e+07 2.391803503000304699e+08
1.310473872375283122e+00 -4.432955002801795304e+07 2.401128959706351161e+08
1.315461401937479291e+00 -1.865049126721209288e+07 2.394447121404746473e+08
1.320448931506561285e+00 6.652594085790160112e+06 2.370521563306054473e+08
1.325436461082451389e+00 3.142117897196654230e+07 2.328756796232778430e+08
1.330423990665072775e+00 5.550178531657584757e+07 2.269230264873101711e+08
1.335411520254350393e+00 7.874697094573776424e+07 2.192731854016531110e+08
1.340399049850209634e+00 1.010162510511223376e+08 2.100816720522029400e+08
1.345386579452577447e+00 1.221769516104128957e+08 1.995877717958869636e+08
1.350374109061381667e+00 1.421049925244666040e+08 1.881242792111222446e+08
1.355361638676551461e+00 1.606855985608243048e+08 1.761296620393116772e+08
1.360349168298016442e+00 1.778139364941810966e+08 1.641605802578938305e+08
1.365336697925707776e+00 1.933956771342438459e+08 1.528977397263582647e+08
1.370324227559557517e+00 2.073474812146451473e+08 1.431285693126972020e+08
1.375311757199498608e+00 2.195974084134793282e+08 1.356787757893136740e+08
1.380299286845465101e+00 2.300852490670560896e+08 1.312675330205888599e+08
1.385286816497391715e+00 2.387627784502168596e+08 1.303063695529348999e+08
1.390274346155214724e+00 2.455939338027245104e+08 1.327412118137916774e+08
1.395261875818870623e+00 2.505549146151048839e+08 1.380528908256564736e+08
1.400249405488297016e+00 2.536342070057301819e+08 1.454181311178143620e+08
1.405236935163432621e+00 2.548325333722423613e+08 1.539158244895046949e+08
1.410224464844216596e+00 2.541627288216492236e+08 1.626752937368816137e+08
1.415211994530589656e+00 2.516495462365905941e+08 1.709447621839901507e+08
1.420199524222492293e+00 2.473293921469233930e+08 1.781065466594977975e+08
1.425187053919866997e+00 2.412499959151598215e+08 1.836686401485550702e+08
1.430174583622656481e+00 2.334700150274591148e+08 1.872500682299600542e+08
1.435162113330804123e+00 2.240585795958886743e+08 1.885671797747916877e+08
1.440149643044254413e+00 2.130947794130522907e+08 1.874227537241447866e+08
1.445137172762952060e+00 2.006670971843008995e+08 1.836977358809617460e+08
1.450124702486843331e+00 1.868727917317785025e+08 1.773448474348638654e+08
1.455112232215874490e+00 1.718172352208157480e+08 1.683832993840686977e+08
1.460099761949993358e+00 1.556132085453647077e+08 1.568940036648255885e+08
1.465087291689147531e+00 1.383801592574055493e+08 1.430148453947078884e+08
1.470074821433285939e+00 1.202434263919646740e+08 1.269357285911339521e+08
1.475062351182357734e+00 1.013334368442335427e+08 1.088932228842206746e+08
1.480049880936313622e+00 8.178487771199482679e+07 8.916472698191380501e+07
1.485037410695103866e+00 6.173584957135856152e+07 6.806213062850862741e+07
1.490024940458680058e+00 4.132700478788166493e+07 4.592501137347179651e+07
1.495012470226994683e+00 2.070067720333668590e+07 2.311347706575587019e+07
