# r [arcsec]	I [Jy/sr]	I_uncer [Jy/sr]
1.272617859314095550e-03 1.169673779763345490e+11 2.828203953432889462e+09
2.921189009106442414e-03 1.168784067557817230e+11 2.823072237211099148e+09
4.579495862547155495e-03 1.167184861578579254e+11 2.813907889219608307e+09
6.240002426697914550e-03 1.164878295661994476e+11 2.800724889443786144e+09
7.901343393063876494e-03 1.161867914987057190e+11 2.783566805854003906e+09
9.563088128690054243e-03 1.158158389212630157e+11 2.762493984092766762e+09
1.122505851373705593e-02 1.153755475962861786e+11 2.737581529949662685e+09
1.288716767388508287e-02 1.148666003285182495e+11 2.708918672591650009e+09
1.454936822595933807e-02 1.142897853364342346e+11 2.676608377301589489e+09
1.621163214106096165e-02 1.136459944809929810e+11 2.640767009140240669e+09
1.787394178310437384e-02 1.129362212960736084e+11 2.601524000898082256e+09
1.953628550253095827e-02 1.121615588088214874e+11 2.559021513781974316e+09
2.119865529577967186e-02 1.113231971500523376e+11 2.513414090157748699e+09
2.286104548286438387e-02 1.104224209589015045e+11 2.464868302022894859e+09
2.452345192144544592e-02 1.094606065877042542e+11 2.413562401068030357e+09
2.618587151961204035e-02 1.084392191140809326e+11 2.359685977501663685e+09
2.784830192283991451e-02 1.073598091679223633e+11 2.303439635763458729e+09
2.951074130657948408e-02 1.062240095815161743e+11 2.245034695967677593e+09
3.117318823511218417e-02 1.050335318715772400e+11 2.184692930442827702e+09
3.283564156322602012e-02 1.037901625623592987e+11 2.122646345003620148e+09
3.449810036628684490e-02 1.024957593594637299e+11 2.059137014475093603e+09
3.616056388957845924e-02 1.011522471842997589e+11 1.994416981290728807e+09
3.782303151098994481e-02 9.976161407952497864e+10 1.928748224369015217e+09
3.948550271312052662e-02 9.832590699606816101e+10 1.862402702492975473e+09
4.114797706214112089e-02 9.684722747263877869e+10 1.795662471394849062e+09
4.281045419157746001e-02 9.532772721885066223e+10 1.728819865786365032e+09
4.447293378972808769e-02 9.376960361330874634e+10 1.662177725431230068e+09
4.613541558980088775e-02 9.217509512816627502e+10 1.596049626444779873e+09
4.779789936210682849e-02 9.054647669182820129e+10 1.530760053403660059e+09
4.946038490782722619e-02 8.888605500153675842e+10 1.466644412391606808e+09
5.112287205399637657e-02 8.719616379771778870e+10 1.404048737867410660e+09
5.278536064943199074e-02 8.547915911191044617e+10 1.343328886247302055e+09
5.444785056141081270e-02 8.373741450021377563e+10 1.284848937882478714e+09
5.611034167293492414e-02 8.197331627404463196e+10 1.228978453069983482e+09
5.777283388046990098e-02 8.018925874003192139e+10 1.176088161302549601e+09
5.943532709206246489e-02 7.838763946070144653e+10 1.126543632134574890e+09
6.109782122576532665e-02 7.657085454751553345e+10 1.080696520244060278e+09
6.276031620831216962e-02 7.474129399766030884e+10 1.038873146098177910e+09
6.442281197399798987e-02 7.290133708575878906e+10 1.001360513584732890e+09
6.608530846372812073e-02 7.105334782148794556e+10 9.683903935913951397e+08
6.774780562420743002e-02 6.919967048380352783e+10 9.401227673568021059e+08
6.941030340724584080e-02 6.734262524219276428e+10 9.166305784384590387e+08
7.107280176916151715e-02 6.548450387507690430e+10 8.978881522712155581e+08
7.273530067026563739e-02 6.362756559510387421e+10 8.837655586357971430e+08
7.439780007441634813e-02 6.177403299077439117e+10 8.740304818926248550e+08
7.606029994863128252e-02 5.992608809336943054e+10 8.683579266504720449e+08
7.772280026274960840e-02 5.808586857781294250e+10 8.663466660915108919e+08
7.938530098913672284e-02 5.625546410560469818e+10 8.675401862264665365e+08
8.104780210242505667e-02 5.443691281755189514e+10 8.714493345467883348e+08
8.271030357928650656e-02 5.263219798352519226e+10 8.775740298918640614e+08
8.437280539823126257e-02 5.084324481597658539e+10 8.854220585913504362e+08
8.603530753943039455e-02 4.907191745348398590e+10 8.945238677623308897e+08
8.769780998455847798e-02 4.732001612000682831e+10 9.044430913477320671e+08
8.936031271665356712e-02 4.558927446507955933e+10 9.147831438059765100e+08
9.102281571999285004e-02 4.388135708957460785e+10 9.251905496904959679e+08
9.268531897998151525e-02 4.219785726113691711e+10 9.353557869438812733e+08
9.434782248305331742e-02 4.054029482285104370e+10 9.450123823680213690e+08
9.601032621658157906e-02 3.891011429811740875e+10 9.539348812560226917e+08
9.767283016879922675e-02 3.730868319417047882e+10 9.619361722690571547e+08
9.933533432872686253e-02 3.573729050610345459e+10 9.688645147440108061e+08
1.009978386861079547e-01 3.419714542269406509e+10 9.746005033824062347e+08
1.026603432313502873e-01 3.268937623478218842e+10 9.790541185868710279e+08
1.043228479554730720e-01 3.121502944637121201e+10 9.821619477473647594e+08
1.059853528500589448e-01 2.977506908809914398e+10 9.838846193185219765e+08
1.076478579072105424e-01 2.837037623215883255e+10 9.842044629471051693e+08
1.093103631195108394e-01 2.700174870723474884e+10 9.831233910509506464e+08
1.109728684799872744e-01 2.566990101147272110e+10 9.806609867742493153e+08
1.126353739820789568e-01 2.437546442102210617e+10 9.768527776345138550e+08
1.142978796196066349e-01 2.311898729115089798e+10 9.717486716170024872e+08
1.159603853867454265e-01 2.190093554649008560e+10 9.654115317117452621e+08
1.176228912779997832e-01 2.072169335645573807e+10 9.579158650761367083e+08
1.192853972881804531e-01 1.958156399148637772e+10 9.493466036141030788e+08
1.209479034123834701e-01 1.848077085526323318e+10 9.397979534522728920e+08
1.226104096459709192e-01 1.741945868770052719e+10 9.293722913969757557e+08
1.242729159845529646e-01 1.639769493306468964e+10 9.181790869234019518e+08
1.259354224239715991e-01 1.541547126725530815e+10 9.063338286080660820e+08
1.275979289602855449e-01 1.447270527787624550e+10 8.939569342953385115e+08
1.292604355897561952e-01 1.356924229045400810e+10 8.811726248890923262e+08
1.309229423088349165e-01 1.270485733381159592e+10 8.681077427419029474e+08
1.325854491141509606e-01 1.187925723735988808e+10 8.548904975335172415e+08
1.342479560025006402e-01 1.109208285279086304e+10 8.416491256503244638e+08
1.359104629708369483e-01 1.034291139244697380e+10 8.285104538235024214e+08
1.375729700162601765e-01 9.631258876423349380e+09 8.155983644833983183e+08
1.392354771360091448e-01 8.956582680286350250e+09 8.030321691848365068e+08
1.408979843274529020e-01 8.318284175142291069e+09 7.909249075248115063e+08
1.425604915880832879e-01 7.715711451658146858e+09 7.793816018532439470e+08
1.442229989155077718e-01 7.148162119540985107e+09 7.684975119459685087e+08
1.458855063074428748e-01 6.614886173900665283e+09 7.583564473598344326e+08
1.475480137617080634e-01 6.115088919881644249e+09 7.490292066651225090e+08
1.492105212762198374e-01 5.647933946914257050e+09 7.405722201435517073e+08
1.508730288489867621e-01 5.212546143944548607e+09 7.330264739007947445e+08
1.525355364781040279e-01 4.808014747023763657e+09 7.264167872096110582e+08
1.541980441617490649e-01 4.433396410691802979e+09 7.207515007186360359e+08
1.558605518981770188e-01 4.087718294659080505e+09 7.160226116005414724e+08
1.575230596857167542e-01 3.769981157386075020e+09 7.122063647452172041e+08
1.591855675227668576e-01 3.479162448288910389e+09 7.092642797591353655e+08
1.608480754077921959e-01 3.214219390424162865e+09 7.071445653999154568e+08
1.625105833393203636e-01 2.974092045683051586e+09 7.057838496120642424e+08
1.641730913159387406e-01 2.757706354697001934e+09 7.051091372022665739e+08
1.658355993362912173e-01 2.563977143859880924e+09 7.050398998077927828e+08
1.674981073990755853e-01 2.391811092094790936e+09 7.054902041743903160e+08
1.691606155030408176e-01 2.240109650226750851e+09 7.063707936287469864e+08
1.708231236469845982e-01 2.107771906073898077e+09 7.075910519251964092e+08
1.724856318297508795e-01 1.993697388646798849e+09 7.090607959459053278e+08
1.741481400502279120e-01 1.896788805117998838e+09 7.106918617282840014e+08
1.758106483073458848e-01 1.815954704527879715e+09 7.123994651171017885e+08
1.774731566000750660e-01 1.750112062498830318e+09 7.141033327300679684e+08
1.791356649274240265e-01 1.698188781551172018e+09 7.157286102249053717e+08
1.807981732884377246e-01 1.659126101939691544e+09 7.172065629322273731e+08
1.824606816821959798e-01 1.631880918277985096e+09 7.184750890093419552e+08
1.841231901078118072e-01 1.615427997551533699e+09 7.194790678294688463e+08
1.857856985644300296e-01 1.608762094487060547e+09 7.201705669061119556e+08
1.874482070512257237e-01 1.610899960596005440e+09 7.205089298096766472e+08
1.891107155674030538e-01 1.620882243575625658e+09 7.204607657482988834e+08
1.907732241121938566e-01 1.637775274120310783e+09 7.199998591590456963e+08
1.924357326848565586e-01 1.660672737562030792e+09 7.191070150917726755e+08
1.940982412846749550e-01 1.688697228130178213e+09 7.177698535740152597e+08
1.957607499109572380e-01 1.721001683990727901e+09 7.159825636691900492e+08
1.974232585630348313e-01 1.756770701594684839e+09 7.137456256574026346e+08
1.990857672402615297e-01 1.795221728232944965e+09 7.110655077198052406e+08
2.007482759420124996e-01 1.835606132056506872e+09 7.079543417066285610e+08
2.024107846676835298e-01 1.877210149184413671e+09 7.044295810104404688e+08
2.040732934166899215e-01 1.919355707875827074e+09 7.005136422340767384e+08
2.057358021884660160e-01 1.961401130088791132e+09 6.962335312274045944e+08
2.073983109824642512e-01 2.002741711094649792e+09 6.916204531518951654e+08
2.090608197981545235e-01 2.042810178150681734e+09 6.867094055140705109e+08
2.107233286350234380e-01 2.081077029557103395e+09 6.815387525905574560e+08
2.123858374925735870e-01 2.117050755743665218e+09 6.761497793553521633e+08
2.140483463703231337e-01 2.150277944340027809e+09 6.705862229395784140e+08
2.157108552678049240e-01 2.180343271472080231e+09 6.648937798222389221e+08
2.173733641845664311e-01 2.206869381823945522e+09 6.591195874040098190e+08
2.190358731201685061e-01 2.229516660261545181e+09 6.533116793765991926e+08
2.206983820741854618e-01 2.247982898093234539e+09 6.475184153931881189e+08
2.223608910462041566e-01 2.262002857268110752e+09 6.417878869749766588e+08
2.240234000358239386e-01 2.271347736067984581e+09 6.361673033413217068e+08
2.256859090426557024e-01 2.275824540047352314e+09 6.307023628773310184e+08
2.273484180663219723e-01 2.275275362199535370e+09 6.254366181716943979e+08
2.290109271064561247e-01 2.269576576501144886e+09 6.204108448357458115e+08
2.306734361627020280e-01 2.258637949172887802e+09 6.156624264904177189e+08
2.323359452347137921e-01 2.242401672149709225e+09 6.112247701742732525e+08
2.339984543221555469e-01 2.220841323396376133e+09 6.071267677626792192e+08
2.356609634247005536e-01 2.193960758835772991e+09 6.033923195882774591e+08
2.373234725420314828e-01 2.161792940767767906e+09 6.000399361292028427e+08
2.389859816738397480e-01 2.124398707753659010e+09 5.970824322788676023e+08
2.406484908198254224e-01 2.081865491018557787e+09 5.945267263044849634e+08
2.423109999796965175e-01 2.034305982496680021e+09 5.923737522347329855e+08
2.439735091531692601e-01 1.981856759682218790e+09 5.906184902850179672e+08
2.456360183399674824e-01 1.924676872489588976e+09 5.892501153329436779e+08
2.472985275398224547e-01 1.862946397341740847e+09 5.882522587515645027e+08
2.489610367524725254e-01 1.796864963702936649e+09 5.876033744719821215e+08
2.506235459776631203e-01 1.726650258266169071e+09 5.872771963314950466e+08
2.522860552151463542e-01 1.652536511968041897e+09 5.872432708394000530e+08
2.539485644646808371e-01 1.574772974968165398e+09 5.874675476415827274e+08
2.556110737260313126e-01 1.493622384666129112e+09 5.879130092339625359e+08
2.572735829989687417e-01 1.409359431760591030e+09 5.885403218179030418e+08
2.589360922832700251e-01 1.322269229268630743e+09 5.893084904485611916e+08
2.605986015787175591e-01 1.232645789320610523e+09 5.901755035990878344e+08
2.622611108850994577e-01 1.140790512442120790e+09 5.910989546972671747e+08
2.639236202022091082e-01 1.047010693900775433e+09 5.920366308531903028e+08
2.655861295298450053e-01 9.516180515647611618e+08 5.929470616711628437e+08
2.672486388678106950e-01 8.549272795730925798e+08 5.937900235491842031e+08
2.689111482159146083e-01 7.572546319558055401e+08 5.945269970974431038e+08
2.705736575739698391e-01 6.589165401759375334e+08 5.951215771728098392e+08
2.722361669417941443e-01 5.602282683866869211e+08 5.955398365007905960e+08
2.738986763192096108e-01 4.615026100112874508e+08 5.957506449387757778e+08
2.755611857060425440e-01 3.630486290527586937e+08 5.957259471537090540e+08
2.772236951021236906e-01 2.651704493460361958e+08 5.954410018832827806e+08
2.788862045072874607e-01 1.681660947453987300e+08 5.948745860699909925e+08
2.805487139213725944e-01 7.232638303243468702e+07 5.940091670538897514e+08
2.822112233442213292e-01 -2.206612390089398250e+07 5.928310457222405672e+08
2.838737327756796214e-01 -1.147381112569379807e+08 5.913304730908800364e+08
2.855362422155972579e-01 -2.054264418288334310e+08 5.895017422521018982e+08
2.871987516638271343e-01 -2.938790239180343747e+08 5.873432570067880154e+08
2.888612611202258651e-01 -3.798556150464563370e+08 5.848575778087159395e+08
2.905237705846532292e-01 -4.631285600729512572e+08 5.820514449075611830e+08
2.921862800569720031e-01 -5.434834625634646416e+08 5.789357777948654890e+08
2.938487895370484604e-01 -6.207197885074431896e+08 5.755256492315659523e+08
2.955112990247516502e-01 -6.946514017128218412e+08 5.718402312956527472e+08
2.971738085199533974e-01 -7.651070304517168999e+08 5.679027100303188562e+08
2.988363180225286353e-01 -8.319306651662580967e+08 5.637401644332814217e+08
3.004988275323551283e-01 -8.949818872802864313e+08 5.593834047356662750e+08
3.021613370493130279e-01 -9.541361293971935511e+08 5.548667642280924320e+08
3.038238465732852611e-01 -1.009284867388130665e+09 5.502278383654271364e+08
3.054863561041573639e-01 -1.060335745103034139e+09 5.455071646187608242e+08
3.071488656418173702e-01 -1.107212632654842615e+09 5.407478366442499161e+08
3.088113751861554790e-01 -1.149855619439908743e+09 5.359950469380767941e+08
3.104738847370644983e-01 -1.188220943263801813e+09 5.312955533754671216e+08
3.121363942944395120e-01 -1.222280857142902851e+09 5.266970670222581625e+08
3.137989038581776025e-01 -1.252023435543854237e+09 5.222475614596997499e+08
3.154614134281782389e-01 -1.277452322004347086e+09 5.179945076227973700e+08
3.171239230043430002e-01 -1.298586420256700277e+09 5.139840427725788355e+08
3.187864325865753523e-01 -1.315459531142472982e+09 5.102600875402183533e+08
3.204489421747808708e-01 -1.328119937753849983e+09 5.068634306765830517e+08
3.221114517688670742e-01 -1.336629941398701668e+09 5.038308067552059293e+08
3.237739613687434237e-01 -1.341065351103966475e+09 5.011939970103550553e+08
3.254364709743211015e-01 -1.341514929512631893e+09 4.989789870767662525e+08
3.270989805855132326e-01 -1.338079798127676964e+09 4.972052169838987589e+08
3.287614902022346075e-01 -1.330872804973241091e+09 4.958849578229900002e+08
3.304239998244018484e-01 -1.320017857816810846e+09 4.950228457779776454e+08
3.320865094519330207e-01 -1.305649226189222336e+09 4.946155977620416880e+08
3.337490190847480775e-01 -1.287910815491480827e+09 4.946519241663097143e+08
3.354115287227684150e-01 -1.266955416540565014e+09 4.951126439995776415e+08
3.370740383659170392e-01 -1.242943933938694954e+09 4.959709969915413260e+08
3.387365480141183438e-01 -1.216044596685408354e+09 4.971931371436547041e+08
3.403990576672984991e-01 -1.186432154460751772e+09 4.987387837346400619e+08
3.420615673253846745e-01 -1.154287063016639471e+09 5.005619996598421335e+08
3.437240769883058711e-01 -1.119794662096735716e+09 5.026120635877669454e+08
3.453865866559921449e-01 -1.083144349291861773e+09 5.048344017720151544e+08
3.470490963283750507e-01 -1.044528753193589687e+09 5.071715471444070935e+08
3.487116060053874755e-01 -1.004142909171642065e+09 5.095640969945535660e+08
3.503741156869634166e-01 -9.621834410349408388e+08 5.119516454622067213e+08
3.520366253730383144e-01 -9.188477517722712755e+08 5.142736725714569688e+08
3.536991350635486642e-01 -8.743332264835356474e+08 5.164703770565726757e+08
3.553616447584322380e-01 -8.288364505214743614e+08 5.184834453308136463e+08
3.570241544576279180e-01 -7.825524457661145926e+08 5.202567533471664190e+08
3.586866641610758633e-01 -7.356739278328347206e+08 5.217370016566373706e+08
3.603491738687170098e-01 -6.883905869028544426e+08 5.228742866552411914e+08
3.620116835804937372e-01 -6.408883947284048796e+08 5.236226128823827505e+08
3.636741932963493684e-01 -5.933489402242881060e+08 5.239403523972995281e+08
3.653367030162280593e-01 -5.459487959185146093e+08 5.237906578448162079e+08
3.669992127400752979e-01 -4.988589173671016693e+08 5.231418359480897188e+08
3.686617224678372939e-01 -4.522440774912401438e+08 5.219676879589412808e+08
3.703242321994613118e-01 -4.062623376123892665e+08 5.202478231332253218e+08
3.719867419348956150e-01 -3.610645568051685095e+08 5.179679506545738578e+08
3.736492516740893000e-01 -3.167939409909350276e+08 5.151201546302491426e+08
3.753117614169925176e-01 -2.735856330318967700e+08 5.117031558377875090e+08
3.769742711635561405e-01 -2.315663448872256279e+08 5.077225627815063000e+08
3.786367809137318741e-01 -1.908540327119868696e+08 5.031911132706463933e+08
3.802992906674724227e-01 -1.515576155882153809e+08 4.981289060667529106e+08
3.819618004247312126e-01 -1.137767383889452368e+08 4.925636200516045094e+08
3.836243101854625026e-01 -7.760157908083559573e+07 4.865307156877614260e+08
3.852868199496213841e-01 -4.311270059034860879e+07 4.800736101125668287e+08
3.869493297171635593e-01 -1.038094715418040752e+07 4.732438128337461352e+08
3.886118394880457849e-01 2.053261509087264538e+07 4.661010035128205419e+08
3.902743492622252064e-01 4.957671373243676871e+07 4.587130266159356833e+08
3.919368590396599683e-01 7.670984253213785589e+07 4.511557698005545139e+08
3.935993688203087704e-01 1.019001915069417506e+08 4.435128840581081510e+08
3.952618786041311449e-01 1.251255356059192121e+08 4.358752945066661835e+08
3.969243883910870685e-01 1.463730831241004765e+08 4.283404425668880939e+08
3.985868981811374612e-01 1.656392851427381933e+08 4.210111950503944755e+08
4.002494079742436872e-01 1.829296074529057741e+08 4.139943562819845676e+08
4.019119177703678880e-01 1.982582665493488908e+08 4.073987293249676824e+08
4.035744275694727046e-01 2.116479314319432378e+08 4.013326954635155201e+08
4.052369373715214440e-01 2.231293930735124648e+08 3.959013202869566083e+08
4.068994471764781906e-01 2.327412035360488594e+08 3.912030506053612828e+08
4.085619569843071952e-01 2.405292868244466186e+08 3.873261353533626795e+08
4.102244667949735413e-01 2.465465236753419936e+08 3.843449763843459487e+08
4.118869766084432005e-01 2.508523125546532273e+08 3.823166768665861487e+08
4.135494864246819224e-01 2.535121092342589498e+08 3.812780882734806538e+08
4.152119962436567890e-01 2.545969473699753582e+08 3.812436462747372389e+08
4.168745060653349932e-01 2.541829425755190551e+08 3.822042243313394785e+08
4.185370158896842829e-01 2.523507825179308057e+08 3.841271276681770086e+08
4.201995257166728504e-01 2.491852056118497252e+08 3.869572191334142089e+08
4.218620355462696647e-01 2.447744708906601369e+08 3.906190397352992892e+08
4.235245453784438063e-01 2.392098216723035574e+08 3.950196870788810849e+08
4.251870552131651881e-01 2.325849456021918952e+08 4.000521617428426147e+08
4.268495650504041117e-01 2.249954336827505231e+08 4.055988885727888942e+08
4.285120748901312115e-01 2.165382408349150717e+08 4.115351580354614258e+08
4.301745847323175664e-01 2.073111505418532193e+08 4.177322961676335335e+08
4.318370945769347546e-01 1.974122460403409004e+08 4.240604429536060691e+08
4.334996044239549096e-01 1.869393905102088451e+08 4.303908846299419403e+08
4.351621142733504422e-01 1.759897185959951282e+08 4.365979372666391134e+08
4.368246241250944295e-01 1.646591415745221376e+08 4.425604144294967651e+08
4.384871339791597822e-01 1.530418683324791193e+08 4.481627317749226689e+08
4.401496438355204099e-01 1.412299442872551084e+08 4.532957093632987738e+08
4.418121536941504446e-01 1.293128102099633515e+08 4.578571318607133031e+08
4.434746635550242400e-01 1.173768828693201393e+08 4.617521211830272079e+08
4.451371734181167605e-01 1.055051592136489004e+08 4.648933679623437524e+08
4.467996832834031928e-01 9.377684576892575622e+07 4.672012594922383428e+08
4.484621931508591675e-01 8.226701469454066455e+07 4.686039334210062027e+08
4.501247030204606481e-01 7.104628791160714626e+07 4.690372792112315893e+08
4.517872128921838204e-01 6.018055044490210712e+07 4.684449032343267798e+08
4.534497227660054253e-01 4.973069410834338516e+07 4.667780685819616914e+08
4.551122326419027031e-01 3.975239235814324766e+07 4.639956168468358517e+08
4.567747425198525613e-01 3.029590714317116886e+07 4.600638764017943144e+08
4.584372523998329063e-01 2.140592824423507974e+07 4.549565595655914545e+08
4.600997622818217003e-01 1.312144562741141580e+07 4.486546497111363411e+08
4.617622721657972384e-01 5.475654957168985158e+06 4.411462782814511061e+08
4.634247820517383154e-01 -1.504103504361583153e+06 4.324265911865503788e+08
4.650872919396236149e-01 -7.796372823392553255e+06 4.224976035490034223e+08
4.667498018294323758e-01 -1.338557420629192889e+07 4.113680417581740618e+08
4.684123117211442255e-01 -1.826196926918924227e+07 3.990531715724870563e+08
4.700748216147389580e-01 -2.242159009101210162e+07 3.855746112837776542e+08
4.717373315101965336e-01 -2.586613799288507551e+07 3.709601288406063914e+08
4.733998414074974126e-01 -2.860285159348218888e+07 3.552434222827116251e+08
4.750623513066224435e-01 -3.064434546810942888e+07 3.384638827124564052e+08
4.767248612075521974e-01 -3.200842012825015187e+07 3.206663396333861351e+08
4.783873711102680226e-01 -3.271784506252939254e+07 3.019007882644781470e+08
4.800498810147514894e-01 -3.280011563144287840e+07 2.822220992220615745e+08
4.817123909209840571e-01 -3.228718603404688090e+07 2.616897105519276857e+08
4.833749008289477955e-01 -3.121517905958151445e+07 2.403673031756639183e+08
4.850374107386249412e-01 -2.962407547312484309e+07 2.183224600977245867e+08
4.866999206499977859e-01 -2.755738336817862093e+07 1.956263114288223982e+08
4.883624305630492324e-01 -2.506179134223412350e+07 1.723531661881718934e+08
4.900249404777619611e-01 -2.218680477186674997e+07 1.485801354613006413e+08
4.916874503941192631e-01 -1.898437111029928178e+07 1.243867515769888461e+08
4.933499603121045407e-01 -1.550849042237929627e+07 9.985460411867925525e+07
4.950124702317013070e-01 -1.181482311309492402e+07 7.506705313746915758e+07
4.966749801528934083e-01 -7.960278884595445357e+06 5.010935651458144933e+07
4.983374900756649684e-01 -4.002643366585871205e+06 2.507197396436172351e+07
