# r [arcsec]	I [Jy/sr]	I_uncer [Jy/sr]
1.272617859314095550e-03 5.989057724390905762e+10 2.701108308362150192e+09
2.921189009106442414e-03 5.985250754575321960e+10 2.697952439971300125e+09
4.579495862547155495e-03 5.978406207640393066e+10 2.692333697994468212e+09
6.240002426697914550e-03 5.968530239526723480e+10 2.684246218100903034e+09
7.901343393063876494e-03 5.955633738790585327e+10 2.673704884334395885e+09
9.563088128690054243e-03 5.939731116647800446e+10 2.660732834298711777e+09
1.122505851373705593e-02 5.920840173299698639e+10 2.645359515872222424e+09
1.288716767388508287e-02 5.898982050576459503e+10 2.627620189182422161e+09
1.454936822595933807e-02 5.874181195003128052e+10 2.607555716970261097e+09
1.621163214106096165e-02 5.846465319695587158e+10 2.585212430094882011e+09
1.787394178310437384e-02 5.815865362571216583e+10 2.560642014635770798e+09
1.953628550253095827e-02 5.782415440220352936e+10 2.533901403995028496e+09
2.119865529577967186e-02 5.746152797276333618e+10 2.505052670290517330e+09
2.286104548286438387e-02 5.707117751281592560e+10 2.474162913246342659e+09
2.452345192144544592e-02 5.665353633106002808e+10 2.441304146416316032e+09
2.618587151961204035e-02 5.620906723004298401e+10 2.406553181355884075e+09
2.784830192283991451e-02 5.573826182413181305e+10 2.369991510794114590e+09
2.951074130657948408e-02 5.524163981603267670e+10 2.331705192110844135e+09
3.117318823511218417e-02 5.471974823306298828e+10 2.291784732616544247e+09
3.283564156322602012e-02 5.417316062449369812e+10 2.250324978279327393e+09
3.449810036628684490e-02 5.360247622132468414e+10 2.207425007651904583e+09
3.616056388957845924e-02 5.300831905993583679e+10 2.163188032862136841e+09
3.782303151098994481e-02 5.239133707111285400e+10 2.117721309589942217e+09
3.948550271312052662e-02 5.175220113600492096e+10 2.071136058001683474e+09
4.114797706214112089e-02 5.109160411063255310e+10 2.023547396609762669e+09
4.281045419157746001e-02 5.041025982060245514e+10 1.975074290953829765e+09
4.447293378972808769e-02 4.970890202775525665e+10 1.925839518845459461e+09
4.613541558980088775e-02 4.898828337049073792e+10 1.875969653633592367e+09
4.779789936210682849e-02 4.824917427958453369e+10 1.825595066486668110e+09
4.946038490782722619e-02 4.749236187132231903e+10 1.774849947979571819e+09
5.112287205399637657e-02 4.671864881983989716e+10 1.723872348248698950e+09
5.278536064943199074e-02 4.592885221055449677e+10 1.672804233500092030e+09
5.444785056141081270e-02 4.512380237664378357e+10 1.621791554613830328e+09
5.611034167293492414e-02 4.430434172050285339e+10 1.570984320795250416e+09
5.777283388046990098e-02 4.347132352218176270e+10 1.520536667487102747e+09
5.943532709206246489e-02 4.262561073677601624e+10 1.470606902865803957e+09
6.109782122576532665e-02 4.176807478278768921e+10 1.421357510958638668e+09
6.276031620831216962e-02 4.089959432347399139e+10 1.372955081566523075e+09
6.442281197399798987e-02 4.002105404319667816e+10 1.325570127663856030e+09
6.608530846372812073e-02 3.913334342080106354e+10 1.279376739873755217e+09
6.774780562420743002e-02 3.823735550204563904e+10 1.234552015474426270e+09
6.941030340724584080e-02 3.733398567309321594e+10 1.191275187175296783e+09
7.107280176916151715e-02 3.642413043707689667e+10 1.149726366453306437e+09
7.273530067026563739e-02 3.550868619572134399e+10 1.110084810391195774e+09
7.439780007441634813e-02 3.458854803801219177e+10 1.072526623738279462e+09
7.606029994863128252e-02 3.366460853785154724e+10 1.037221824340941191e+09
7.772280026274960840e-02 3.273775656264644623e+10 1.004330735597629070e+09
7.938530098913672284e-02 3.180887609472312164e+10 9.739997286592633724e+08
8.104780210242505667e-02 3.087884506744720459e+10 9.463564211012461185e+08
8.271030357928650656e-02 2.994853421789122391e+10 9.215045433677631617e+08
8.437280539823126257e-02 2.901880595783892441e+10 8.995187969373979568e+08
8.603530753943039455e-02 2.809051326491056442e+10 8.804401276340107918e+08
8.769780998455847798e-02 2.716449859549929428e+10 8.642718965289472342e+08
8.936031271665356712e-02 2.624159282121167755e+10 8.509774228918349743e+08
9.102281571999285004e-02 2.532261419042798233e+10 8.404792825675269365e+08
9.268531897998151525e-02 2.440836731653999710e+10 8.326605743886003494e+08
9.434782248305331742e-02 2.349964219439823532e+10 8.273681432854665518e+08
9.601032621658157906e-02 2.259721324641100693e+10 8.244175160033259392e+08
9.767283016879922675e-02 2.170183839969656754e+10 8.235991128767665625e+08
9.933533432872686253e-02 2.081425819562282562e+10 8.246851849656498432e+08
1.009978386861079547e-01 1.993519493300045013e+10 8.274369056140704155e+08
1.026603432313502873e-01 1.906535184613314438e+10 8.316111100697970390e+08
1.043228479554730720e-01 1.820541231885806656e+10 8.369662991276711226e+08
1.059853528500589448e-01 1.735603913564009476e+10 8.432676690157250166e+08
1.076478579072105424e-01 1.651787377070841980e+10 8.502910699036923647e+08
1.093103631195108394e-01 1.569153571615572929e+10 8.578259094612435102e+08
1.109728684799872744e-01 1.487762184983886337e+10 8.656770971554325819e+08
1.126353739820789568e-01 1.407670584385054207e+10 8.736661699395558834e+08
1.142978796196066349e-01 1.328933761424640083e+10 8.816317566483230591e+08
1.159603853867454265e-01 1.251604281264480782e+10 8.894295349372682571e+08
1.176228912779997832e-01 1.175732236022319031e+10 8.969318188516186476e+08
1.192853972881804531e-01 1.101365202456916428e+10 9.040268934736776352e+08
1.209479034123834701e-01 1.028548203975984192e+10 9.106181900602390766e+08
1.226104096459709192e-01 9.573236769956939697e+09 9.166233734197701216e+08
1.242729159845529646e-01 8.877314416733829498e+09 9.219733944294301271e+08
1.259354224239715991e-01 8.198086770269097328e+09 9.266115450562223196e+08
1.275979289602855449e-01 7.535899004452665329e+09 9.304925409783073664e+08
1.292604355897561952e-01 6.891069515884963989e+09 9.335816475519793034e+08
1.309229423088349165e-01 6.263889806658215523e+09 9.358538579611837864e+08
1.325854491141509606e-01 5.654624410738924026e+09 9.372931274358062744e+08
1.342479560025006402e-01 5.063510863686975479e+09 9.378916639927557707e+08
1.359104629708369483e-01 4.490759715377252579e+09 9.376492738508036137e+08
1.375729700162601765e-01 3.936554585306578636e+09 9.365727582044025660e+08
1.392354771360091448e-01 3.401052260002391338e+09 9.346753571555274725e+08
1.408979843274529020e-01 2.884382831968566895e+09 9.319762361309078932e+08
1.425604915880832879e-01 2.386649879542626381e+09 9.285000098975834846e+08
1.442229989155077718e-01 1.907930686959886551e+09 9.242762992538976669e+08
1.458855063074428748e-01 1.448276503856055260e+09 9.193393155269199610e+08
1.475480137617080634e-01 1.007712843379105091e+09 9.137274681148455143e+08
1.492105212762198374e-01 5.862398180067731142e+08 9.074829904377151728e+08
1.508730288489867621e-01 1.838325121151055396e+08 9.006515797804411650e+08
1.525355364781040279e-01 -1.995586097223937213e+08 8.932820466266055107e+08
1.541980441617490649e-01 -5.640072597791186571e+08 8.854259691862204075e+08
1.558605518981770188e-01 -9.096108506925488710e+08 8.771373489212061167e+08
1.575230596857167542e-01 -1.236489986636909962e+09 8.684722629879083633e+08
1.591855675227668576e-01 -1.544787923378939390e+09 8.594885096610133648e+08
1.608480754077921959e-01 -1.834669998497032881e+09 8.502452430061504841e+08
1.625105833393203636e-01 -2.106323033080261469e+09 8.408025933575854301e+08
1.641730913159387406e-01 -2.359954706270993710e+09 8.312212705686727762e+08
1.658355993362912173e-01 -2.595792904048692703e+09 8.215621475681531429e+08
1.674981073990755853e-01 -2.814085043688708305e+09 8.118858225132974386e+08
1.691606155030408176e-01 -3.015097375359716415e+09 8.022521588116220236e+08
1.708231236469845982e-01 -3.199114262355746269e+09 7.927198035034992695e+08
1.724856318297508795e-01 -3.366437441479785442e+09 7.833456859695787430e+08
1.741481400502279120e-01 -3.517385265120482922e+09 7.741845006321654320e+08
1.758106483073458848e-01 -3.652291926583288193e+09 7.652881792100877762e+08
1.774731566000750660e-01 -3.771506670249845982e+09 7.567053600972654819e+08
1.791356649274240265e-01 -3.875392988157177448e+09 7.484808644390484095e+08
1.807981732884377246e-01 -3.964327804590964794e+09 7.406551903495445251e+08
1.824606816821959798e-01 -4.038700650299190998e+09 7.332640382643196583e+08
1.841231901078118072e-01 -4.098912827932620525e+09 7.263378814813867807e+08
1.857856985644300296e-01 -4.145376570318077087e+09 7.199015963313958645e+08
1.874482070512257237e-01 -4.178514193165807247e+09 7.139741659939668179e+08
1.891107155674030538e-01 -4.198757243811279297e+09 7.085684706479313374e+08
1.907732241121938566e-01 -4.206545647572004795e+09 7.036911744044808149e+08
1.924357326848565586e-01 -4.202326853297916412e+09 6.993427163957880735e+08
1.940982412846749550e-01 -4.186554979668206692e+09 6.955174096527026892e+08
1.957607499109572380e-01 -4.159689963776979923e+09 6.922036472552545071e+08
1.974232585630348313e-01 -4.122196713520534992e+09 6.893842109831991196e+08
1.990857672402615297e-01 -4.074544265281177521e+09 6.870366736598657370e+08
2.007482759420124996e-01 -4.017204948368940353e+09 6.851338828765634298e+08
2.024107846676835298e-01 -3.950653557658781528e+09 6.836445110588476658e+08
2.040732934166899215e-01 -3.875366535819435120e+09 6.825336550561447144e+08
2.057358021884660160e-01 -3.791821166506087780e+09 6.817634676717451811e+08
2.073983109824642512e-01 -3.700494779839245319e+09 6.812938037682257891e+08
2.090608197981545235e-01 -3.601863971460135937e+09 6.810828646731141806e+08
2.107233286350234380e-01 -3.496403836410252094e+09 6.810878263884208202e+08
2.123858374925735870e-01 -3.384587219031659126e+09 6.812654393680670261e+08
2.140483463703231337e-01 -3.266883980046365261e+09 6.815725901514676809e+08
2.157108552678049240e-01 -3.143760281920176506e+09 6.819668177241133451e+08
2.173733641845664311e-01 -3.015677893565172195e+09 6.824067799534852505e+08
2.190358731201685061e-01 -2.883093515389276028e+09 6.828526676919958591e+08
2.206983820741854618e-01 -2.746458125638311386e+09 6.832665660610153675e+08
2.223608910462041566e-01 -2.606216348933050632e+09 6.836127640002247095e+08
2.240234000358239386e-01 -2.462805847836101055e+09 6.838580143613479137e+08
2.256859090426557024e-01 -2.316656738235650539e+09 6.839717476808496714e+08
2.273484180663219723e-01 -2.168191029269834995e+09 6.839262432997411489e+08
2.290109271064561247e-01 -2.017822088456918955e+09 6.836967617714722157e+08
2.306734361627020280e-01 -1.865954132641036987e+09 6.832616425510867834e+08
2.323359452347137921e-01 -1.712981745295264959e+09 6.826023708382227421e+08
2.339984543221555469e-01 -1.559289420672801495e+09 6.817036172052271366e+08
2.356609634247005536e-01 -1.405251135226299047e+09 6.805532533050361872e+08
2.373234725420314828e-01 -1.251229946662186623e+09 6.791423465658856630e+08
2.389859816738397480e-01 -1.097577620930078268e+09 6.774651363556432724e+08
2.406484908198254224e-01 -9.446342873915723562e+08 6.755189936640595198e+08
2.423109999796965175e-01 -7.927281223438128233e+08 6.733043659162713289e+08
2.439735091531692601e-01 -6.421750610244284868e+08 6.708247081077015400e+08
2.456360183399674824e-01 -4.932785381516798139e+08 6.680864010428104401e+08
2.472985275398224547e-01 -3.463292570053421259e+08 6.650986570813000202e+08
2.489610367524725254e-01 -2.016049869877399206e+08 6.618734134352039099e+08
2.506235459776631203e-01 -5.937038955119719356e+07 6.584252127394621372e+08
2.522860552151463542e-01 8.012312768195803463e+07 6.547710703285652399e+08
2.539485644646808371e-01 2.166375288308615983e+08 6.509303274031784534e+08
2.556110737260313126e-01 3.499482399855423570e+08 6.469244890741766691e+08
2.572735829989687417e-01 4.798442120850119591e+08 6.427770461285183430e+08
2.589360922832700251e-01 6.061279568323163986e+08 6.385132792910647392e+08
2.605986015787175591e-01 7.286155560814446211e+08 6.341600447689080238e+08
2.622611108850994577e-01 8.471366451818079948e+08 6.297455399723718166e+08
2.639236202022091082e-01 9.615343708098415136e+08 6.252990485315982103e+08
2.655861295298450053e-01 1.071665323863973141e+09 6.208506640775657892e+08
2.672486388678106950e-01 1.177399448041204929e+09 6.164309927482180595e+08
2.689111482159146083e-01 1.278619924754597664e+09 6.120708350184056759e+08
2.705736575739698391e-01 1.375223035089346886e+09 6.078008482387782335e+08
2.722361669417941443e-01 1.467117999533074856e+09 6.036511921906485558e+08
2.738986763192096108e-01 1.554226796247099638e+09 5.996511609980350733e+08
2.755611857060425440e-01 1.636483958683815479e+09 5.958288058463579416e+08
2.772236951021236906e-01 1.713836353377670288e+09 5.922105540838903189e+08
2.788862045072874607e-01 1.786242938771627665e+09 5.888208313560361862e+08
2.805487139213725944e-01 1.853674505962784052e+09 5.856816943660227060e+08
2.822112233442213292e-01 1.916113402272793531e+09 5.828124825735664368e+08
2.838737327756796214e-01 1.973553238576003075e+09 5.802294975582498312e+08
2.855362422155972579e-01 2.025998581324244499e+09 5.779457187998474836e+08
2.871987516638271343e-01 2.073464630238231897e+09 5.759705642230134010e+08
2.888612611202258651e-01 2.115976882635096073e+09 5.743097029811147451e+08
2.905237705846532292e-01 2.153570785379975319e+09 5.729649266418994665e+08
2.921862800569720031e-01 2.186291375460092545e+09 5.719340832301204205e+08
2.938487895370484604e-01 2.214192910175281048e+09 5.712110765780572891e+08
2.955112990247516502e-01 2.237338487957387447e+09 5.707859312597525120e+08
2.971738085199533974e-01 2.255799660819179535e+09 5.706449211745524406e+08
2.988363180225286353e-01 2.269656039442284584e+09 5.707707577561129332e+08
3.004988275323551283e-01 2.278994891901000977e+09 5.711428319401209354e+08
3.021613370493130279e-01 2.283910737027100086e+09 5.717375025496637821e+08
3.038238465732852611e-01 2.284504933395113945e+09 5.725284227082253695e+08
3.054863561041573639e-01 2.280885264916310787e+09 5.734868953212273121e+08
3.071488656418173702e-01 2.273165524001645088e+09 5.745822485517497063e+08
3.088113751861554790e-01 2.261465093254318237e+09 5.757822225273646116e+08
3.104738847370644983e-01 2.245908526623740196e+09 5.770533591725279093e+08
3.121363942944395120e-01 2.226625130945500851e+09 5.783613879895468950e+08
3.137989038581776025e-01 2.203748548765349388e+09 5.796716017101569176e+08
3.154614134281782389e-01 2.177416343328939915e+09 5.809492169276669025e+08
3.171239230043430002e-01 2.147769586590476990e+09 5.821597160130927563e+08
3.187864325865753523e-01 2.114952451075131655e+09 5.832691677590098381e+08
3.204489421747808708e-01 2.079111806400184870e+09 5.842445252295163870e+08
3.221114517688670742e-01 2.040396821230256796e+09 5.850539001979173422e+08
3.237739613687434237e-01 1.998958571421661615e+09 5.856668143087427616e+08
3.254364709743211015e-01 1.954949655068116903e+09 5.860544277016781569e+08
3.270989805855132326e-01 1.908523815142216444e+09 5.861897462935519218e+08
3.287614902022346075e-01 1.859835570384390354e+09 5.860478092387211323e+08
3.304239998244018484e-01 1.809039855061900139e+09 5.856058582957166433e+08
3.320865094519330207e-01 1.756291668189341784e+09 5.848434909400897026e+08
3.337490190847480775e-01 1.701745732759840727e+09 5.837427990902431011e+08
3.354115287227684150e-01 1.645556165506683350e+09 5.822884952783932686e+08
3.370740383659170392e-01 1.587876157678146362e+09 5.804680280127608776e+08
3.387365480141183438e-01 1.528857667268377781e+09 5.782716879452322721e+08
3.403990576672984991e-01 1.468651123112500191e+09 5.756927063003979921e+08
3.420615673253846745e-01 1.407405141217915773e+09 5.727273468269904852e+08
3.437240769883058711e-01 1.345266253665129423e+09 5.693749923126785755e+08
3.453865866559921449e-01 1.282378650369397163e+09 5.656382264477225542e+08
3.470490963283750507e-01 1.218883933969266415e+09 5.615229115328835249e+08
3.487116060053874755e-01 1.154920888052826643e+09 5.570382621830648184e+08
3.503741156869634166e-01 1.090625258913734436e+09 5.521969147801942825e+08
3.520366253730383144e-01 1.026129550976743221e+09 5.470149919477428198e+08
3.536991350635486642e-01 9.615628360053117275e+08 5.415121607480463982e+08
3.553616447584322380e-01 8.970505761653008461e+08 5.357116826137732267e+08
3.570241544576279180e-01 8.327144609788455963e+08 5.296404522006041408e+08
3.586866641610758633e-01 7.686722581752508879e+08 5.233290213667006493e+08
3.603491738687170098e-01 7.050376784040459394e+08 5.168116033361278176e+08
3.620116835804937372e-01 6.419202537457374334e+08 5.101260507784369588e+08
3.636741932963493684e-01 5.794252299229217768e+08 5.033138000550720096e+08
3.653367030162280593e-01 5.176534720794942975e+08 4.964197722819356918e+08
3.669992127400752979e-01 4.567013839696098566e+08 4.894922202168628573e+08
3.686617224678372939e-01 3.966608403627427816e+08 4.825825084340705872e+08
3.703242321994613118e-01 3.376191324478726983e+08 4.757448129923109412e+08
3.719867419348956150e-01 2.796589259862945676e+08 4.690357261119745970e+08
3.736492516740893000e-01 2.228582319420528710e+08 4.625137516027536392e+08
3.753117614169925176e-01 1.672903892894223034e+08 4.562386783392873406e+08
3.769742711635561405e-01 1.130240596735926121e+08 4.502708224110572934e+08
3.786367809137318741e-01 6.012323358084493130e+07 4.446701340661363006e+08
3.802992906674724227e-01 8.647247649029280990e+06 4.394951734794358015e+08
3.819618004247312126e-01 -4.134918726721979678e+07 4.348019696649202704e+08
3.836243101854625026e-01 -8.981594768267655373e+07 4.306427890738382339e+08
3.852868199496213841e-01 -1.367074491418972909e+08 4.270648535940959454e+08
3.869493297171635593e-01 -1.819825883910445571e+08 4.241090602806045413e+08
3.886118394880457849e-01 -2.256046765147288144e+08 4.218087652527415752e+08
3.902743492622252064e-01 -2.675413635023542941e+08 4.201886997297501564e+08
3.919368590396599683e-01 -3.077645547194667459e+08 4.192640853415437341e+08
3.935993688203087704e-01 -3.462503197718771696e+08 4.190400076674531698e+08
3.952618786041311449e-01 -3.829787942541387677e+08 4.195110915754407644e+08
3.969243883910870685e-01 -4.179340748857125044e+08 4.206615008875337243e+08
3.985868981811374612e-01 -4.511041085394678712e+08 4.224652608200899363e+08
4.002494079742436872e-01 -4.824805756720079780e+08 4.248868778547633886e+08
4.019119177703678880e-01 -5.120587686690689921e+08 4.278822114037138820e+08
4.035744275694727046e-01 -5.398374656185829639e+08 4.313995373427639008e+08
4.052369373715214440e-01 -5.658188000223499537e+08 4.353807364681565762e+08
4.068994471764781906e-01 -5.900081269598124027e+08 4.397625411617325544e+08
4.085619569843071952e-01 -6.124138862074558735e+08 4.444777798389329314e+08
4.102244667949735413e-01 -6.330474628192423582e+08 4.494565692790132165e+08
4.118869766084432005e-01 -6.519230456619855165e+08 4.546274175872947574e+08
4.135494864246819224e-01 -6.690574843979769945e+08 4.599182134866176248e+08
4.152119962436567890e-01 -6.844701453916813135e+08 4.652570894121766686e+08
4.168745060653349932e-01 -6.981827670150343180e+08 4.705731556634336114e+08
4.185370158896842829e-01 -7.102193148096292019e+08 4.757971102354235053e+08
4.201995257166728504e-01 -7.206058369545125961e+08 4.808617339815438390e+08
4.218620355462696647e-01 -7.293703204755023718e+08 4.857022836846686602e+08
4.235245453784438063e-01 -7.365425486160366535e+08 4.902567968924753666e+08
4.251870552131651881e-01 -7.421539597776747942e+08 4.944663223852831721e+08
4.268495650504041117e-01 -7.462375084197021723e+08 4.982750893567535281e+08
4.285120748901312115e-01 -7.488275282912346125e+08 5.016306270664007068e+08
4.301745847323175664e-01 -7.499595983548841476e+08 5.044838452000240684e+08
4.318370945769347546e-01 -7.496704117366130352e+08 5.067890835529490709e+08
4.334996044239549096e-01 -7.479976480238687992e+08 5.085041381398053765e+08
4.351621142733504422e-01 -7.449798492113821507e+08 5.095902694121672511e+08
4.368246241250944295e-01 -7.406562995740782022e+08 5.100121970633145571e+08
4.384871339791597822e-01 -7.350669097264133692e+08 5.097380848269133568e+08
4.401496438355204099e-01 -7.282521051085184813e+08 5.087395178366978765e+08
4.418121536941504446e-01 -7.202527191134554148e+08 5.069914743735931516e+08
4.434746635550242400e-01 -7.111098910544649363e+08 5.044722932965188622e+08
4.451371734181167605e-01 -7.008649691443048716e+08 5.011636379723360538e+08
4.467996832834031928e-01 -6.895594186388244629e+08 4.970504572185655832e+08
4.484621931508591675e-01 -6.772347352765622139e+08 4.921209434742973447e+08
4.501247030204606481e-01 -6.639323641192380190e+08 4.863664882701046467e+08
4.517872128921838204e-01 -6.496936238831033707e+08 4.797816348874086142e+08
4.534497227660054253e-01 -6.345596368208276033e+08 4.723640280575680137e+08
4.551122326419027031e-01 -6.185712642003201246e+08 4.641143604390676022e+08
4.567747425198525613e-01 -6.017690473972140551e+08 4.550363156429740787e+08
4.584372523998329063e-01 -5.841931546044986248e+08 4.451365074978827238e+08
4.600997622818217003e-01 -5.658833331327259541e+08 4.344244153270314336e+08
4.617622721657972384e-01 -5.468788672652647495e+08 4.229123149439041018e+08
4.634247820517383154e-01 -5.272185415979661345e+08 4.106152051899036765e+08
4.650872919396236149e-01 -5.069406097905309200e+08 3.975507297670298815e+08
4.667498018294323758e-01 -4.860827686202521920e+08 3.837390942709787488e+08
4.684123117211442255e-01 -4.646821372264660597e+08 3.692029782362638712e+08
4.700748216147389580e-01 -4.427752414001979232e+08 3.539674421998711228e+08
4.717373315101965336e-01 -4.203980027758091688e+08 3.380598296565290093e+08
4.733998414074974126e-01 -3.975857327396097183e+08 3.215096640270469189e+08
4.750623513066224435e-01 -3.743731308880581856e+08 3.043485405697461367e+08
4.767248612075521974e-01 -3.507942878121158481e+08 2.866100134896368980e+08
4.783873711102680226e-01 -3.268826920201491117e+08 2.683294782223402262e+08
4.800498810147514894e-01 -3.026712407406567335e+08 2.495440493188242912e+08
4.817123909209840571e-01 -2.781922544022897482e+08 2.302924339470518231e+08
4.833749008289477955e-01 -2.534774944961945713e+08 2.106148017101393640e+08
4.850374107386249412e-01 -2.285581846163390279e+08 1.905526508809116483e+08
4.866999206499977859e-01 -2.034650343365416229e+08 1.701486723708208799e+08
4.883624305630492324e-01 -1.782282657413458526e+08 1.494466120534408987e+08
4.900249404777619611e-01 -1.528776421991516352e+08 1.284911351381126344e+08
4.916874503941192631e-01 -1.274424992699849755e+08 1.073276978285762966e+08
4.933499603121045407e-01 -1.019517771767930686e+08 8.600244837325233221e+07
4.950124702317013070e-01 -7.643405500417858362e+07 6.456222859779877961e+07
4.966749801528934083e-01 -5.091758547093350440e+07 4.305505512200211734e+07
4.983374900756649684e-01 -2.543033252534793317e+07 2.153425672785748914e+07
