# r [arcsec]	I [Jy/sr]	I_uncer [Jy/sr]
1.272617859314095550e-03 1.591118624651464233e+11 1.777123620771097183e+09
2.921189009106442414e-03 1.590112591521916199e+11 1.773023857343860626e+09
4.579495862547155495e-03 1.588304115696884766e+11 1.765742226639962196e+09
6.240002426697914550e-03 1.585695285514601746e+11 1.755278545534895420e+09
7.901343393063876494e-03 1.582289642443027649e+11 1.741667676297266483e+09
9.563088128690054243e-03 1.578091858374308777e+11 1.724960508825624943e+09
1.122505851373705593e-02 1.573107696477071533e+11 1.705220978590428829e+09
1.288716767388508287e-02 1.567343993988773499e+11 1.682525210732191086e+09
1.454936822595933807e-02 1.560808646907634888e+11 1.656961068579523325e+09
1.621163214106096165e-02 1.553510593539810486e+11 1.628627801157827377e+09
1.787394178310437384e-02 1.545459796260395813e+11 1.597635716959639072e+09
1.953628550253095827e-02 1.536667221340635986e+11 1.564105865325922012e+09
2.119865529577967186e-02 1.527144816827778931e+11 1.528169723918151379e+09
2.286104548286438387e-02 1.516905488507643738e+11 1.489968898060124636e+09
2.452345192144544592e-02 1.505963073999192810e+11 1.449654841970736742e+09
2.618587151961204035e-02 1.494332315040195923e+11 1.407388615231566906e+09
2.784830192283991451e-02 1.482028828029906921e+11 1.363340691104877472e+09
2.951074130657948408e-02 1.469069072899754333e+11 1.317690836960962296e+09
3.117318823511218417e-02 1.455470320387750854e+11 1.270628091343204021e+09
3.283564156322602012e-02 1.441250617796158142e+11 1.222350867302279949e+09
3.449810036628684490e-02 1.426428753315875549e+11 1.173067217692848444e+09
3.616056388957845924e-02 1.411024219003977356e+11 1.122995305160418034e+09
3.782303151098994481e-02 1.395057172504695740e+11 1.072364127376413703e+09
3.948550271312052662e-02 1.378548397605976257e+11 1.021414556049427986e+09
4.114797706214112089e-02 1.361519263727437897e+11 9.704007548944293261e+08
4.281045419157746001e-02 1.343991684436926117e+11 9.195920440504169464e+08
4.447293378972808769e-02 1.325988075095660248e+11 8.692752706789115667e+08
4.613541558980088775e-02 1.307531309733161774e+11 8.197577172695609331e+08
4.779789936210682849e-02 1.288644677255183411e+11 7.713705127075023651e+08
4.946038490782722619e-02 1.269351837088528442e+11 7.244723774566574097e+08
5.112287205399637657e-02 1.249676774368322296e+11 6.794532899604265690e+08
5.278536064943199074e-02 1.229643754772966461e+11 6.367372501172600985e+08
5.444785056141081270e-02 1.209277279113622437e+11 5.967826840012074709e+08
5.611034167293492414e-02 1.188602037783799591e+11 5.600781818771392107e+08
5.777283388046990098e-02 1.167642865175758514e+11 5.271303530940176249e+08
5.943532709206246489e-02 1.146424694168863525e+11 4.984401163700132370e+08
6.109782122576532665e-02 1.124972510794939270e+11 4.744646820834760070e+08
6.276031620831216962e-02 1.103311309184542847e+11 4.555659961449289322e+08
6.442281197399798987e-02 1.081466046896417694e+11 4.419528366324559450e+08
6.608530846372812073e-02 1.059461600731318359e+11 4.336309433823320270e+08
6.774780562420743002e-02 1.037322723129214172e+11 4.303785307355479002e+08
6.941030340724584080e-02 1.015073999246870728e+11 4.317587257360261083e+08
7.107280176916151715e-02 9.927398048107127380e+10 4.371671418661085367e+08
7.273530067026563739e-02 9.703442648366679382e+10 4.458998720482265949e+08
7.439780007441634813e-02 9.479112133068765259e+10 4.572225825658849478e+08
7.606029994863128252e-02 9.254641538889619446e+10 4.704260782923914790e+08
7.772280026274960840e-02 9.030262217813388062e+10 4.848624431726654768e+08
7.938530098913672284e-02 8.806201467638156128e+10 4.999630579366729259e+08
8.104780210242505667e-02 8.582682175296089172e+10 5.152432582828397155e+08
8.271030357928650656e-02 8.359922473708403015e+10 5.302988046111382842e+08
8.437280539823126257e-02 8.138135412853753662e+10 5.447982485910487175e+08
8.603530753943039455e-02 7.917528645694866943e+10 5.584738817384254932e+08
8.769780998455847798e-02 7.698304129552558899e+10 5.711127902868362665e+08
8.936031271665356712e-02 7.480657843485321045e+10 5.825487510980612040e+08
9.102281571999285004e-02 7.264779522178416443e+10 5.926552320555405617e+08
9.268531897998151525e-02 7.050852406801109314e+10 6.013395093297351599e+08
9.434782248305331742e-02 6.839053013247341919e+10 6.085377975460261106e+08
9.601032621658157906e-02 6.629550918121244812e+10 6.142112475758787394e+08
9.767283016879922675e-02 6.422508562784296417e+10 6.183426635126938820e+08
9.933533432872686253e-02 6.218081075728765869e+10 6.209338043325719833e+08
1.009978386861079547e-01 6.016416113493795776e+10 6.220031555612256527e+08
1.026603432313502873e-01 5.817653720290151978e+10 6.215840764551820755e+08
1.043228479554730720e-01 5.621926206448588562e+10 6.197232463162672520e+08
1.059853528500589448e-01 5.429358045759099579e+10 6.164793487492830753e+08
1.076478579072105424e-01 5.240065791715155792e+10 6.119219448543922901e+08
1.093103631195108394e-01 5.054158012632160950e+10 6.061304957339590788e+08
1.109728684799872744e-01 4.871735245554433441e+10 5.991935016029816866e+08
1.126353739820789568e-01 4.692889968824099731e+10 5.912077295189758539e+08
1.142978796196066349e-01 4.517706593130004120e+10 5.822775045326471329e+08
1.159603853867454265e-01 4.346261470815623474e+10 5.725140400943764448e+08
1.176228912779997832e-01 4.178622923171869659e+10 5.620347829671828747e+08
1.192853972881804531e-01 4.014851285403590393e+10 5.509627458392161131e+08
1.209479034123834701e-01 3.854998968909477234e+10 5.394257974691503048e+08
1.226104096459709192e-01 3.699110540477332306e+10 5.275558758443135023e+08
1.242729159845529646e-01 3.547222817952323151e+10 5.154880850012578368e+08
1.259354224239715991e-01 3.399364981903089142e+10 5.033596317133345604e+08
1.275979289602855449e-01 3.255558702765716553e+10 4.913085555065791011e+08
1.292604355897561952e-01 3.115818282918366623e+10 4.794722062849470973e+08
1.309229423088349165e-01 2.980150813099269104e+10 4.679854306071429849e+08
1.325854491141509606e-01 2.848556342554469299e+10 4.569784430340067148e+08
1.342479560025006402e-01 2.721028062267881012e+10 4.465743853729196787e+08
1.359104629708369483e-01 2.597552500603448868e+10 4.368866153302403688e+08
1.375729700162601765e-01 2.478109730660187912e+10 4.280158158705962300e+08
1.392354771360091448e-01 2.362673588619860077e+10 4.200470726553442478e+08
1.408979843274529020e-01 2.251211902346372986e+10 4.130471201948584914e+08
1.425604915880832879e-01 2.143686729477058029e+10 4.070619951538469195e+08
1.442229989155077718e-01 2.040054604230262756e+10 4.021153440367054939e+08
1.458855063074428748e-01 1.940266792139441681e+10 3.982076020956501365e+08
1.475480137617080634e-01 1.844269551914277267e+10 3.953161886706525087e+08
1.492105212762198374e-01 1.752004403618159866e+10 3.933967601329182386e+08
1.508730288489867621e-01 1.663408402346632957e+10 3.923854440255711079e+08
1.525355364781040279e-01 1.578414416586228752e+10 3.922018706838213801e+08
1.541980441617490649e-01 1.496951410432752991e+10 3.927527429488543272e+08
1.558605518981770188e-01 1.418944728847033691e+10 3.939356529584978223e+08
1.575230596857167542e-01 1.344316385129593086e+10 3.956428679620350599e+08
1.591855675227668576e-01 1.272985349803055000e+10 3.977648549380155206e+08
1.608480754077921959e-01 1.204867840094894600e+10 4.001933811706297398e+08
1.625105833393203636e-01 1.139877609226574707e+10 4.028240992534504533e+08
1.641730913159387406e-01 1.077926234725093842e+10 4.055585882352424860e+08
1.658355993362912173e-01 1.018923404987345505e+10 4.083058710443060994e+08
1.674981073990755853e-01 9.627772033448822021e+09 4.109834600427882075e+08
1.691606155030408176e-01 9.093943888936306000e+09 4.135179991423817873e+08
1.708231236469845982e-01 8.586806733738574982e+09 4.158455757015928030e+08
1.724856318297508795e-01 8.105409934080471039e+09 4.179117721966236830e+08
1.741481400502279120e-01 7.648797774273740768e+09 4.196715197821835279e+08
1.758106483073458848e-01 7.216012066429121017e+09 4.210888059234530926e+08
1.774731566000750660e-01 6.806094694458379745e+09 4.221362780473536253e+08
1.791356649274240265e-01 6.418090086480554581e+09 4.227947756790936589e+08
1.807981732884377246e-01 6.051047610049643517e+09 4.230528153214285374e+08
1.824606816821959798e-01 5.704023884944172859e+09 4.229060455671696663e+08
1.841231901078118072e-01 5.376085008561242104e+09 4.223566845691286325e+08
1.857856985644300296e-01 5.066308689314818382e+09 4.214129478782745004e+08
1.874482070512257237e-01 4.773786283768290520e+09 4.200884716149346232e+08
1.891107155674030538e-01 4.497624733587126732e+09 4.184017337710040212e+08
1.907732241121938566e-01 4.236948398761736870e+09 4.163754749901155233e+08
1.924357326848565586e-01 3.990900783911513329e+09 4.140361193013992906e+08
1.940982412846749550e-01 3.758646154857947350e+09 4.114131948841165900e+08
1.957607499109572380e-01 3.539371043024124146e+09 4.085387549377363920e+08
1.974232585630348313e-01 3.332285635602332115e+09 4.054467990629217625e+08
1.990857672402615297e-01 3.136625049806976318e+09 4.021726961806861758e+08
2.007482759420124996e-01 2.951650489911250114e+09 3.987526108852791786e+08
2.024107846676835298e-01 2.776650286143459320e+09 3.952229362009642720e+08
2.040732934166899215e-01 2.610940814905096531e+09 3.916197369385842085e+08
2.057358021884660160e-01 2.453867300128320694e+09 3.879782091588808298e+08
2.073983109824642512e-01 2.304804495984202385e+09 3.843321625550742149e+08
2.090608197981545235e-01 2.163157251497801781e+09 3.807135337641281486e+08
2.107233286350234380e-01 2.028360957997954845e+09 3.771519395780454278e+08
2.123858374925735870e-01 1.899881880670241117e+09 3.736742796232128143e+08
2.140483463703231337e-01 1.777217375838320494e+09 3.703043981808891892e+08
2.157108552678049240e-01 1.659895995911391020e+09 3.670628143310890198e+08
2.173733641845664311e-01 1.547477484286364317e+09 3.639665284466301799e+08
2.190358731201685061e-01 1.439552662771191835e+09 3.610289112388452888e+08
2.206983820741854618e-01 1.335743214435460567e+09 3.582596791114521027e+08
2.223608910462041566e-01 1.235701365038425922e+09 3.556649566468666196e+08
2.240234000358239386e-01 1.139109466498960495e+09 3.532474238127433658e+08
2.256859090426557024e-01 1.045679486095722437e+09 3.510065421710159779e+08
2.273484180663219723e-01 9.551524053583604097e+08 3.489388512479278445e+08
2.290109271064561247e-01 8.672975328173297644e+08 3.470383235164577961e+08
2.306734361627020280e-01 7.819117350052155256e+08 3.452967643534718156e+08
2.323359452347137921e-01 6.988185902933893204e+08 3.437042419929427505e+08
2.339984543221555469e-01 6.178674703248665333e+08 3.422495319628765583e+08
2.356609634247005536e-01 5.389325539668167830e+08 3.409205607466803193e+08
2.373234725420314828e-01 4.619117788490908146e+08 3.397048343645539880e+08
2.389859816738397480e-01 3.867257356783071756e+08 3.385898390922555923e+08
2.406484908198254224e-01 3.133165106221206188e+08 3.375634034615281820e+08
2.423109999796965175e-01 2.416464811521230638e+08 3.366140128556695580e+08
2.439735091531692601e-01 1.716970707909979224e+08 3.357310702705996037e+08
2.456360183399674824e-01 1.034674682737476826e+08 3.349050990331818461e+08
2.472985275398224547e-01 3.697331665106028318e+07 3.341278853630404472e+08
2.489610367524725254e-01 -2.775462211622530222e+07 3.333925605715988874e+08
2.506235459776631203e-01 -9.067182153002147377e+07 3.326936243885563612e+08
2.522860552151463542e-01 -1.517213583818623126e+08 3.320269123838756084e+08
2.539485644646808371e-01 -2.108352885585283339e+08 3.313895117287365198e+08
2.556110737260313126e-01 -2.679360254111176431e+08 3.307796306269066334e+08
2.572735829989687417e-01 -3.229377153566626906e+08 3.301964276732586622e+08
2.589360922832700251e-01 -3.757476054644093513e+08 3.296398081698463559e+08
2.605986015787175591e-01 -4.262673979062461257e+08 3.291101950615596175e+08
2.622611108850994577e-01 -4.743945862598673701e+08 3.286082826374003887e+08
2.639236202022091082e-01 -5.200237688118131161e+08 3.281347814680135250e+08
2.655861295298450053e-01 -5.630479341597521305e+08 3.276901631944791675e+08
2.672486388678106950e-01 -6.033597145821892023e+08 3.272744137248781323e+08
2.689111482159146083e-01 -6.408526028350663185e+08 3.268868031102790236e+08
2.705736575739698391e-01 -6.754221282340233326e+08 3.265256798489184380e+08
2.722361669417941443e-01 -7.069669880854605436e+08 3.261882965981916785e+08
2.738986763192096108e-01 -7.353901307601006031e+08 3.258706732750875950e+08
2.755611857060425440e-01 -7.605997869318928719e+08 3.255675023211094141e+08
2.772236951021236906e-01 -7.825104457451299429e+08 3.252720995461070538e+08
2.788862045072874607e-01 -8.010437729294449091e+08 3.249764025028663278e+08
2.805487139213725944e-01 -8.161294681380136013e+08 3.246710168528206944e+08
2.822112233442213292e-01 -8.277060590507265329e+08 3.243453097304872274e+08
2.838737327756796214e-01 -8.357216300573109388e+08 3.239875477756308913e+08
2.855362422155972579e-01 -8.401344836116756201e+08 3.235850763286665082e+08
2.871987516638271343e-01 -8.409137326294057369e+08 3.231245353320402503e+08
2.888612611202258651e-01 -8.380398225853178501e+08 3.225921067641987205e+08
2.905237705846532292e-01 -8.315049822563341856e+08 3.219737879724356532e+08
2.921862800569720031e-01 -8.213136023345221281e+08 3.212556850460669994e+08
2.938487895370484604e-01 -8.074825414337359667e+08 3.204243203635162115e+08
2.955112990247516502e-01 -7.900413592876855135e+08 3.194669486116060019e+08
2.971738085199533974e-01 -7.690324772350809574e+08 3.183718758695123792e+08
2.988363180225286353e-01 -7.445112663521378040e+08 3.171287767175071836e+08
3.004988275323551283e-01 -7.165460638883646727e+08 3.157290047233783603e+08
3.021613370493130279e-01 -6.852181189207912683e+08 3.141658920249834657e+08
3.038238465732852611e-01 -6.506214684171714783e+08 3.124350340159099102e+08
3.054863561041573639e-01 -6.128627451515260935e+08 3.105345553169608116e+08
3.071488656418173702e-01 -5.720609191796578169e+08 3.084653532366062403e+08
3.088113751861554790e-01 -5.283469748132652044e+08 3.062313147624338865e+08
3.104738847370644983e-01 -4.818635252790145278e+08 3.038395027593500614e+08
3.121363942944395120e-01 -4.327643674641766548e+08 3.013003064651835561e+08
3.137989038581776025e-01 -3.812139793765531778e+08 2.986275505730970502e+08
3.154614134281782389e-01 -3.273869631343094707e+08 2.958385561890802383e+08
3.171239230043430002e-01 -2.714674365099268556e+08 2.929541458014699817e+08
3.187864325865753523e-01 -2.136483762198152840e+08 2.899985831817732453e+08
3.204489421747808708e-01 -1.541309163129582405e+08 2.869994379860021472e+08
3.221114517688670742e-01 -9.312360518211361766e+07 2.839873639437624812e+08
3.237739613687434237e-01 -3.084162483137557283e+07 2.809957791759696603e+08
3.254364709743211015e-01 3.249402381723618880e+07 2.780604377110272050e+08
3.270989805855132326e-01 9.665736571181407571e+07 2.752188830692095160e+08
3.287614902022346075e-01 1.614183225746161640e+08 2.725097782573122382e+08
3.304239998244018484e-01 2.265436058845127225e+08 2.699721120015887618e+08
3.320865094519330207e-01 2.917976278287655711e+08 2.676442887156893611e+08
3.337490190847480775e-01 3.569434260771598220e+08 2.655631194099487066e+08
3.354115287227684150e-01 4.217435982001034617e+08 2.637627419373753071e+08
3.370740383659170392e-01 4.859612415466556549e+08 2.622735105549937189e+08
3.387365480141183438e-01 5.493608943952704668e+08 2.611209051998273730e+08
3.403990576672984991e-01 6.117094742169014215e+08 2.603245182644019127e+08
3.420615673253846745e-01 6.727772089265595675e+08 2.598971791769344509e+08
3.437240769883058711e-01 7.323385570512199402e+08 2.598442733845606148e+08
3.453865866559921449e-01 7.901731128065513372e+08 2.601633019861428440e+08
3.470490963283750507e-01 8.460664921710485220e+08 2.608437120278280973e+08
3.487116060053874755e-01 8.998111961262270212e+08 2.618670073364102244e+08
3.503741156869634166e-01 9.512074473654745817e+08 2.632071285126102865e+08
3.520366253730383144e-01 1.000063996883215547e+09 2.648310713778988421e+08
3.536991350635486642e-01 1.046198897008875251e+09 2.666996983293636441e+08
3.553616447584322380e-01 1.089440237602644682e+09 2.687686883177917600e+08
3.570241544576279180e-01 1.129626842285428047e+09 2.709895688900338411e+08
3.586866641610758633e-01 1.166608921771852255e+09 2.733107772131375670e+08
3.603491738687170098e-01 1.200248681546873569e+09 2.756787047056542039e+08
3.620116835804937372e-01 1.230420881335624695e+09 2.780386900457417965e+08
3.636741932963493684e-01 1.257013344022303343e+09 2.803359361583250165e+08
3.653367030162280593e-01 1.279927411889105558e+09 2.825163369702779651e+08
3.669992127400752979e-01 1.299078348275920153e+09 2.845272083586702943e+08
3.686617224678372939e-01 1.314395682987316608e+09 2.863179244249218106e+08
3.703242321994613118e-01 1.325823500019489527e+09 2.878404649400442243e+08
3.719867419348956150e-01 1.333320666411772490e+09 2.890498827652463317e+08
3.736492516740893000e-01 1.336861001287510872e+09 2.899047015671730042e+08
3.753117614169925176e-01 1.336433384389492989e+09 2.903672546236609817e+08
3.769742711635561405e-01 1.332041803668720722e+09 2.904039752754612565e+08
3.786367809137318741e-01 1.323705341747869730e+09 2.899856489489198923e+08
3.802992906674724227e-01 1.311458101319627047e+09 2.890876358538392186e+08
3.819618004247312126e-01 1.295349069808317661e+09 2.876900726471790075e+08
3.836243101854625026e-01 1.275441923862980604e+09 2.857780606286935210e+08
3.852868199496213841e-01 1.251814774503086090e+09 2.833418474983484149e+08
3.869493297171635593e-01 1.224559853986739874e+09 2.803770093621239662e+08
3.886118394880457849e-01 1.193783145698237658e+09 2.768846395588550568e+08
3.902743492622252064e-01 1.159603958601757526e+09 2.728715509496073723e+08
3.919368590396599683e-01 1.122154448024151087e+09 2.683504985404961705e+08
3.935993688203087704e-01 1.081579084751280546e+09 2.633404295845530629e+08
3.952618786041311449e-01 1.038034074641440392e+09 2.578667684967099726e+08
3.969243883910870685e-01 9.916867311479750872e+08 2.519617437382662594e+08
3.985868981811374612e-01 9.427148033491032124e+08 2.456647628862853646e+08
4.002494079742436872e-01 8.913057622539995909e+08 2.390228397138997614e+08
4.019119177703678880e-01 8.376560483322046995e+08 2.320910722601078451e+08
4.035744275694727046e-01 7.819702833575350046e+08 2.249331620074423254e+08
4.052369373715214440e-01 7.244604498249053955e+08 2.176219492399995625e+08
4.068994471764781906e-01 6.653450412994056940e+08 2.102399155174200833e+08
4.085619569843071952e-01 6.048481872034033537e+08 2.028795675905321240e+08
4.102244667949735413e-01 5.431987556293867826e+08 1.956435650025880933e+08
4.118869766084432005e-01 4.806294378646916151e+08 1.886443855159207284e+08
4.135494864246819224e-01 4.173758183786844611e+08 1.820032443984456062e+08
4.152119962436567890e-01 3.536754340934646726e+08 1.758479141995321512e+08
4.168745060653349932e-01 2.897668267784938812e+08 1.703090693338585198e+08
4.185370158896842829e-01 2.258885924618090987e+08 1.655148641105614603e+08
4.201995257166728504e-01 1.622784317327591181e+08 1.615837102177373767e+08
4.218620355462696647e-01 9.917220482560506463e+07 1.586156808034972847e+08
4.235245453784438063e-01 3.680299533731762320e+07 1.566835639232637584e+08
4.251870552131651881e-01 -2.459981359872920811e+07 1.558251053330687284e+08
4.268495650504041117e-01 -8.481144692217239738e+07 1.560381167325412929e+08
4.285120748901312115e-01 -1.436126253391124904e+08 1.572796679018013477e+08
4.301745847323175664e-01 -2.007904294983447492e+08 1.594696100022396743e+08
4.318370945769347546e-01 -2.561391371341708601e+08 1.624975876427373588e+08
4.334996044239549096e-01 -3.094610297868022919e+08 1.662319657702932060e+08
4.351621142733504422e-01 -3.605671658374868035e+08 1.705289732462080717e+08
4.368246241250944295e-01 -4.092781167318655252e+08 1.752407574039306641e+08
4.384871339791597822e-01 -4.554246634269080162e+08 1.802216582967448533e+08
4.401496438355204099e-01 -4.988484502646964192e+08 1.853325695273451507e+08
4.418121536941504446e-01 -5.394025936460222006e+08 1.904436134127288163e+08
4.434746635550242400e-01 -5.769522430819234848e+08 1.954355149064969122e+08
4.451371734181167605e-01 -6.113750923845192194e+08 2.002000708633326888e+08
4.467996832834031928e-01 -6.425618389800212383e+08 2.046400495062819421e+08
4.484621931508591675e-01 -6.704165895395977497e+08 2.086687698199373186e+08
4.501247030204606481e-01 -6.948572103422775269e+08 2.122095311159276366e+08
4.517872128921838204e-01 -7.158156210300964117e+08 2.151949994120083749e+08
4.534497227660054253e-01 -7.332380306334360838e+08 2.175666120128468871e+08
4.551122326419027031e-01 -7.470851150010117292e+08 2.192740310036899149e+08
4.567747425198525613e-01 -7.573321350034028292e+08 2.202746576433588266e+08
4.584372523998329063e-01 -7.639689951305716038e+08 2.205332081144538522e+08
4.600997622818217003e-01 -7.670002423492424488e+08 2.200213454357042909e+08
4.617622721657972384e-01 -7.664450053363825083e+08 2.187173590982631743e+08
4.634247820517383154e-01 -7.623368744485905170e+08 2.166058835374834538e+08
4.650872919396236149e-01 -7.547237230380185843e+08 2.136776461959947646e+08
4.667498018294323758e-01 -7.436674709662119150e+08 2.099292372246444821e+08
4.684123117211442255e-01 -7.292437914009120464e+08 2.053628931804533303e+08
4.700748216147389580e-01 -7.115417622249022722e+08 1.999862888459672630e+08
4.717373315101965336e-01 -6.906634636054111719e+08 1.938123314630760550e+08
4.733998414074974126e-01 -6.667235234969193935e+08 1.868589535706436634e+08
4.750623513066224435e-01 -6.398486130665251017e+08 1.791489003692709208e+08
4.767248612075521974e-01 -6.101768942268840075e+08 1.707095095932816565e+08
4.783873711102680226e-01 -5.778574216713386774e+08 1.615724810103924572e+08
4.800498810147514894e-01 -5.430495019725669622e+08 1.517736351085841954e+08
4.817123909209840571e-01 -5.059220124979948401e+08 1.413526588666533232e+08
4.833749008289477955e-01 -4.666526830392727852e+08 1.303528397704610676e+08
4.850374107386249412e-01 -4.254273432213215828e+08 1.188207863858200312e+08
4.866999206499977859e-01 -3.824391388697918057e+08 1.068061388697931319e+08
4.883624305630492324e-01 -3.378877206620520949e+08 9.436126818022699654e+07
4.900249404777619611e-01 -2.919784084719456434e+08 8.154097275385335088e+07
4.916874503941192631e-01 -2.449213349350375533e+08 6.840217659489373863e+07
4.933499603121045407e-01 -1.969305718040322065e+08 5.500366921214203537e+07
4.950124702317013070e-01 -1.482232427917053998e+08 4.140598765556517243e+07
4.966749801528934083e-01 -9.901862651548326015e+07 2.767206085676521063e+07
4.983374900756649684e-01 -4.953725350453639030e+07 1.387355006629556417e+07
