# r [arcsec]	I [Jy/sr]	I_uncer [Jy/sr]
3.308806434216648822e-04 9.928844439307194519e+10 4.234125192459399223e+09
7.595091423676750579e-04 9.927453815397065735e+10 4.228267927268836975e+09
1.190668924262260672e-03 9.924952332444927979e+10 4.224916962518080711e+09
1.622400630941457905e-03 9.921340045062667847e+10 4.221650132430794239e+09
2.054349282196608114e-03 9.916617766517730713e+10 4.217949209985597134e+09
2.486402913459414415e-03 9.910786632605212402e+10 4.213648648644044876e+09
2.918515213571634768e-03 9.903848060300906372e+10 4.208681004157404900e+09
3.350663595210121894e-03 9.895803739663316345e+10 4.203014733623037338e+09
3.782835738749428401e-03 9.886655631256649780e+10 4.196634090940888405e+09
4.215024356675850688e-03 9.876405964841354370e+10 4.189531291491603851e+09
4.647224863607137338e-03 9.865057238388227844e+10 4.181703019123780251e+09
5.079434230658049811e-03 9.852612217156398010e+10 4.173148702706480026e+09
5.511650376902714650e-03 9.839073932742591858e+10 4.163869595592517853e+09
5.943871825544740084e-03 9.824445682072805786e+10 4.153868251495475292e+09
6.376097499575817187e-03 9.808731026320855713e+10 4.143148209821487904e+09
6.808326595099131393e-03 9.791933789747065735e+10 4.131713797972844124e+09
7.240558499938377392e-03 9.774058058458721924e+10 4.119570002042560577e+09
7.672792739710667179e-03 9.755108179086186218e+10 4.106722379052547932e+09
8.105028941129167885e-03 9.735088757377215576e+10 4.093176995264694214e+09
8.537266806438766412e-03 9.714004656709364319e+10 4.078940381307492256e+09
8.969506095234579257e-03 9.691860996520753479e+10 4.064019498412583351e+09
9.401746611290399264e-03 9.668663150658032227e+10 4.048421712136029243e+09
9.833988192857386415e-03 9.644416745645704651e+10 4.032154771214509487e+09
1.026623070541133817e-02 9.619127658872558594e+10 4.015226789993591309e+09
1.069847403615669171e-02 9.592802016701466370e+10 3.997646233372395039e+09
1.113071808981013974e-02 9.565446192497436523e+10 3.979421903538068295e+09
1.156296278532930287e-02 9.537066804580490112e+10 3.960562927984113693e+09
1.199520805334823061e-02 9.507670714099308777e+10 3.941078748453042030e+09
1.242745383414777666e-02 9.477265022829171753e+10 3.920979110548632145e+09
1.285970007603507922e-02 9.445857070894877625e+10 3.900274053831357002e+09
1.329194673403905590e-02 9.413454434419119263e+10 3.878973902265491962e+09
1.372419376885231947e-02 9.380064923095477295e+10 3.857089254916769505e+09
1.415644114596681553e-02 9.345696577692248535e+10 3.834630976832667828e+09
1.458868883496308375e-02 9.310357667480795288e+10 3.811610190050499916e+09
1.502093680892217439e-02 9.274056687596395874e+10 3.788038264696446896e+09
1.545318504393624129e-02 9.236802356327737427e+10 3.763926810149557590e+09
1.588543351869898396e-02 9.198603612338137817e+10 3.739287666249634266e+09
1.631768221416116452e-02 9.159469611821151733e+10 3.714132894539283276e+09
1.674993111323947945e-02 9.119409725586631775e+10 3.688474769528890133e+09
1.718218020056931292e-02 9.078433536085440063e+10 3.662325769983637810e+09
1.761442946229393319e-02 9.036550834367478943e+10 3.635698570229089260e+09
1.804667888588392180e-02 8.993771616978364563e+10 3.608606031477193356e+09
1.847892845998199557e-02 8.950106082794927979e+10 3.581061193176015377e+09
1.891117817426906864e-02 8.905564629798681641e+10 3.553077264386923790e+09
1.934342801934825495e-02 8.860157851793214417e+10 3.524667615194345474e+09
1.977567798664413290e-02 8.813896535061245728e+10 3.495845768157006264e+09
2.020792806831489888e-02 8.766791654967138672e+10 3.466625389804133892e+09
2.064017825717555030e-02 8.718854372503709412e+10 3.437020282188025475e+09
2.107242854663051584e-02 8.670096030784866333e+10 3.407044374499841690e+09
2.150467893061449448e-02 8.620528151488298035e+10 3.376711714758237362e+09
2.193692940354012924e-02 8.570162431243063354e+10 3.346036461579007149e+09
2.236917996025190522e-02 8.519010737973052979e+10 3.315032876038047791e+09
2.280143059598520663e-02 8.467085107187425232e+10 3.283715313634734631e+09
2.323368130632992926e-02 8.414397738227651978e+10 3.252098216367859840e+09
2.366593208719814517e-02 8.360960990468286133e+10 3.220196104934996128e+09
2.409818293479519882e-02 8.306787379473896790e+10 3.188023571064339161e+09
2.453043384559386655e-02 8.251889573113716125e+10 3.155595269991381168e+09
2.496268481631121194e-02 8.196280387636625671e+10 3.122925913092056274e+09
2.539493584388780034e-02 8.139972783705281067e+10 3.090030260681586742e+09
2.582718692546898814e-02 8.082979862393692017e+10 3.056923114992821693e+09
2.625943805838807169e-02 8.025314861148060608e+10 3.023619313344347954e+09
2.669168924015107719e-02 7.966991149713525391e+10 2.990133721510824680e+09
2.712394046842300094e-02 7.908022226026655579e+10 2.956481227305801868e+09
2.755619174101532967e-02 7.848421712078022766e+10 2.922676734392461777e+09
2.798844305587473713e-02 7.788203349742913818e+10 2.888735156328849316e+09
2.842069441107282143e-02 7.727380996585464478e+10 2.854671410866208076e+09
2.885294580479669246e-02 7.665968621633576965e+10 2.820500414505739689e+09
2.928519723534053071e-02 7.603980301131602478e+10 2.786237077331297874e+09
2.971744870109773243e-02 7.541430214265846252e+10 2.751896298126272202e+09
3.014970020055382158e-02 7.478332638871337891e+10 2.717492959789071560e+09
3.058195173227994806e-02 7.414701947114886475e+10 2.683041925056010246e+09
3.101420329492691336e-02 7.350552601161662292e+10 2.648558032546810150e+09
3.144645488721970611e-02 7.285899148822296143e+10 2.614056093139550686e+09
3.187870650795243677e-02 7.220756219186874390e+10 2.579550886690111637e+09
3.231095815598377524e-02 7.155138518240917969e+10 2.545057159101889133e+09
3.274320983023262105e-02 7.089060824473324585e+10 2.510589619761015415e+09
3.317546152967424528e-02 7.022537984468453979e+10 2.476162939338811398e+09
3.360771325333661297e-02 6.955584908492893982e+10 2.441791747977229595e+09
3.403996500029708022e-02 6.888216566072067261e+10 2.407490633858458519e+09
3.447221676967925780e-02 6.820447981561062622e+10 2.373274142166789532e+09
3.490446856065016618e-02 6.752294229711009979e+10 2.339156774447275639e+09
3.533672037241761266e-02 6.683770431231504059e+10 2.305152988362375259e+09
3.576897220422765172e-02 6.614891748353253174e+10 2.271277197848356724e+09
3.620122405536238541e-02 6.545673380388283539e+10 2.237543773667901039e+09
3.663347592513776368e-02 6.476130559293921661e+10 2.203967044356097221e+09
3.706572781290165541e-02 6.406278545238105011e+10 2.170561297549732685e+09
3.749797971803202346e-02 6.336132622170581055e+10 2.137340781690372705e+09
3.793023163993514829e-02 6.265708093399275970e+10 2.104319708083896399e+09
3.836248357804410147e-02 6.195020277174938202e+10 2.071512253296430588e+09
3.879473553181716355e-02 6.124084502285186005e+10 2.038932561861067533e+09
3.922698750073656121e-02 6.052916103658278656e+10 2.006594749261797667e+09
3.965923948430705170e-02 5.981530417979296112e+10 1.974512905157525063e+09
4.009149148205475716e-02 5.909942779320752716e+10 1.942701096797202349e+09
4.052374349352603350e-02 5.838168514788226318e+10 1.911173372572000027e+09
4.095599551828636026e-02 5.766222940179907990e+10 1.879943765637323380e+09
4.138824755591938992e-02 5.694121355668685150e+10 1.849026297530909300e+09
4.182049960602597649e-02 5.621879041499529266e+10 1.818434981696423054e+09
4.225275166822329426e-02 5.549511253709832001e+10 1.788183826813337803e+09
4.268500374214407450e-02 5.477033219871037292e+10 1.758286839816929340e+09
4.311725582743571733e-02 5.404460134854319763e+10 1.728758028478648424e+09
4.354950792375965329e-02 5.331807156620685577e+10 1.699611403399173975e+09
4.398176003079061480e-02 5.259089402038070679e+10 1.670860979250805855e+09
4.441401214821599774e-02 5.186321942724415588e+10 1.642520775084983110e+09
4.484626427573523005e-02 5.113519800921797943e+10 1.614604813506124258e+09
4.527851641305926517e-02 5.040697945399243164e+10 1.587127118487583637e+09
4.571076855990993670e-02 4.967871287386759949e+10 1.560101711591216803e+09
4.614302071601952132e-02 4.895054676542899323e+10 1.533542606330770731e+09
4.657527288113025299e-02 4.822262896956536865e+10 1.507463800401303530e+09
4.700752505499380951e-02 4.749510663181645203e+10 1.481879265480468750e+09
4.743977723737095864e-02 4.676812616311295319e+10 1.456802934294947386e+09
4.787202942803107236e-02 4.604183320086652374e+10 1.432248684633988380e+09
4.830428162675180770e-02 4.531637257045922852e+10 1.408230319986709356e+09
4.873653383331869732e-02 4.459188824712601471e+10 1.384761546482199192e+09
4.916878604752479565e-02 4.386852331824664307e+10 1.361855945817314625e+09
4.960103826917040826e-02 4.314641994605539703e+10 1.339526943876577377e+09
5.003329049806270329e-02 4.242571933078183746e+10 1.317787774775704384e+09
5.046554273401548940e-02 4.170656167423272705e+10 1.296651440100765467e+09
5.089779497684888965e-02 4.098908614382138062e+10 1.276130663168333530e+09
5.133004722638905698e-02 4.027343083705715179e+10 1.256237838203391314e+09
5.176229948246800078e-02 3.955973274651145935e+10 1.236984974413269281e+09
5.219455174492325378e-02 3.884812772525226593e+10 1.218383635041389704e+09
5.262680401359771248e-02 3.813875045277613068e+10 1.200444871599024773e+09
5.305905628833938042e-02 3.743173440143306732e+10 1.183179153610247612e+09
5.349130856900115999e-02 3.672721180336071014e+10 1.166596294348218203e+09
5.392356085544070671e-02 3.602531361792956543e+10 1.150705373203236103e+09
5.435581314752018639e-02 3.532616949971125793e+10 1.135514655482408524e+09
5.478806544510610166e-02 3.462990776698408508e+10 1.121031510611880302e+09
5.522031774806913235e-02 3.393665537076735306e+10 1.107262329866856813e+09
5.565257005628401060e-02 3.324653786440942383e+10 1.094212444910248280e+09
5.608482236962929190e-02 3.255967937372647095e+10 1.081886048541546583e+09
5.651707468798727874e-02 3.187620256769897842e+10 1.070286119164456725e+09
5.694932701124381241e-02 3.119622862973958969e+10 1.059414350537710667e+09
5.738157933928822452e-02 3.051987722953169632e+10 1.049271088400584817e+09
5.781383167201308015e-02 2.984726649544709396e+10 1.039855275524993896e+09
5.824608400931421959e-02 2.917851298755421829e+10 1.031164406672649741e+09
5.867833635109049456e-02 2.851373167120729828e+10 1.023194494783580184e+09
5.911058869724371972e-02 2.785303589124701309e+10 1.015940049543001652e+09
5.954284104767859631e-02 2.719653734678640366e+10 1.009394069215144873e+09
5.997509340230252478e-02 2.654434606661994934e+10 1.003548046364440203e+09
6.040734576102559789e-02 2.589657038523022842e+10 9.983919877499657869e+08
6.083959812376044107e-02 2.525331691942010880e+10 9.939144483619621992e+08
6.127185049042215698e-02 2.461469054556187057e+10 9.901025792087100744e+08
6.170410286092819357e-02 2.398079437746805954e+10 9.869421881496907473e+08
6.213635523519834419e-02 2.335172974489492416e+10 9.844178127434306145e+08
6.256860761315462260e-02 2.272759617267266464e+10 9.825128038251339197e+08
6.300085999472110343e-02 2.210849136047136307e+10 9.812094182863588333e+08
6.343311237982401929e-02 2.149451116320877075e+10 9.804889193779027462e+08
6.386536476839155263e-02 2.088574957208699799e+10 9.803316827274444103e+08
6.429761716035382879e-02 2.028229869628495026e+10 9.807173062372834682e+08
6.472986955564286049e-02 1.968424874528511810e+10 9.816247220148289204e+08
6.516212195419242292e-02 1.909168801185199356e+10 9.830323085794664621e+08
6.559437435593806764e-02 1.850470285565842438e+10 9.849180016774393320e+08
6.602662676081702542e-02 1.792337768755540466e+10 9.872594022165862322e+08
6.645887916876815071e-02 1.734779495450564194e+10 9.900338799872585535e+08
6.689113157973188006e-02 1.677803512515479088e+10 9.932186720669969320e+08
6.732338399365020432e-02 1.621417667606306839e+10 9.967909749888373613e+08
6.775563641046657148e-02 1.565629607859075546e+10 1.000728029998710871e+09
6.818788883012585900e-02 1.510446778643258476e+10 1.005007200900014639e+09
6.862014125257437369e-02 1.455876422380703354e+10 1.009606044214846730e+09
6.905239367775971304e-02 1.401925577430449104e+10 1.014502371530124903e+09
6.948464610563079291e-02 1.348601077037504005e+10 1.019674304092946291e+09
6.991689853613780592e-02 1.295909548348789597e+10 1.025100319813123107e+09
7.034915096923216593e-02 1.243857411491939735e+10 1.030759292983047843e+09
7.078140340486648030e-02 1.192450878721366692e+10 1.036630527071870446e+09
7.121365584299450824e-02 1.141695953627677727e+10 1.042693781058403254e+09
7.164590828357106367e-02 1.091598430412324333e+10 1.048929289772999167e+09
7.207816072655216788e-02 1.042163893227287292e+10 1.055317778789321065e+09
7.251041317189474422e-02 9.933977155785907745e+09 1.061840474376792789e+09
7.294266561955688177e-02 9.453050597941308975e+09 1.068479109070217490e+09
7.337491806949755779e-02 8.978908765558790207e+09 1.075215923355644941e+09
7.380717052167670711e-02 8.511599044953601837e+09 1.082033664002233982e+09
7.423942297605529150e-02 8.051166698526965141e+09 1.088915579492411375e+09
7.467167543259506379e-02 7.597654861990605354e+09 1.095845413027123213e+09
7.510392789125873436e-02 7.151104542220066071e+09 1.102807393495286703e+09
7.553618035200984626e-02 6.711554615725195885e+09 1.109786224815614223e+09
7.596843281481271970e-02 6.279041827761094093e+09 1.116767073971870899e+09
7.640068527963260470e-02 5.853600792034397125e+09 1.123735558077855825e+09
7.683293774643543128e-02 5.435263991046862602e+09 1.130677730724161863e+09
7.726519021518789276e-02 5.024061777030002594e+09 1.137580067878598690e+09
7.769744268585745961e-02 4.620022373506491661e+09 1.144429453525245667e+09
7.812969515841235169e-02 4.223171877433296680e+09 1.151213165256467819e+09
7.856194763282138560e-02 3.833534261964958191e+09 1.157918859948148727e+09
7.899420010905418288e-02 3.451131379788393497e+09 1.164534559680512667e+09
7.942645258708092015e-02 3.075982967069447994e+09 1.171048637987003565e+09
7.985870506687252346e-02 2.708106647963338375e+09 1.177449806555059433e+09
8.029095754840043231e-02 2.347517939718806267e+09 1.183727102420578241e+09
8.072321003163678010e-02 1.994230258349158049e+09 1.189869875748088598e+09
8.115546251655428311e-02 1.648254924877543688e+09 1.195867778206911564e+09
8.158771500312618496e-02 1.309601172135819674e+09 1.201710752012067080e+09
8.201996749132635378e-02 9.782761521384936571e+08 1.207389019614228249e+09
8.245221998112918504e-02 6.542849439908508062e+08 1.212893074089947701e+09
8.288447247250960159e-02 3.376305623558444977e+08 1.218213670198318720e+09
8.331672496544302586e-02 2.831396645927273482e+07 1.223341816141728640e+09
8.374897745990544928e-02 -2.736659303735523224e+08 1.228268765982190847e+09
8.418122995587330737e-02 -5.683122506481709480e+08 1.232986012744353056e+09
8.461348245332349360e-02 -8.556301421096004248e+08 1.237485282143772364e+09
8.504573495223345658e-02 -1.135626766637938976e+09 1.241758526967787981e+09
8.547798745258100572e-02 -1.408311288626502037e+09 1.245797922039817333e+09
8.591023995434449168e-02 -1.673694862869111061e+09 1.249595859790918350e+09
8.634249245750258428e-02 -1.931790621930674314e+09 1.253144946364657640e+09
8.677474496203450849e-02 -2.182613663051105499e+09 1.256437998278625965e+09
8.720699746791979456e-02 -2.426181034546957493e+09 1.259468039563761234e+09
8.763924997513844461e-02 -2.662511721744349480e+09 1.262228299406161308e+09
8.807150248367077994e-02 -2.891626632440943241e+09 1.264712210210613728e+09
8.850375499349762143e-02 -3.113548581908903122e+09 1.266913406110470772e+09
8.893600750460002591e-02 -3.328302277427914143e+09 1.268825721842278481e+09
8.936826001695953592e-02 -3.535914302395264149e+09 1.270443192013958693e+09
8.980051253055797156e-02 -3.736413099960793495e+09 1.271760050679409504e+09
9.023276504537752762e-02 -3.929828956263436794e+09 1.272770731256208181e+09
9.066501756140075974e-02 -4.116193983205961227e+09 1.273469866695011616e+09
9.109727007861050108e-02 -4.295542100842518806e+09 1.273852289942029238e+09
9.152952259698997339e-02 -4.467909019324241638e+09 1.273913034602836847e+09
9.196177511652266212e-02 -4.633332220467779160e+09 1.273647335851681948e+09
9.239402763719239964e-02 -4.791850938897443771e+09 1.273050631493974447e+09
9.282628015898326812e-02 -4.943506142829388618e+09 1.272118563231653690e+09
9.325853268187973832e-02 -5.088340514440845490e+09 1.270846978035446882e+09
9.369078520586643366e-02 -5.226398429894918442e+09 1.269231929680802107e+09
9.412303773092838000e-02 -5.357725938971354485e+09 1.267269680349119425e+09
9.455529025705085300e-02 -5.482370744363967896e+09 1.264956702355001688e+09
9.498754278421930874e-02 -5.600382180595883369e+09 1.262289679900614262e+09
9.541979531241957802e-02 -5.711811192628947258e+09 1.259265510924031258e+09
9.585204784163771363e-02 -5.816710314094122887e+09 1.255881308936885357e+09
9.628430037185994883e-02 -5.915133645233980179e+09 1.252134404927710772e+09
9.671655290307287767e-02 -6.007136830486921310e+09 1.248022349221210003e+09
9.714880543526323298e-02 -6.092777035798357964e+09 1.243542913376986742e+09
9.758105796841806678e-02 -6.172112925577038765e+09 1.238694092012852192e+09
9.801331050252459764e-02 -6.245204639415116310e+09 1.233474104645879984e+09
9.844556303757030780e-02 -6.312113768449115753e+09 1.227881397428726196e+09
9.887781557354284601e-02 -6.372903331509936333e+09 1.221914644883893490e+09
9.931006811043012472e-02 -6.427637750931981087e+09 1.215572751507586241e+09
9.974232064822026456e-02 -6.476382828156223297e+09 1.208854853353797436e+09
1.001745731869015665e-01 -6.519205719019082069e+09 1.201760319464267731e+09
1.006068257264625398e-01 -6.556174908845780373e+09 1.194288753264501095e+09
1.010390782668919019e-01 -6.587360187240310669e+09 1.186439993782553196e+09
1.014713308081785642e-01 -6.612832622708288193e+09 1.178214116823204517e+09
1.019035833503116051e-01 -6.632664536977396011e+09 1.169611435943253040e+09
1.023358358932802831e-01 -6.646929479178381920e+09 1.160632503373663187e+09
1.027680884370741066e-01 -6.655702199728460312e+09 1.151278110723307371e+09
1.032003409816826534e-01 -6.659058624096945763e+09 1.141549289622620344e+09
1.036325935270957510e-01 -6.657075826292985916e+09 1.131447312131389141e+09
1.040648460733033798e-01 -6.649832002237894058e+09 1.120973691081492186e+09
1.044970986202956448e-01 -6.637406442883235931e+09 1.110130180166746140e+09
1.049293511680629148e-01 -6.619879507236669540e+09 1.098918773967323065e+09
1.053616037165955727e-01 -6.597332595125007629e+09 1.087341707701989889e+09
1.057938562658843340e-01 -6.569848119909050941e+09 1.075401456919287682e+09
1.062261088159198591e-01 -6.537509480927145958e+09 1.063100736897477150e+09
1.066583613666931413e-01 -6.500401035921243668e+09 1.050442501989220858e+09
1.070906139181952293e-01 -6.458608073193828583e+09 1.037429944657890916e+09
1.075228664704173387e-01 -6.412216783776496887e+09 1.024066494465732217e+09
1.079551190233507818e-01 -6.361314233328546524e+09 1.010355816737718344e+09
1.083873715769871071e-01 -6.305988334076831818e+09 9.963018111868537664e+08
1.088196241313179047e-01 -6.246327816486616135e+09 9.819086101982660294e+08
1.092518766863349589e-01 -6.182422201003322601e+09 9.671805770897610188e+08
1.096841292420300956e-01 -6.114361769519783974e+09 9.521223040112811327e+08
1.101163817983953908e-01 -6.042237536953528404e+09 9.367386098408147097e+08
1.105486343554229617e-01 -5.966141222538953781e+09 9.210345376986433268e+08
1.109808869131050924e-01 -5.886165221266430855e+09 9.050153524822915792e+08
1.114131394714341083e-01 -5.802402575026472092e+09 8.886865379966118336e+08
1.118453920304025712e-01 -5.714946943943120956e+09 8.720537941360121965e+08
1.122776445900030423e-01 -5.623892577399439812e+09 8.551230336360734701e+08
1.127098971502282776e-01 -5.529334285286724091e+09 8.379003789144502878e+08
1.131421497110711438e-01 -5.431367408937634468e+09 8.203921584535053968e+08
1.135744022725245356e-01 -5.330087792333811760e+09 8.026049033187265396e+08
1.140066548345815556e-01 -5.225591752955263138e+09 7.845453431860387325e+08
1.144389073972353205e-01 -5.117976052985074043e+09 7.662204025640870333e+08
1.148711599604791272e-01 -5.007337870099696159e+09 7.476371964875248671e+08
1.153034125243063285e-01 -4.893774768693052292e+09 7.288030264795979261e+08
1.157356650887103877e-01 -4.777384670640651703e+09 7.097253759433786869e+08
1.161679176536848518e-01 -4.658265826568587303e+09 6.904119059173883200e+08
1.166001702192233924e-01 -4.536516786610923767e+09 6.708704502112973928e+08
1.170324227853197646e-01 -4.412236371761659622e+09 6.511090110319449902e+08
1.174646753519677927e-01 -4.285523644632463455e+09 6.311357539358843565e+08
1.178969279191614400e-01 -4.156477880940310955e+09 6.109590034432072639e+08
1.183291804868946973e-01 -4.025198540263739586e+09 5.905872379210876226e+08
1.187614330551616665e-01 -3.891785237708765030e+09 5.700290853696380854e+08
1.191936856239565606e-01 -3.756337714677601337e+09 5.492933184287651777e+08
1.196259381932736621e-01 -3.618955810755293369e+09 5.283888506377419233e+08
1.200581907631073086e-01 -3.479739434485695362e+09 5.073247319003123641e+08
1.204904433334519770e-01 -3.338788535543977261e+09 4.861101457411658764e+08
1.209226959043021438e-01 -3.196203075491817474e+09 4.647544058426939845e+08
1.213549484756524244e-01 -3.052083000322402000e+09 4.432669552564759851e+08
1.217872010474975036e-01 -2.906528211147633553e+09 4.216573652025034428e+08
1.222194536198321219e-01 -2.759638537221588612e+09 3.999353381014820337e+08
1.226517061926511026e-01 -2.611513706476117611e+09 3.781107111001778245e+08
1.230839587659493528e-01 -2.462253319184209347e+09 3.561934668343504071e+08
1.235162113397218347e-01 -2.311956818186118126e+09 3.341937471726333499e+08
1.239484639139635802e-01 -2.160723463444606304e+09 3.121218806419671774e+08
1.243807164886697042e-01 -2.008652301665860653e+09 2.899884198165258765e+08
1.248129690638353911e-01 -1.855842142200430632e+09 2.678042081174590290e+08
1.252452216394558671e-01 -1.702391525465186596e+09 2.455804777438707948e+08
1.256774742155264413e-01 -1.548398701044488907e+09 2.233290220796272755e+08
1.261097267920424925e-01 -1.393961593689316988e+09 2.010624724739949703e+08
1.265419793689994410e-01 -1.239177785457763672e+09 1.787948079693000019e+08
1.269742319463928182e-01 -1.084144476335953236e+09 1.565422790397872031e+08
1.274064845242181276e-01 -9.289584751446088552e+08 1.343252986173691452e+08
1.278387371024710117e-01 -7.737161460774881840e+08 1.121725224791283607e+08
1.282709896811471961e-01 -6.185134238777942657e+08 9.013100955992740393e+07
1.287032422602423509e-01 -4.634457082829810977e+08 6.829548408897405863e+07
1.291354948397522850e-01 -3.086079823062405586e+08 4.691657972168650478e+07
1.295677474196728907e-01 -1.540941113393505812e+08 2.699133581138444692e+07
