# r [arcsec]	I [Jy/sr]	I_uncer [Jy/sr]
1.272617859314095550e-03 5.933262881301559448e+10 2.441512189976346493e+09
2.921189009106442414e-03 5.939868651190025330e+10 2.435456039789565563e+09
4.579495862547155495e-03 5.951735653411995697e+10 2.424642836305128574e+09
6.240002426697914550e-03 5.968836947172776031e+10 2.409094872225719929e+09
7.901343393063876494e-03 5.991130213978635406e+10 2.388871430832539558e+09
9.563088128690054243e-03 6.018559925649638367e+10 2.364053815322784424e+09
1.122505851373705593e-02 6.051057664467991638e+10 2.334742942388583660e+09
1.288716767388508287e-02 6.088542313780643463e+10 2.301058514478853226e+09
1.454936822595933807e-02 6.130920250553997803e+10 2.263138467715435982e+09
1.621163214106096165e-02 6.178085559677413940e+10 2.221138472607806206e+09
1.787394178310437384e-02 6.229920274030357361e+10 2.175231439835712433e+09
1.953628550253095827e-02 6.286294641029364777e+10 2.125607024915917635e+09
2.119865529577967186e-02 6.347067415483939362e+10 2.072471140021737814e+09
2.286104548286438387e-02 6.412086178257308960e+10 2.016045488711532116e+09
2.452345192144544592e-02 6.481187680087197113e+10 1.956567145025148630e+09
2.618587151961204035e-02 6.554198209823091888e+10 1.894288204059441328e+09
2.784830192283991451e-02 6.630933986269973755e+10 1.829475537597315788e+09
2.951074130657948408e-02 6.711201572760623169e+10 1.762410696205938578e+09
3.117318823511218417e-02 6.794798313532672119e+10 1.693390008935587883e+09
3.283564156322602012e-02 6.881512790925457764e+10 1.622724943825801134e+09
3.449810036628684490e-02 6.971125302372434998e+10 1.550742807296188354e+09
3.616056388957845924e-02 7.063408356106678772e+10 1.477787878402768612e+09
3.782303151098994481e-02 7.158127184468669128e+10 1.404223094594880819e+09
3.948550271312052662e-02 7.255040273646748352e+10 1.330432427575337887e+09
4.114797706214112089e-02 7.353899908659336853e+10 1.256824107230435848e+09
4.281045419157746001e-02 7.454452732337017822e+10 1.183834859647803307e+09
4.447293378972808769e-02 7.556440317039965820e+10 1.111935304223319769e+09
4.613541558980088775e-02 7.659599747809500122e+10 1.041636570854014277e+09
4.779789936210682849e-02 7.763664215626965332e+10 9.734979902996978760e+08
4.946038490782722619e-02 7.868363619428073120e+10 9.081352772039871216e+08
5.112287205399637657e-02 7.973425175499502563e+10 8.462278141370544434e+08
5.278536064943199074e-02 8.078574032862638855e+10 7.885222742208786011e+08
5.444785056141081270e-02 8.183533893240788269e+10 7.358277853952932358e+08
5.611034167293492414e-02 8.288027634181864929e+10 6.889954131793475151e+08
5.777283388046990098e-02 8.391777933914105225e+10 6.488731238315007687e+08
5.943532709206246489e-02 8.494507896491462708e+10 6.162292611970635653e+08
6.109782122576532665e-02 8.595941675792932129e+10 5.916464778164348602e+08
6.276031620831216962e-02 8.695805096936848450e+10 5.754049628609621525e+08
6.442281197399798987e-02 8.793826273672261047e+10 5.673915075459449291e+08
6.608530846372812073e-02 8.889736220322879028e+10 5.670739384198466539e+08
6.774780562420743002e-02 8.983269456862698364e+10 5.735582925245257616e+08
6.941030340724584080e-02 9.074164605721606445e+10 5.857097718719874620e+08
7.107280176916151715e-02 9.162164978933580017e+10 6.022942230342429876e+08
7.273530067026563739e-02 9.247019154258824158e+10 6.220994070223475695e+08
7.439780007441634813e-02 9.328481538942742920e+10 6.440156936958197355e+08
7.606029994863128252e-02 9.406312919788928223e+10 6.670761363899552822e+08
7.772280026274960840e-02 9.480280998267054749e+10 6.904665215488228798e+08
7.938530098913672284e-02 9.550160909399156189e+10 7.135176565262697935e+08
8.104780210242505667e-02 9.615735723210655212e+10 7.356894176029950380e+08
8.271030357928650656e-02 9.676796927570584106e+10 7.565525080354386568e+08
8.437280539823126257e-02 9.733144891283966064e+10 7.757710477918876410e+08
8.603530753943039455e-02 9.784589306354399109e+10 7.930873164404635429e+08
8.769780998455847798e-02 9.830949608369088745e+10 8.083089817191179991e+08
8.936031271665356712e-02 9.872055374023442078e+10 8.212986744069623947e+08
9.102281571999285004e-02 9.907746694847138977e+10 8.319655876029272079e+08
9.268531897998151525e-02 9.937874526251611328e+10 8.402587415115553141e+08
9.434782248305331742e-02 9.962301011079045105e+10 8.461615823083083630e+08
9.601032621658157906e-02 9.980899776891471863e+10 8.496876337348980904e+08
9.767283016879922675e-02 9.993556206303117371e+10 8.508769729512578249e+08
9.933533432872686253e-02 1.000016767972146759e+11 8.497933495620253086e+08
1.009978386861079547e-01 1.000064378993210144e+11 8.465218059685720205e+08
1.026603432313502873e-01 9.994906528028396606e+10 8.411666881352218390e+08
1.043228479554730720e-01 9.982890440256278992e+10 8.338499593035180569e+08
1.059853528500589448e-01 9.964542755420100403e+10 8.247097461603698730e+08
1.076478579072105424e-01 9.939823482558183289e+10 8.138990583987253904e+08
1.093103631195108394e-01 9.908705478684312439e+10 8.015846292152686119e+08
1.109728684799872744e-01 9.871174486447282410e+10 7.879458265758796930e+08
1.126353739820789568e-01 9.827229141655349731e+10 7.731735833962954283e+08
1.142978796196066349e-01 9.776880950667642212e+10 7.574692894236508608e+08
1.159603853867454265e-01 9.720154237747938538e+10 7.410435789670338631e+08
1.176228912779997832e-01 9.657086062535652161e+10 7.241149374343965054e+08
1.192853972881804531e-01 9.587726107877188110e+10 7.069080372593579292e+08
1.209479034123834701e-01 9.512136538327064514e+10 6.896517026015594006e+08
1.226104096459709192e-01 9.430391829707276917e+10 6.725763959419327974e+08
1.242729159845529646e-01 9.342578570180590820e+10 6.559111237359689474e+08
1.259354224239715991e-01 9.248795233378643799e+10 6.398796794841786623e+08
1.275979289602855449e-01 9.149151924178958130e+10 6.246961883074960709e+08
1.292604355897561952e-01 9.043770097812939453e+10 6.105599932348743677e+08
1.309229423088349165e-01 8.932782253042909241e+10 5.976500309333165884e+08
1.325854491141509606e-01 8.816331600219184875e+10 5.861189756869657040e+08
1.342479560025006402e-01 8.694571705088662720e+10 5.760875652106007338e+08
1.359104629708369483e-01 8.567666109294512939e+10 5.676396287715942860e+08
1.375729700162601765e-01 8.435787928561903381e+10 5.608183797686487436e+08
1.392354771360091448e-01 8.299119429622615051e+10 5.556244804528619051e+08
1.408979843274529020e-01 8.157851586990510559e+10 5.520162259469696283e+08
1.425604915880832879e-01 8.012183620747766113e+10 5.499119491844516993e+08
1.442229989155077718e-01 7.862322516552551270e+10 5.491944681803961992e+08
1.458855063074428748e-01 7.708482529124464417e+10 5.497171465366094112e+08
1.475480137617080634e-01 7.550884670508451843e+10 5.513109730807671547e+08
1.492105212762198374e-01 7.389756184453335571e+10 5.537920153191733360e+08
1.508730288489867621e-01 7.225330008280717468e+10 5.569686583025640249e+08
1.525355364781040279e-01 7.057844223647279358e+10 5.606481735646066666e+08
1.541980441617490649e-01 6.887541497639248657e+10 5.646423291609697342e+08
1.558605518981770188e-01 6.714668515652426910e+10 5.687719129431163073e+08
1.575230596857167542e-01 6.539475407535526276e+10 5.728701716708285809e+08
1.591855675227668576e-01 6.362215168496828461e+10 5.767852579383453131e+08
1.608480754077921959e-01 6.183143076272853851e+10 5.803818263705470562e+08
1.625105833393203636e-01 6.002516106077190399e+10 5.835419379846500158e+08
1.641730913159387406e-01 5.820592344845598602e+10 5.861654270076470375e+08
1.658355993362912173e-01 5.637630406292755890e+10 5.881698670295573473e+08
1.674981073990755853e-01 5.453888848293855286e+10 5.894902502733449936e+08
1.691606155030408176e-01 5.269625594090609741e+10 5.900784697265197039e+08
1.708231236469845982e-01 5.085097358810809326e+10 5.899026716399791241e+08
1.724856318297508795e-01 4.900559082772929382e+10 5.889465267040789127e+08
1.741481400502279120e-01 4.716263373022134399e+10 5.872084523639743328e+08
1.758106483073458848e-01 4.532459954519290924e+10 5.847008059956099987e+08
1.774731566000750660e-01 4.349395132377262878e+10 5.814490585458208323e+08
1.791356649274240265e-01 4.167311266499349976e+10 5.774909501949143410e+08
1.807981732884377246e-01 3.986446259938237762e+10 5.728756231249123812e+08
1.824606816821959798e-01 3.807033062255438995e+10 5.676627211683951616e+08
1.841231901078118072e-01 3.629299189108921814e+10 5.619214417140607834e+08
1.857856985644300296e-01 3.453466259252423859e+10 5.557295216550511122e+08
1.874482070512257237e-01 3.279749550075434113e+10 5.491721364691823721e+08
1.891107155674030538e-01 3.108357572756165695e+10 5.423406899848593473e+08
1.907732241121938566e-01 2.939491668041728973e+10 5.353314724881710410e+08
1.924357326848565586e-01 2.773345623607078171e+10 5.282441671980041862e+08
1.940982412846749550e-01 2.610105313880293655e+10 5.211801905353702903e+08
1.957607499109572380e-01 2.449948363152987671e+10 5.142408607828077674e+08
1.974232585630348313e-01 2.293043832726642609e+10 5.075254032048025727e+08
1.990857672402615297e-01 2.139551932772763062e+10 5.011288175598304868e+08
2.007482759420124996e-01 1.989623759511580276e+10 4.951396554701535106e+08
2.024107846676835298e-01 1.843401058237904739e+10 4.896377786072908640e+08
2.040732934166899215e-01 1.701016012648298836e+10 4.846921912303045988e+08
2.057358021884660160e-01 1.562591060841019249e+10 4.803590584739692211e+08
2.073983109824642512e-01 1.428238738288028145e+10 4.766800307297900915e+08
2.090608197981545235e-01 1.298061547990872955e+10 4.736809908412114382e+08
2.107233286350234380e-01 1.172151857960714722e+10 4.713713226198640466e+08
2.123858374925735870e-01 1.050591826073124695e+10 4.697437669018467069e+08
2.140483463703231337e-01 9.334533522781520844e+09 4.687748884371742606e+08
2.157108552678049240e-01 8.207980580560763359e+09 4.684261292302514911e+08
2.173733641845664311e-01 7.126772929398286819e+09 4.686453786467029452e+08
2.190358731201685061e-01 6.091321678369886398e+09 4.693689543572772145e+08
2.206983820741854618e-01 5.101936148163361549e+09 4.705238657216408849e+08
2.223608910462041566e-01 4.158824729389426708e+09 4.720302243423153758e+08
2.240234000358239386e-01 3.262095996467748642e+09 4.738036741104422808e+08
2.256859090426557024e-01 2.411760071435230732e+09 4.757577317393960953e+08
2.273484180663219723e-01 1.607730231360156298e+09 4.778059540324188471e+08
2.290109271064561247e-01 8.498247523247940540e+08 4.798638754471279979e+08
2.306734361627020280e-01 1.377689823165477812e+08 4.818506852411890030e+08
2.323359452347137921e-01 -5.288023652996000648e+08 4.836906351779762506e+08
2.339984543221555469e-01 -1.150342706617281437e+09 4.853141852834280133e+08
2.356609634247005536e-01 -1.727390879835842848e+09 4.866589063403721452e+08
2.373234725420314828e-01 -2.260568245724602699e+09 4.876701642448763847e+08
2.389859816738397480e-01 -2.750575606438868523e+09 4.883016139405821562e+08
2.406484908198254224e-01 -3.198189953663486004e+09 4.885155303934301138e+08
2.423109999796965175e-01 -3.604261057529026985e+09 4.882830018994773030e+08
2.439735091531692601e-01 -3.969707908090001106e+09 4.875840076861685514e+08
2.456360183399674824e-01 -4.295515021538427353e+09 4.864073978447077870e+08
2.472985275398224547e-01 -4.582728623630301476e+09 4.847507895050459504e+08
2.489610367524725254e-01 -4.832452723052326202e+09 4.826203890778112411e+08
2.506235459776631203e-01 -5.045845087704967499e+09 4.800307464792299867e+08
2.522860552151463542e-01 -5.224113137039827347e+09 4.770044435925373435e+08
2.539485644646808371e-01 -5.368509763741425514e+09 4.735717158437343836e+08
2.556110737260313126e-01 -5.480329098117262840e+09 4.697700027191074491e+08
2.572735829989687417e-01 -5.560902228637247086e+09 4.656434203925098181e+08
2.589360922832700251e-01 -5.611592892032243729e+09 4.612421474777974486e+08
2.605986015787175591e-01 -5.633793146355928421e+09 4.566217134628610611e+08
2.622611108850994577e-01 -5.628919040304346085e+09 4.518421788711321354e+08
2.639236202022091082e-01 -5.598406291972660065e+09 4.469671969779596925e+08
2.655861295298450053e-01 -5.543705990058984756e+09 4.420629493631173968e+08
2.672486388678106950e-01 -5.466280330310340881e+09 4.371969521035058498e+08
2.689111482159146083e-01 -5.367598399743187904e+09 4.324367363064757586e+08
2.705736575739698391e-01 -5.249132020908172607e+09 4.278484160782032013e+08
2.722361669417941443e-01 -5.112351668092388153e+09 4.234951686872213483e+08
2.738986763192096108e-01 -4.958722467027531624e+09 4.194356649506006837e+08
2.755611857060425440e-01 -4.789700289242495537e+09 4.157225014987818599e+08
2.772236951021236906e-01 -4.606727951757828712e+09 4.124006988150950670e+08
2.788862045072874607e-01 -4.411231532367538452e+09 4.095063376724599600e+08
2.805487139213725944e-01 -4.204616810237450600e+09 4.070654096764549613e+08
2.822112233442213292e-01 -3.988265841010242462e+09 4.050929533879345655e+08
2.838737327756796214e-01 -3.763533675084830284e+09 4.035925352256197929e+08
2.855362422155972579e-01 -3.531745227103289604e+09 4.025561146296008825e+08
2.871987516638271343e-01 -3.294192304129016876e+09 4.019643078185150623e+08
2.888612611202258651e-01 -3.052130799333084106e+09 4.017870370163710117e+08
2.905237705846532292e-01 -2.806778057394150734e+09 4.019845259278426170e+08
2.921862800569720031e-01 -2.559310417135961533e+09 4.025085809037435055e+08
2.938487895370484604e-01 -2.310860936281061172e+09 4.033040831336091757e+08
2.955112990247516502e-01 -2.062517302494084358e+09 4.043106114159911871e+08
2.971738085199533974e-01 -1.815319934233166456e+09 4.054641172426043153e+08
2.988363180225286353e-01 -1.570260274191372871e+09 4.066985825856439471e+08
3.004988275323551283e-01 -1.328279277464000463e+09 4.079476037271090746e+08
3.021613370493130279e-01 -1.090266095842089176e+09 4.091458593981130123e+08
3.038238465732852611e-01 -8.570569589664350748e+08 4.102304363673043847e+08
3.054863561041573639e-01 -6.294342523663378954e+08 4.111419989333847761e+08
3.071488656418173702e-01 -4.081257917525667548e+08 4.118257996404069662e+08
3.088113751861554790e-01 -1.938042922390845120e+08 4.122325366026436687e+08
3.104738847370644983e-01 1.291296947598758712e+07 4.123190681649184227e+08
3.121363942944395120e-01 2.114643025878073573e+08 4.120489985608472228e+08
3.137989038581776025e-01 4.013435625590786338e+08 4.113931492064880729e+08
3.154614134281782389e-01 5.820999282568135262e+08 4.103299297353603244e+08
3.171239230043430002e-01 7.533375002728767395e+08 4.088456212459438443e+08
3.187864325865753523e-01 9.147147254385731220e+08 4.069345818080567718e+08
3.204489421747808708e-01 1.065943653083476305e+09 4.045993812804477215e+08
3.221114517688670742e-01 1.206789029068013906e+09 4.018508690624625683e+08
3.237739613687434237e-01 1.337067234153231621e+09 3.987081746052764654e+08
3.254364709743211015e-01 1.456645073674313545e+09 3.951986363674797416e+08
3.270989805855132326e-01 1.565438425947581053e+09 3.913576504411589503e+08
3.287614902022346075e-01 1.663410757199562311e+09 3.872284253483274579e+08
3.304239998244018484e-01 1.750571511182388544e+09 3.828616246591616869e+08
3.320865094519330207e-01 1.826974381951399326e+09 3.783148743967484832e+08
3.337490190847480775e-01 1.892715478564797401e+09 3.736521081591725945e+08
3.354115287227684150e-01 1.947931390714709997e+09 3.689427202745624185e+08
3.370740383659170392e-01 1.992797164521159649e+09 3.642604971627992988e+08
3.387365480141183438e-01 2.027524197868757010e+09 3.596823007399340868e+08
3.403990576672984991e-01 2.052358064826503754e+09 3.552864866281573176e+08
3.420615673253846745e-01 2.067576278781046629e+09 3.511510554300177097e+08
3.437240769883058711e-01 2.073486003962589741e+09 3.473515580714460015e+08
3.453865866559921449e-01 2.070421725081220388e+09 3.439588056944338679e+08
3.470490963283750507e-01 2.058742884767965555e+09 3.410364684578083754e+08
3.487116060053874755e-01 2.038831498453778982e+09 3.386386814548088908e+08
3.503741156869634166e-01 2.011089756254431486e+09 3.368078034774764776e+08
3.520366253730383144e-01 1.975937621272521734e+09 3.355724884631060958e+08
3.536991350635486642e-01 1.933810433597320080e+09 3.349462240753670335e+08
3.553616447584322380e-01 1.885156529072699308e+09 3.349264641106465459e+08
3.570241544576279180e-01 1.830434881678416014e+09 3.354944331605866551e+08
3.586866641610758633e-01 1.770112778118359327e+09 3.366156201976747513e+08
3.603491738687170098e-01 1.704663532921506882e+09 3.382409130740131736e+08
3.620116835804937372e-01 1.634564252032794952e+09 3.403082697702749968e+08
3.636741932963493684e-01 1.560293652543770313e+09 3.427447836734991074e+08
3.653367030162280593e-01 1.482329945832900286e+09 3.454689837377797961e+08
3.669992127400752979e-01 1.401148790994808197e+09 3.483932154268553853e+08
3.686617224678372939e-01 1.317221325027901649e+09 3.514259701285841465e+08
3.703242321994613118e-01 1.231012275807119846e+09 3.544740623795610070e+08
3.719867419348956150e-01 1.142978163425445795e+09 3.574445888800559640e+08
3.736492516740893000e-01 1.053565595008131981e+09 3.602466354398680925e+08
3.753117614169925176e-01 9.632096576409485340e+08 3.627927243550516367e+08
3.769742711635561405e-01 8.723324135269970894e+08 3.650000139110364914e+08
3.786367809137318741e-01 7.813415010298126936e+08 3.667912739709231257e+08
3.802992906674724227e-01 6.906288446960524321e+08 3.680956680092164874e+08
3.819618004247312126e-01 6.005694768890168667e+08 3.688493739999302626e+08
3.836243101854625026e-01 5.115204730983706117e+08 3.689960756904361844e+08
3.852868199496213841e-01 4.238200025053226352e+08 3.684873532664908171e+08
3.869493297171635593e-01 3.377864948485922217e+08 3.672829991543493271e+08
3.886118394880457849e-01 2.537179241241150796e+08 3.653512814019739628e+08
3.902743492622252064e-01 1.718912091382394135e+08 3.626691741169269681e+08
3.919368590396599683e-01 9.256173045193547010e+07 3.592225720706372261e+08
3.935993688203087704e-01 1.596296272260084748e+07 3.550065048755306602e+08
3.952618786041311449e-01 -5.769377897447495162e+07 3.500253651308710575e+08
3.969243883910870685e-01 -1.282194807963903993e+08 3.442931645136948228e+08
3.985868981811374612e-01 -1.954474620918628573e+08 3.378338318391760588e+08
4.002494079742436872e-01 -2.592333004929235578e+08 3.306815673472408652e+08
4.019119177703678880e-01 -3.194546533407317996e+08 3.228812674961850047e+08
4.035744275694727046e-01 -3.760109790818348527e+08 3.144890336396683455e+08
4.052369373715214440e-01 -4.288231625864056349e+08 3.055727750284189582e+08
4.068994471764781906e-01 -4.778330487706553340e+08 2.962129097745707631e+08
4.085619569843071952e-01 -5.230028891452705860e+08 2.865031539328646660e+08
4.102244667949735413e-01 -5.643147062883725166e+08 2.765513644552349448e+08
4.118869766084432005e-01 -6.017695814541980028e+08 2.664803605530546606e+08
4.135494864246819224e-01 -6.353868708342888355e+08 2.564285825725124776e+08
4.152119962436567890e-01 -6.652033561368424892e+08 2.465503504518302381e+08
4.168745060653349932e-01 -6.912723354280043840e+08 2.370153521455788016e+08
4.185370158896842829e-01 -7.136626602340044975e+08 2.280068363162414432e+08
4.201995257166728504e-01 -7.324577251479575634e+08 2.197178418030890822e+08
4.218620355462696647e-01 -7.477544161749140024e+08 2.123447532114248872e+08
4.235245453784438063e-01 -7.596620242245578766e+08 2.060776624189393222e+08
4.251870552131651881e-01 -7.683011300947091579e+08 2.010875865914282501e+08
4.268495650504041117e-01 -7.738024674150530100e+08 1.975115907829445302e+08
4.285120748901312115e-01 -7.763057698807324171e+08 1.954380702616745532e+08
4.301745847323175664e-01 -7.759586091775126457e+08 1.948953126724610031e+08
4.318370945769347546e-01 -7.729152298081930876e+08 1.958463160516448617e+08
4.334996044239549096e-01 -7.673353870262082815e+08 1.981914144089552462e+08
4.351621142733504422e-01 -7.593831938698443174e+08 2.017780688529536724e+08
4.368246241250944295e-01 -7.492259831971875429e+08 2.064152815628273487e+08
4.384871339791597822e-01 -7.370331903628478050e+08 2.118893414890714288e+08
4.401496438355204099e-01 -7.229752620753277540e+08 2.179781082649092376e+08
4.418121536941504446e-01 -7.072225965940892696e+08 2.244622245371865928e+08
4.434746635550242400e-01 -6.899445203529545069e+08 2.311328378404249251e+08
4.451371734181167605e-01 -6.713083056204587221e+08 2.377962140352850556e+08
4.467996832834031928e-01 -6.514782337195861340e+08 2.442759766702799499e+08
4.484621931508591675e-01 -6.306147078201009035e+08 2.504137373906143010e+08
4.501247030204606481e-01 -6.088734191747015715e+08 2.560687526019805670e+08
4.517872128921838204e-01 -5.864045701477696896e+08 2.611170663914254606e+08
4.534497227660054253e-01 -5.633521572254074812e+08 2.654504410070272982e+08
4.551122326419027031e-01 -5.398533166048071384e+08 2.689752543681117296e+08
4.567747425198525613e-01 -5.160377348507074714e+08 2.716114607306069136e+08
4.584372523998329063e-01 -4.920271264239267111e+08 2.732916571334495544e+08
4.600997622818217003e-01 -4.679347798398927450e+08 2.739602671205633283e+08
4.617622721657972384e-01 -4.438651734400137663e+08 2.735728356620751619e+08
4.634247820517383154e-01 -4.199136618053782582e+08 2.720954213093464375e+08
4.650872919396236149e-01 -3.961662329482753277e+08 2.695040680558536649e+08
4.667498018294323758e-01 -3.726993366076915860e+08 2.657843396982173026e+08
4.684123117211442255e-01 -3.495797829190625548e+08 2.609309001772266030e+08
4.700748216147389580e-01 -3.268647111157079935e+08 2.549471259664540887e+08
4.717373315101965336e-01 -3.046016266758705974e+08 2.478447379304759800e+08
4.733998414074974126e-01 -2.828285059611948729e+08 2.396434430025128126e+08
4.750623513066224435e-01 -2.615739658922623098e+08 2.303705769261939824e+08
4.767248612075521974e-01 -2.408574972075285316e+08 2.200607421686642468e+08
4.783873711102680226e-01 -2.206897579435461462e+08 2.087554352232277095e+08
4.800498810147514894e-01 -2.010729253652388752e+08 1.965026604633256197e+08
4.817123909209840571e-01 -1.820011019630191326e+08 1.833565268657412827e+08
4.833749008289477955e-01 -1.634607737306930721e+08 1.693768273834398985e+08
4.850374107386249412e-01 -1.454313150718269348e+08 1.546285986535806358e+08
4.866999206499977859e-01 -1.278855390754936337e+08 1.391816636075756848e+08
4.883624305630492324e-01 -1.107902855854541063e+08 1.231101556700156331e+08
4.900249404777619611e-01 -9.410704758364902437e+07 1.064920321660764664e+08
4.916874503941192631e-01 -7.779262450273759663e+07 8.940857970298726857e+07
4.933499603121045407e-01 -6.179980834967736900e+07 7.194394425411857665e+07
4.950124702317013070e-01 -4.607808045523829013e+07 5.418476136872631311e+07
4.966749801528934083e-01 -3.057434634323056787e+07 3.622036837355003506e+07
4.983374900756649684e-01 -1.523360745313222334e+07 1.814738832344885916e+07
