# r [arcsec]	I [Jy/sr]	I_uncer [Jy/sr]
3.817853577942286001e-03 2.077102406349813461e+10 1.817400869873974025e+08
8.763567027319327241e-03 2.076863524016985703e+10 1.816877702168335021e+08
1.373848758764146562e-02 2.076433810066814804e+10 1.816031246564057171e+08
1.872000728009374365e-02 2.075813261057308197e+10 1.814829938923314810e+08
2.370403017919163122e-02 2.075001998179546738e+10 1.813267668152248561e+08
2.868926438607016446e-02 2.074000192352666855e+10 1.811343200119190216e+08
3.367517554121116780e-02 2.072808057137683105e+10 1.809056810727351904e+08
3.866150302165524688e-02 2.071425847366292572e+10 1.806409465782808065e+08
4.364810467787801074e-02 2.069853858722019958e+10 1.803402556160874963e+08
4.863489642318288148e-02 2.068092427543096924e+10 1.800037794111591280e+08
5.362182534931311806e-02 2.066141930684213257e+10 1.796317166330819130e+08
5.860885650759287135e-02 2.064002785393300247e+10 1.792242910038880408e+08
6.359596588733901212e-02 2.061675449187014771e+10 1.787817499415737689e+08
6.858313644859315161e-02 2.059160419719930267e+10 1.783043637081938982e+08
7.357035576433633428e-02 2.056458234644887543e+10 1.777924248183720112e+08
7.855761455883611410e-02 2.053569471463194275e+10 1.772462475874006450e+08
8.354490576851973660e-02 2.050494747364997864e+10 1.766661677557421327e+08
8.853222391973845917e-02 2.047234719058665085e+10 1.760525421546364129e+08
9.351956470533653865e-02 2.043790082589641190e+10 1.754057483930263519e+08
9.850692468967806037e-02 2.040161573148703766e+10 1.747261845535864234e+08
1.034943010988605139e-01 2.036349964869554520e+10 1.740142688907426298e+08
1.084816916687353777e-01 2.032356070615554428e+10 1.732704395261268020e+08
1.134690945329698275e-01 2.028180741756452942e+10 1.724951541385363638e+08
1.184565081393615799e-01 2.023824867933683777e+10 1.716888896466964185e+08
1.234439311864233557e-01 2.019289376816222763e+10 1.708521418836218417e+08
1.284313625747323662e-01 2.014575233845255280e+10 1.699854252618271112e+08
1.334188013691842700e-01 2.009683441969011688e+10 1.690892724291696250e+08
1.384062467694026355e-01 2.004615041367183685e+10 1.681642339149000943e+08
1.433936980863204647e-01 1.999371109165152740e+10 1.672108777660112083e+08
1.483811547234816508e-01 1.993952759138285828e+10 1.662297891737202108e+08
1.533686161619891020e-01 1.988361141406231308e+10 1.652215700905449688e+08
1.583560819482959792e-01 1.982597442117121506e+10 1.641868388376103044e+08
1.633435516842324520e-01 1.976662883122466278e+10 1.631262297028494477e+08
1.683310250188047585e-01 1.970558721641673660e+10 1.620403925298283100e+08
1.733185016414096891e-01 1.964286249917759323e+10 1.609299922979109883e+08
1.783059812761873808e-01 1.957846794862930298e+10 1.597957086935417950e+08
1.832934636772959591e-01 1.951241717695072937e+10 1.586382356731259823e+08
1.882809486249364950e-01 1.944472413565183640e+10 1.574582810175925791e+08
1.932684359219939418e-01 1.937540311175117111e+10 1.562565658790329993e+08
1.982559253911843622e-01 1.930446872386878967e+10 1.550338243194037974e+08
2.032434168726222901e-01 1.923193591822536469e+10 1.537908028417665958e+08
2.082309102217375085e-01 1.915781996455690765e+10 1.525282599139718115e+08
2.132184053074845376e-01 1.908213645194141006e+10 1.512469654851921201e+08
2.182059020107968983e-01 1.900490128453761292e+10 1.499477004953835011e+08
2.231934002232490444e-01 1.892613067724572372e+10 1.486312563778895736e+08
2.281808998458938198e-01 1.884584115127765274e+10 1.472984345550944805e+08
2.331684007882487975e-01 1.876404952965340424e+10 1.459500459276009798e+08
2.381559029674101546e-01 1.868077293261114120e+10 1.445869103566110432e+08
2.431434063072751561e-01 1.859602877294117355e+10 1.432098561399084330e+08
2.481309107378594780e-01 1.850983475124502182e+10 1.418197194811683595e+08
2.531184161946937738e-01 1.842220885111136246e+10 1.404173439527333677e+08
2.581059226182911837e-01 1.833316933422854233e+10 1.390035799518658221e+08
2.630934299536754062e-01 1.824273473541111755e+10 1.375792841501617730e+08
2.680809381499607014e-01 1.815092385756643295e+10 1.361453189361859262e+08
2.730684471599785779e-01 1.805775576658514023e+10 1.347025518510781527e+08
2.780559569399445041e-01 1.796324978616358185e+10 1.332518550168953240e+08
2.830434674491599245e-01 1.786742549256088638e+10 1.317941045573879331e+08
2.880309786497447511e-01 1.777030270929178238e+10 1.303301800110090077e+08
2.930184905063976664e-01 1.767190150175144958e+10 1.288609637355108708e+08
2.980060029861805737e-01 1.757224217178378296e+10 1.273873403039566129e+08
3.029935160583238640e-01 1.747134525218437195e+10 1.259101958915288895e+08
3.079810296940508341e-01 1.736923150114857864e+10 1.244304176525378674e+08
3.129685438664192021e-01 1.726592189665891266e+10 1.229488930869458467e+08
3.179560585501768344e-01 1.716143763082126617e+10 1.214665093960063308e+08
3.229435737216315716e-01 1.705580010414245796e+10 1.199841528258884549e+08
3.279310893585324904e-01 1.694903091976076698e+10 1.185027079987405837e+08
3.329186054399617678e-01 1.684115187762089348e+10 1.170230572301770747e+08
3.379061219462368704e-01 1.673218496860598564e+10 1.155460798324035257e+08
3.428936388588199047e-01 1.662215236861784554e+10 1.140726514018398523e+08
3.478811561602362934e-01 1.651107643261616707e+10 1.126036430903510004e+08
3.528686738339993356e-01 1.639897968861172676e+10 1.111399208589861989e+08
3.578561918645413176e-01 1.628588483161866379e+10 1.096823447131508738e+08
3.628437102371503964e-01 1.617181471756769943e+10 1.082317679180627763e+08
3.678312289379127020e-01 1.605679235718331528e+10 1.067890361935084760e+08
3.728187479536588800e-01 1.594084090981887436e+10 1.053549868868191689e+08
3.778062672719147974e-01 1.582398367726624870e+10 1.039304481228611618e+08
3.827937868808565791e-01 1.570624409752409172e+10 1.025162379303715527e+08
3.877813067692685856e-01 1.558764573854296112e+10 1.011131633434286863e+08
3.927688269265047216e-01 1.546821229193683624e+10 9.972201947771593928e+07
3.977563473424529095e-01 1.534796756667136383e+10 9.834358858059029281e+07
4.027438680075018929e-01 1.522693548272429085e+10 9.697863905482386053e+07
4.077313889125108171e-01 1.510514006472329903e+10 9.562792445572407544e+07
4.127189100487804740e-01 1.498260543556589890e+10 9.429218246204778552e+07
4.177064314080274343e-01 1.485935581001532555e+10 9.297213382066413760e+07
4.226939529823587338e-01 1.473541548828187370e+10 9.166848126641696692e+07
4.276814747642498915e-01 1.461080884958882141e+10 9.038190841810050607e+07
4.326689967465233155e-01 1.448556034572301674e+10 8.911307865246403217e+07
4.376565189223286523e-01 1.435969449457464790e+10 8.786263395866440237e+07
4.426440412851241901e-01 1.423323587366750908e+10 8.663119377606050670e+07
4.476315638286594845e-01 1.410620911368200493e+10 8.541935381901459396e+07
4.526190865469603142e-01 1.397863889197045708e+10 8.422768489304187894e+07
4.576066094343120838e-01 1.385054992606760025e+10 8.305673170739901066e+07
4.625941324852472225e-01 1.372196696720242310e+10 8.190701169003398716e+07
4.675816556945310287e-01 1.359291479380825424e+10 8.077901381156529486e+07
4.725691790571502904e-01 1.346341820502907753e+10 7.967319742581963539e+07
4.775567025683005173e-01 1.333350201424031830e+10 7.858999113534286618e+07
4.825442262233765600e-01 1.320319104256356430e+10 7.752979169094382226e+07
4.875317500179611185e-01 1.307251011239652634e+10 7.649296293524326384e+07
4.925192739478161941e-01 1.294148404094795799e+10 7.547983480078527331e+07
4.975067980088735964e-01 1.281013763378493500e+10 7.449070237395340204e+07
5.024943221972267837e-01 1.267849567839337158e+10 7.352582503631462157e+07
5.074818465091224251e-01 1.254658293775296021e+10 7.258542569548481703e+07
5.124693709409537945e-01 1.241442414392731094e+10 7.166969011768394709e+07
5.174568954892526662e-01 1.228204399167531395e+10 7.077876637421794236e+07
5.224444201506837082e-01 1.214946713208144379e+10 6.991276441384232044e+07
5.274319449220377098e-01 1.201671816620629692e+10 6.907175577260297537e+07
5.324194698002251425e-01 1.188382163876404381e+10 6.825577343190291524e+07
5.374069947822720517e-01 1.175080203182567787e+10 6.746481183484750986e+07
5.423945198653131738e-01 1.161768375854589272e+10 6.669882706939891726e+07
5.473820450465878285e-01 1.148449115692464256e+10 6.595773722575243562e+07
5.523695703234354770e-01 1.135124848359633827e+10 6.524142293345244229e+07
5.573570956932899501e-01 1.121797990765290642e+10 6.454972808192185313e+07
5.623446211536771155e-01 1.108470950450206757e+10 6.388246072603748739e+07
5.673321467022091058e-01 1.095146124976124954e+10 6.323939417615335435e+07
5.723196723365815419e-01 1.081825901319153595e+10 6.262026826953544468e+07
5.773071980545696480e-01 1.068512655266793251e+10 6.202479081791047007e+07
5.822947238540248094e-01 1.055208750819614029e+10 6.145263922337504476e+07
5.872822497328716862e-01 1.041916539596843910e+10 6.090346225244778395e+07
5.922697756891045495e-01 1.028638360246632195e+10 6.037688195605190843e+07
5.972573017207846169e-01 1.015376537861115265e+10 5.987249572077940404e+07
6.022448278260374988e-01 1.002133383396055222e+10 5.938987843519274145e+07
6.072323540030505340e-01 9.889111930956230164e+09 5.892858475310900062e+07
6.122198802500696813e-01 9.757122479223836899e+09 5.848815143448208272e+07
6.172074065653979646e-01 9.625388129925369263e+09 5.806809974348424375e+07
6.221949329473926982e-01 9.493931370165996552e+09 5.766793788265755028e+07
6.271824593944635984e-01 9.362774517457756042e+09 5.728716344166262448e+07
6.321699859050702308e-01 9.231939714241544724e+09 5.692526583912071586e+07
6.371575124777206778e-01 9.101448922467651367e+09 5.658172873637384921e+07
6.421450391109693179e-01 8.971323918237701416e+09 5.625603240263289958e+07
6.471325658034148276e-01 8.841586286509267807e+09 5.594765601195026934e+07
6.521200925536991821e-01 8.712257415863334656e+09 5.565607985358748585e+07
6.571076193605055460e-01 8.583358493338404655e+09 5.538078743886240572e+07
6.620951462225563855e-01 8.454910499330215454e+09 5.512126748913620412e+07
6.670826731386124697e-01 8.326934202559975624e+09 5.487701579133142531e+07
6.720702001074717602e-01 8.199450155113477707e+09 5.464753690935845673e+07
6.770577271279670795e-01 8.072478687547109604e+09 5.443234574157538265e+07
6.820452541989658890e-01 7.946039904072000504e+09 5.423096891659395397e+07
6.870327813193682909e-01 7.820153677805123329e+09 5.404294602145355940e+07
6.920203084881060285e-01 7.694839646101427078e+09 5.386783065831503272e+07
6.970078357041413764e-01 7.570117205956080437e+09 5.370519132746148109e+07
7.019953629664664740e-01 7.446005509489748001e+09 5.355461213633360714e+07
7.069828902741016607e-01 7.322523459507121086e+09 5.341569333578227460e+07
7.119704176260943651e-01 7.199689705138891220e+09 5.328805168639772385e+07
7.169579450215193273e-01 7.077522637562983513e+09 5.317132065906619281e+07
7.219454724594762673e-01 6.956040385807211876e+09 5.306515047515261918e+07
7.269329999390895525e-01 6.835260812636230469e+09 5.296920799293151498e+07
7.319205274595077526e-01 6.715201510522536278e+09 5.288317644770041853e+07
7.369080550199024193e-01 6.595879797701031685e+09 5.280675505399527401e+07
7.418955826194673087e-01 6.477312714311861992e+09 5.273965847898501158e+07
7.468831102574174929e-01 6.359517018629229546e+09 5.268161619671858847e+07
7.518706379329892497e-01 6.242509183379189491e+09 5.263237173336942494e+07
7.568581656454390627e-01 6.126305392145531654e+09 5.259168181403516978e+07
7.618456933940425113e-01 6.010921535866257668e+09 5.255931542187812179e+07
7.668332211780939378e-01 5.896373209421662331e+09 5.253505278058926761e+07
7.718207489969062252e-01 5.782675708313180923e+09 5.251868427126397192e+07
7.768082768498100199e-01 5.669844025434360504e+09 5.251000929472821206e+07
7.817958047361527329e-01 5.557892847937905312e+09 5.250883509042203426e+07
7.867833326552983175e-01 5.446836554192809105e+09 5.251497552260733396e+07
7.917708606066273802e-01 5.336689210840500832e+09 5.252824984472101182e+07
7.967583885895350715e-01 5.227464569943651199e+09 5.254848145216597617e+07
8.017459166034320850e-01 5.119176066232433319e+09 5.257549663377831131e+07
8.067334446477437693e-01 5.011836814448464394e+09 5.260912333158414811e+07
8.117209727219093507e-01 4.905459606784022331e+09 5.264918991824556887e+07
8.167085008253823775e-01 4.800056910422260284e+09 5.269552400098049641e+07
8.216960289576287213e-01 4.695640865174647331e+09 5.274795126031123102e+07
8.266835571181275766e-01 4.592223281216126442e+09 5.280629433133675903e+07
8.316710853063710163e-01 4.489815636924342155e+09 5.287037173479306698e+07
8.366586135218624376e-01 4.388429076814062119e+09 5.293999686432377249e+07
8.416461417641176723e-01 4.288074409576218605e+09 5.301497703592425585e+07
8.466336700326639875e-01 4.188762106214907169e+09 5.309511260468037426e+07
8.516211983270388641e-01 4.090502298289470196e+09 5.318019615339522809e+07
8.566087266467917738e-01 3.993304776253395557e+09 5.327001175675129890e+07
8.615962549914814028e-01 3.897178987900615692e+09 5.336433432424882054e+07
8.665837833606774288e-01 3.802134036910754681e+09 5.346292902414409816e+07
8.715713117539596322e-01 3.708178681496617317e+09 5.356555079008458555e+07
8.765588401709160093e-01 3.615321333158896446e+09 5.367194391147875786e+07
8.815463686111453256e-01 3.523570055537564754e+09 5.378184170775223523e+07
8.865338970742548952e-01 3.432932563371691227e+09 5.389496628627342731e+07
8.915214255598600257e-01 3.343416221559813023e+09 5.401102838292330503e+07
8.965089540675857949e-01 3.255028044325488091e+09 5.412972728380003572e+07
9.014964825970653850e-01 3.167774694483279228e+09 5.425075082593179494e+07
9.064840111479389728e-01 3.081662482812826633e+09 5.437377547459302843e+07
9.114715397198557278e-01 2.996697367531657696e+09 5.449846647406176478e+07
9.164590683124720361e-01 2.912884953875322342e+09 5.462447806859558821e+07
9.214465969254520550e-01 2.830230493778116703e+09 5.475145378981725127e+07
9.264341255584663815e-01 2.748738885658634186e+09 5.487902680663976073e+07
9.314216542111933839e-01 2.668414674308858871e+09 5.500682033341923356e+07
9.364091828833184250e-01 2.589262050884467602e+09 5.513444809202606976e+07
9.413967115745327519e-01 2.511284852999695301e+09 5.526151482334998250e+07
9.463842402845346058e-01 2.434486564924536705e+09 5.538761684360633045e+07
9.513717690130290006e-01 2.358870317883781910e+09 5.551234264091384411e+07
9.563592977597260569e-01 2.284438890457771778e+09 5.563527350753028691e+07
9.613468265243425570e-01 2.211194709088075638e+09 5.575598420324583352e+07
9.663343553066010561e-01 2.139139848678610802e+09 5.587404364543358237e+07
9.713218841062303266e-01 2.068276033305641890e+09 5.598901562159363180e+07
9.763094129229632490e-01 1.998604637020837069e+09 5.610045952001476288e+07
9.812969417565396979e-01 1.930126684761142731e+09 5.620793107478234172e+07
9.862844706067037670e-01 1.862842853353695869e+09 5.631098312114530802e+07
9.912719994732055451e-01 1.796753472622820616e+09 5.640916635778172314e+07
9.962595283557990067e-01 1.731858526595376015e+09 5.650203011247841269e+07
1.001247057254244233e+00 1.668157654804417849e+09 5.658912310816393793e+07
1.006234586168305301e+00 1.605650153688690424e+09 5.666999422626140714e+07
1.011222115097751173e+00 1.544334978093934774e+09 5.674419326475141197e+07
1.016209644042354920e+00 1.484210742865455627e+09 5.681127168844414502e+07
1.021197173001895608e+00 1.425275724540023088e+09 5.687078336916700751e+07
1.026184701976153857e+00 1.367527863131964207e+09 5.692228531391691417e+07
1.031172230964917613e+00 1.310964764013711929e+09 5.696533837914486229e+07
1.036159759967976379e+00 1.255583699889908075e+09 5.699950796946357936e+07
1.041147288985125208e+00 1.201381612865595102e+09 5.702436471956116706e+07
1.046134818016162260e+00 1.148355116605159283e+09 5.703948515784363449e+07
1.051122347060890139e+00 1.096500498583925247e+09 5.704445235096269101e+07
1.056109876119114777e+00 1.045813722429625034e+09 5.703885652817506343e+07
1.061097405190645881e+00 9.962904303540934324e+08 5.702229568487171084e+07
1.066084934275296714e+00 9.479259456734012365e+08 5.699437616458763927e+07
1.071072463372883643e+00 9.007152754166198969e+08 5.695471321910158545e+07
1.076059992483227479e+00 8.546531130199389458e+08 5.690293154611053318e+07
1.081047521606151030e+00 8.097338411095345020e+08 5.683866580436684191e+07
1.086035050741481101e+00 7.659515343668278456e+08 5.676156110596650839e+07
1.091022579889048050e+00 7.232999624792996645e+08 5.667127348575465381e+07
1.096010109048684011e+00 6.817725931741684675e+08 5.656747034780910611e+07
1.100997638220225783e+00 6.413625953337199688e+08 5.644983088909105211e+07
1.105985167403511937e+00 6.020628421912863255e+08 5.631804650023450702e+07
1.110972696598383935e+00 5.638659146084933281e+08 5.617182114379502088e+07
1.115960225804686790e+00 5.267641044289751649e+08 5.601087170998676866e+07
1.120947755022267955e+00 4.907494179114632010e+08 5.583492835026204586e+07
1.125935284250977553e+00 4.558135792388551235e+08 5.564373478884877264e+07
1.130922813490668366e+00 4.219480341011412144e+08 5.543704861271400750e+07
1.135910342741195622e+00 3.891439533551408052e+08 5.521464154002524167e+07
1.140897872002417213e+00 3.573922367539334297e+08 5.497629966764703393e+07
1.145885401274193693e+00 3.266835167498748302e+08 5.472182369781002402e+07
1.150872930556387619e+00 2.970081623675036430e+08 5.445102914444582164e+07
1.155860459848864208e+00 2.683562831443791091e+08 5.416374651940250397e+07
1.160847989151490678e+00 2.407177331416207254e+08 5.385982149900731444e+07
1.165835518464137355e+00 2.140821150189873278e+08 5.353911507118490338e+07
1.170823047786675675e+00 1.884387841760761142e+08 5.320150366366907209e+07
1.175810577118979738e+00 1.637768529568696320e+08 5.284687925342576206e+07
1.180798106460926311e+00 1.400851949163349271e+08 5.247514945788535476e+07
1.185785635812393490e+00 1.173524491493835598e+08 5.208623760808853805e+07
1.190773165173261150e+00 9.556702467760612071e+07 5.168008280428729951e+07
1.195760694543412272e+00 7.471710489482627809e+07 5.125663995419937372e+07
1.200748223922731173e+00 5.479065207071393728e+07 5.081587979431747645e+07
1.205735753311103498e+00 3.577541190719600767e+07 5.035778889457099885e+07
1.210723282708418003e+00 1.765891815129487962e+07 4.988236964672246575e+07
1.215710812114564332e+00 4.284972584506206331e+05 4.938964023665887117e+07
1.220698341529434350e+00 -1.592872689187344536e+07 4.887963460117489100e+07
1.225685870952921253e+00 -3.142582823250063509e+07 4.835240236917404830e+07
1.230673400384920457e+00 -4.607607369541127235e+07 4.780800878803286701e+07
1.235660929825329379e+00 -5.989291835322228819e+07 4.724653463497415930e+07
1.240648459274045878e+00 -7.289000051611779630e+07 4.666807611418411881e+07
1.245635988730970478e+00 -8.508113678334894776e+07 4.607274473958582431e+07
1.250623518196004813e+00 -9.648031705618630350e+07 4.546066720387911797e+07
1.255611047669052738e+00 -1.071016995072923154e+08 4.483198523385906965e+07
1.260598577150018551e+00 -1.169596055140986890e+08 4.418685543259925395e+07
1.265586106638808772e+00 -1.260685145525721163e+08 4.352544910843057930e+07
1.270573636135331475e+00 -1.344430590585114062e+08 4.284795209141242504e+07
1.275561165639495398e+00 -1.420980192514473796e+08 4.215456453715238720e+07
1.280548695151212168e+00 -1.490483179290572107e+08 4.144550071870709956e+07
1.285536224670393413e+00 -1.553090152290381193e+08 4.072098880635688454e+07
1.290523754196952311e+00 -1.608953033627871871e+08 3.998127063611106575e+07
1.295511283730804264e+00 -1.658225013216501772e+08 3.922660146660815924e+07
1.300498813271864673e+00 -1.701060495557481050e+08 3.845724972534290701e+07
1.305486342820051382e+00 -1.737615046308345795e+08 3.767349674386936426e+07
1.310473872375283122e+00 -1.768045338611978292e+08 3.687563648294286430e+07
1.315461401937479291e+00 -1.792509099204790890e+08 3.606397524718326330e+07
1.320448931506561285e+00 -1.811165054367580712e+08 3.523883139034055173e+07
1.325436461082451389e+00 -1.824172875645436943e+08 3.440053501062700897e+07
1.330423990665072775e+00 -1.831693125464702249e+08 3.354942763731275126e+07
1.335411520254350393e+00 -1.833887202555917203e+08 3.268586190799068660e+07
1.340399049850209634e+00 -1.830917287281456888e+08 3.181020123776889592e+07
1.345386579452577447e+00 -1.822946286837530434e+08 3.092281947973126918e+07
1.350374109061381667e+00 -1.810137780364786386e+08 3.002410057804706320e+07
1.355361638676551461e+00 -1.792655963971247077e+08 2.911443821297223866e+07
1.360349168298016442e+00 -1.770665595721502900e+08 2.819423543929558247e+07
1.365336697925707776e+00 -1.744331940531975329e+08 2.726390431724648178e+07
1.370324227559557517e+00 -1.713820715093905926e+08 2.632386553779942542e+07
1.375311757199498608e+00 -1.679298032729374468e+08 2.537454804104815051e+07
1.380299286845465101e+00 -1.640930348301135302e+08 2.441638863000838086e+07
1.385286816497391715e+00 -1.598884403091752827e+08 2.344983157821792364e+07
1.390274346155214724e+00 -1.553327169777440429e+08 2.247532823400436714e+07
1.395261875818870623e+00 -1.504425797382590771e+08 2.149333661940339208e+07
1.400249405488297016e+00 -1.452347556391676664e+08 2.050432102744151652e+07
1.405236935163432621e+00 -1.397259783846250772e+08 1.950875161520890519e+07
1.410224464844216596e+00 -1.339329828651356995e+08 1.850710399780806154e+07
1.415211994530589656e+00 -1.278724996885059774e+08 1.749985884003025666e+07
1.420199524222492293e+00 -1.215612497363899201e+08 1.648750145314977691e+07
1.425187053919866997e+00 -1.150159387228165269e+08 1.547052139341426082e+07
1.430174583622656481e+00 -1.082532517834728509e+08 1.444941207400037907e+07
1.435162113330804123e+00 -1.012898480661668926e+08 1.342467038838060759e+07
1.440149643044254413e+00 -9.414235536321011186e+07 1.239679636675068922e+07
1.445137172762952060e+00 -8.682736473590086401e+07 1.136629287135160714e+07
1.450124702486843331e+00 -7.936142519868880510e+07 1.033366538062036969e+07
1.455112232215874490e+00 -7.176103838163149357e+07 9.299421905242895707e+06
1.460099761949993358e+00 -6.404265327805914730e+07 8.264073190715955570e+06
1.465087291689147531e+00 -5.622266093974557519e+07 7.228133446462212130e+06
1.470074821433285939e+00 -4.831738931183938682e+07 6.192122297949345782e+06
1.475062351182357734e+00 -4.034309793573920429e+07 5.156569582109146751e+06
1.480049880936313622e+00 -3.231597293276634067e+07 4.122028167331838049e+06
1.485037410695103866e+00 -2.425212158439626172e+07 3.089113106840142049e+06
1.490024940458680058e+00 -1.616756775519166142e+07 2.058658566840972984e+06
1.495012470226994683e+00 -8.078244399577969685e+06 1.032796006481216871e+06
