# r [arcsec]	I [Jy/sr]	I_uncer [Jy/sr]
1.272617859314095550e-03 1.353768918415927277e+11 1.202901097417641401e+09
2.921189009106442414e-03 1.353128216079701996e+11 1.200766135019876242e+09
4.579495862547155495e-03 1.351976238935908966e+11 1.197047089610900879e+09
6.240002426697914550e-03 1.350313921753258820e+11 1.191715141525742054e+09
7.901343393063876494e-03 1.348142950823364258e+11 1.184778544421838760e+09
9.563088128690054243e-03 1.345465560390813599e+11 1.176256135313138008e+09
1.122505851373705593e-02 1.342284510231558533e+11 1.166173176815412045e+09
1.288716767388508287e-02 1.338603077777317505e+11 1.154560335010658264e+09
1.454936822595933807e-02 1.334425052014717102e+11 1.141453294677722931e+09
1.621163214106096165e-02 1.329754727209343567e+11 1.126892549441616058e+09
1.787394178310437384e-02 1.324596896033298645e+11 1.110923250139454126e+09
1.953628550253095827e-02 1.318956841987559204e+11 1.093595074847085714e+09
2.119865529577967186e-02 1.312840331094221497e+11 1.074962107761976719e+09
2.286104548286438387e-02 1.306253602859878998e+11 1.055082722731860161e+09
2.452345192144544592e-02 1.299203360522160645e+11 1.034019470888640046e+09
2.618587151961204035e-02 1.291696760596130219e+11 1.011838973678521276e+09
2.784830192283991451e-02 1.283741401740399780e+11 9.886118236705724001e+08
2.951074130657948408e-02 1.275345312964450531e+11 9.644124963016753197e+08
3.117318823511218417e-02 1.266516941200606079e+11 9.393192763822922707e+08
3.283564156322602012e-02 1.257265138265338440e+11 9.134142038169203997e+08
3.449810036628684490e-02 1.247599147235845947e+11 8.867830436367032528e+08
3.616056388957845924e-02 1.237528588268974152e+11 8.595152860999548435e+08
3.782303151098994481e-02 1.227063443890782013e+11 8.317041832724884748e+08
3.948550271312052662e-02 1.216214043785665741e+11 8.034468291115210056e+08
4.114797706214112089e-02 1.204991049115432129e+11 7.748442905396801233e+08
4.281045419157746001e-02 1.193405436398881378e+11 7.460017971628955603e+08
4.447293378972808769e-02 1.181468480983903503e+11 7.170289968808820248e+08
4.613541558980088775e-02 1.169191740144125366e+11 6.880402832560169697e+08
4.779789936210682849e-02 1.156587035833307648e+11 6.591551974956698418e+08
4.946038490782722619e-02 1.143666437130804291e+11 6.304989023083038330e+08
5.112287205399637657e-02 1.130442242412212677e+11 6.022027153188996315e+08
5.278536064943199074e-02 1.116926961279229431e+11 5.744046742335795164e+08
5.444785056141081270e-02 1.103133296283779449e+11 5.472500819963799715e+08
5.611034167293492414e-02 1.089074124480662231e+11 5.208919447666979432e+08
5.777283388046990098e-02 1.074762478844232330e+11 4.954911657244797945e+08
5.943532709206246489e-02 1.060211529583755951e+11 4.712162919313410521e+08
6.109782122576532665e-02 1.045434565392498322e+11 4.482425322498633862e+08
6.276031620831216962e-02 1.030444974665623627e+11 4.267496826484954357e+08
6.442281197399798987e-02 1.015256226721304474e+11 4.069185365689647794e+08
6.608530846372812073e-02 9.998818530597441101e+10 3.889253676681596041e+08
6.774780562420743002e-02 9.843354286940682983e+10 3.729342140027511120e+08
6.941030340724584080e-02 9.686305535868191528e+10 3.590870314280042052e+08
7.107280176916151715e-02 9.527808342254002380e+10 3.474923426811538339e+08
7.273530067026563739e-02 9.367998653687501526e+10 3.382137069385846257e+08
7.439780007441634813e-02 9.207012119979060364e+10 3.312599469009553194e+08
7.606029994863128252e-02 9.044983915010931396e+10 3.265792695675252676e+08
7.772280026274960840e-02 8.882048561245465088e+10 3.240589406593910456e+08
7.938530098913672284e-02 8.718339757183554077e+10 3.235310386933896542e+08
8.104780210242505667e-02 8.553990208065196228e+10 3.247834023922625184e+08
8.271030357928650656e-02 8.389131460090638733e+10 3.275737590889219642e+08
8.437280539823126257e-02 8.223893738429800415e+10 3.316445980509982705e+08
8.603530753943039455e-02 8.058405789283444214e+10 3.367366734758680463e+08
8.769780998455847798e-02 7.892794726237876892e+10 3.425998020369660258e+08
8.936031271665356712e-02 7.727185881154843140e+10 3.490004762187768221e+08
9.102281571999285004e-02 7.561702659819985962e+10 3.557264739444274306e+08
9.268531897998151525e-02 7.396466402559150696e+10 3.625890125513892174e+08
9.434782248305331742e-02 7.231596250027426147e+10 3.694231093685665727e+08
9.601032621658157906e-02 7.067209014352935791e+10 3.760867637884268165e+08
9.767283016879922675e-02 6.903419055812142944e+10 3.824594542626768351e+08
9.933533432872686253e-02 6.740338165194425201e+10 3.884403075463575125e+08
1.009978386861079547e-01 6.578075452003343201e+10 3.939461776882506013e+08
1.026603432313502873e-01 6.416737238626635742e+10 3.989097795937989950e+08
1.043228479554730720e-01 6.256426960592153931e+10 4.032779563335222602e+08
1.059853528500589448e-01 6.097245073015345764e+10 4.070101159922379255e+08
1.076478579072105424e-01 5.939288963325728607e+10 4.100768470064910650e+08
1.093103631195108394e-01 5.782652870350283813e+10 4.124587055120298266e+08
1.109728684799872744e-01 5.627427809811576080e+10 4.141451602536678314e+08
1.126353739820789568e-01 5.473701506290718842e+10 4.151336772631810904e+08
1.142978796196066349e-01 5.321558331684127808e+10 4.154289258656347394e+08
1.159603853867454265e-01 5.171079250175675201e+10 4.150420883906685114e+08
1.176228912779997832e-01 5.022341769725270844e+10 4.139902574625141025e+08
1.192853972881804531e-01 4.875419900066859436e+10 4.122959064601163864e+08
1.209479034123834701e-01 4.730384117191168213e+10 4.099864204035281539e+08
1.226104096459709192e-01 4.587301334277732849e+10 4.070936759920347333e+08
1.242729159845529646e-01 4.446234879023985291e+10 4.036536607199875116e+08
1.259354224239715991e-01 4.307244477313133240e+10 3.997061218997008801e+08
1.275979289602855449e-01 4.170386243140353394e+10 3.952942370225489140e+08
1.292604355897561952e-01 4.035712674714729309e+10 3.904642972034360766e+08
1.309229423088349165e-01 3.903272656634871674e+10 3.852653955041290522e+08
1.325854491141509606e-01 3.773111468029005432e+10 3.797491117574728131e+08
1.342479560025006402e-01 3.645270796537168121e+10 3.739691851730036736e+08
1.359104629708369483e-01 3.519788758004549408e+10 3.679811655780573487e+08
1.375729700162601765e-01 3.396699921743410873e+10 3.618420337502790689e+08
1.392354771360091448e-01 3.276035341211273956e+10 3.556097810851119757e+08
1.408979843274529020e-01 3.157822589945920944e+10 3.493429390169863701e+08
1.425604915880832879e-01 3.042085802586960220e+10 3.431000494270052910e+08
1.442229989155077718e-01 2.928845720807227707e+10 3.369390690066135526e+08
1.458855063074428748e-01 2.818119743968675613e+10 3.309167034994088411e+08
1.475480137617080634e-01 2.709921984312054443e+10 3.250876721607390642e+08
1.492105212762198374e-01 2.604263326481461334e+10 3.195039087890138030e+08
1.508730288489867621e-01 2.501151491180504990e+10 3.142137132164512277e+08
1.525355364781040279e-01 2.400591102750472641e+10 3.092608758173719645e+08
1.541980441617490649e-01 2.302583760458312225e+10 3.046838066398364305e+08
1.558605518981770188e-01 2.207128113275662613e+10 3.005147090507555604e+08
1.575230596857167542e-01 2.114219937927464676e+10 2.967788438778428435e+08
1.591855675227668576e-01 2.023852219988779068e+10 2.934939324400962591e+08
1.608480754077921959e-01 1.936015237800651550e+10 2.906697443434493542e+08
1.625105833393203636e-01 1.850696648979566193e+10 2.883079078683726788e+08
1.641730913159387406e-01 1.767881579290771103e+10 2.864019674906905293e+08
1.658355993362912173e-01 1.687552713655943680e+10 2.849376958780131936e+08
1.674981073990755853e-01 1.609690389066748810e+10 2.838936487743713260e+08
1.691606155030408176e-01 1.534272689174794579e+10 2.832419331444986463e+08
1.708231236469845982e-01 1.461275540330642891e+10 2.829491443016293645e+08
1.724856318297508795e-01 1.390672808846585274e+10 2.829774183271394968e+08
1.741481400502279120e-01 1.322436399258877373e+10 2.832855427354458570e+08
1.758106483073458848e-01 1.256536353368350220e+10 2.838300707896696925e+08
1.774731566000750660e-01 1.192940949842398262e+10 2.845663919925744534e+08
1.791356649274240265e-01 1.131616804163625145e+10 2.854497214102733731e+08
1.807981732884377246e-01 1.072528968714699745e+10 2.864359818739486933e+08
1.824606816821959798e-01 1.015641032795140457e+10 2.874825642171753645e+08
1.841231901078118072e-01 9.609152223679725647e+09 2.885489604377527237e+08
1.857856985644300296e-01 9.083124993419607162e+09 2.895972724021657705e+08
1.874482070512257237e-01 8.577926601997143745e+09 2.905926042424162626e+08
1.891107155674030538e-01 8.093144337876317978e+09 2.915033500556391478e+08
1.907732241121938566e-01 7.628355780912268639e+09 2.923013902216033340e+08
1.924357326848565586e-01 7.183129758246848106e+09 2.929622100016000271e+08
1.940982412846749550e-01 6.757027286718193054e+09 2.934649534719074368e+08
1.957607499109572380e-01 6.349602500212451935e+09 2.937924246294847727e+08
1.974232585630348313e-01 5.960403560477050781e+09 2.939310459652442932e+08
1.990857672402615297e-01 5.588973549976047516e+09 2.938707831412646174e+08
2.007482759420124996e-01 5.234851345458204269e+09 2.936050427704113126e+08
2.024107846676835298e-01 4.897572470976242065e+09 2.931305487684587240e+08
2.040732934166899215e-01 4.576669929194589615e+09 2.924472013759663105e+08
2.057358021884660160e-01 4.271675009878468990e+09 2.915579217477890253e+08
2.073983109824642512e-01 3.982118074570876598e+09 2.904684839838319421e+08
2.090608197981545235e-01 3.707529316519878864e+09 2.891873356195083261e+08
2.107233286350234380e-01 3.447439495025182247e+09 2.877254068946573734e+08
2.123858374925735870e-01 3.201380643434013367e+09 2.860959085687469244e+08
2.140483463703231337e-01 2.968886750128833771e+09 2.843141176409309506e+08
2.157108552678049240e-01 2.749494411897046566e+09 2.823971500650826097e+08
2.173733641845664311e-01 2.542743459197096348e+09 2.803637194282380939e+08
2.190358731201685061e-01 2.348177552872214317e+09 2.782338805966804028e+08
2.206983820741854618e-01 2.165344751992906094e+09 2.760287575403585434e+08
2.223608910462041566e-01 1.993798052539657831e+09 2.737702549411754608e+08
2.240234000358239386e-01 1.833095896761517525e+09 2.714807537859069705e+08
2.256859090426557024e-01 1.682802653084697008e+09 2.691827919482744932e+08
2.273484180663219723e-01 1.542489066552833080e+09 2.668987317711176276e+08
2.290109271064561247e-01 1.411732679826739788e+09 2.646504178440256119e+08
2.306734361627020280e-01 1.290118224864241123e+09 2.624588294890601635e+08
2.323359452347137921e-01 1.177237985454478025e+09 2.603437338393290639e+08
2.339984543221555469e-01 1.072692130858838916e+09 2.583233467232538462e+08
2.356609634247005536e-01 9.760890208652461767e+08 2.564140097220206261e+08
2.373234725420314828e-01 8.870454826333942413e+08 2.546298926116552949e+08
2.389859816738397480e-01 8.051870597589294910e+08 2.529827307931850553e+08
2.406484908198254224e-01 7.301482340477679968e+08 2.514816071384164095e+08
2.423109999796965175e-01 6.615726205391422510e+08 2.501327868579286933e+08
2.439735091531692601e-01 5.991131363704738617e+08 2.489396125173607767e+08
2.456360183399674824e-01 5.424321441213328838e+08 2.479024642450018525e+08
2.472985275398224547e-01 4.912015703191534877e+08 2.470187876215613186e+08
2.489610367524725254e-01 4.451029998284690380e+08 2.462831889133132100e+08
2.506235459776631203e-01 4.038277468870564699e+08 2.456875944415840209e+08
2.522860552151463542e-01 3.670769035798960328e+08 2.452214682147175670e+08
2.539485644646808371e-01 3.345613665791644454e+08 2.448720797073840797e+08
2.556110737260313126e-01 3.060018430043822527e+08 2.446248120198598504e+08
2.572735829989687417e-01 2.811288362777529359e+08 2.444634996867820024e+08
2.589360922832700251e-01 2.596826128775912821e+08 2.443707851422035992e+08
2.605986015787175591e-01 2.414131509029858708e+08 2.443284832355768979e+08
2.622611108850994577e-01 2.260800713851492107e+08 2.443179441130608320e+08
2.639236202022091082e-01 2.134525532882721126e+08 2.443204060887711346e+08
2.655861295298450053e-01 2.033092331482804418e+08 2.443173316681593359e+08
2.672486388678106950e-01 1.954380903118152618e+08 2.442907215030252337e+08
2.689111482159146083e-01 1.896363187327700853e+08 2.442234026247261763e+08
2.705736575739698391e-01 1.857101862837671936e+08 2.440992887241887152e+08
2.722361669417941443e-01 1.834748825419311821e+08 2.439036114577186108e+08
2.738986763192096108e-01 1.827543559964559674e+08 2.436231227256465554e+08
2.755611857060425440e-01 1.833811416155730784e+08 2.432462685856788158e+08
2.772236951021236906e-01 1.851961797099351287e+08 2.427633359377734363e+08
2.788862045072874607e-01 1.880486269978210330e+08 2.421665733713886738e+08
2.805487139213725944e-01 1.917956607792068720e+08 2.414502876325618923e+08
2.822112233442213292e-01 1.963022770927505791e+08 2.406109170726124644e+08
2.838737327756796214e-01 2.014410837199777663e+08 2.396470832185683548e+08
2.855362422155972579e-01 2.070920888684252501e+08 2.385596212776099741e+08
2.871987516638271343e-01 2.131424863517105579e+08 2.373515899862089157e+08
2.888612611202258651e-01 2.194864380463346541e+08 2.360282607527544498e+08
2.905237705846532292e-01 2.260248543853486478e+08 2.345970855485820472e+08
2.921862800569720031e-01 2.326651736184789538e+08 2.330676424936158657e+08
2.938487895370484604e-01 2.393211405323689878e+08 2.314515575859962404e+08
2.955112990247516502e-01 2.459125852989256680e+08 2.297624005726692975e+08
2.971738085199533974e-01 2.523652030802741349e+08 2.280155525865347683e+08
2.988363180225286353e-01 2.586103349922201335e+08 2.262280429363394976e+08
3.004988275323551283e-01 2.645847509846870601e+08 2.244183523866972625e+08
3.021613370493130279e-01 2.702304351680982709e+08 2.226061804767304957e+08
3.038238465732852611e-01 2.754943740759101510e+08 2.208121749670976400e+08
3.054863561041573639e-01 2.803283483187965155e+08 2.190576224512806833e+08
3.071488656418173702e-01 2.846887280457884669e+08 2.173641005669787228e+08
3.088113751861554790e-01 2.885362725934815407e+08 2.157530941259047091e+08
3.104738847370644983e-01 2.918359346694348454e+08 2.142455798138586879e+08
3.121363942944395120e-01 2.945566693722748756e+08 2.128615868077473938e+08
3.137989038581776025e-01 2.966712483214803934e+08 2.116197435323776901e+08
3.154614134281782389e-01 2.981560791317608953e+08 2.105368235827189684e+08
3.171239230043430002e-01 2.989910304291845560e+08 2.096273062358275056e+08
3.187864325865753523e-01 2.991592625687224865e+08 2.089029686144406796e+08
3.204489421747808708e-01 2.986470641962548494e+08 2.083725270944412947e+08
3.221114517688670742e-01 2.974436947292971015e+08 2.080413447224724591e+08
3.237739613687434237e-01 2.955412328445550799e+08 2.079112191139896214e+08
3.254364709743211015e-01 2.929344309808036685e+08 2.079802616312497556e+08
3.270989805855132326e-01 2.896205758809607625e+08 2.082428738814198673e+08
3.287614902022346075e-01 2.855993551263487339e+08 2.086898222014562786e+08
3.304239998244018484e-01 2.808727296248666048e+08 2.093084053692122698e+08
3.320865094519330207e-01 2.754448119593974352e+08 2.100827058877925575e+08
3.337490190847480775e-01 2.693217504999155998e+08 2.109939113058800995e+08
3.354115287227684150e-01 2.625116191391618550e+08 2.120206894977492094e+08
3.370740383659170392e-01 2.550243125148787796e+08 2.131396007387936413e+08
3.387365480141183438e-01 2.468714465302807987e+08 2.143255297101484239e+08
3.403990576672984991e-01 2.380662639969861507e+08 2.155521220052958131e+08
3.420615673253846745e-01 2.286235451823761165e+08 2.167922119755493701e+08
3.437240769883058711e-01 2.185595230492837131e+08 2.180182314705316424e+08
3.453865866559921449e-01 2.078918029387676716e+08 2.192025918892854750e+08
3.470490963283750507e-01 1.966392864659635127e+08 2.203180346771336198e+08
3.487116060053874755e-01 1.848220993510651588e+08 2.213379478125229776e+08
3.503741156869634166e-01 1.724615229410675466e+08 2.222366478111577630e+08
3.520366253730383144e-01 1.595799291297074854e+08 2.229896283106076717e+08
3.536991350635486642e-01 1.462007184159733653e+08 2.235737773929181993e+08
3.553616447584322380e-01 1.323482608094847798e+08 2.239675665215070248e+08
3.570241544576279180e-01 1.180478393081601709e+08 2.241512143656815886e+08
3.586866641610758633e-01 1.033255956621310711e+08 2.241068289510470927e+08
3.603491738687170098e-01 8.820847815385736525e+07 2.238185315600900054e+08
3.620116835804937372e-01 7.272419110527360439e+07 2.232725656905128360e+08
3.636741932963493684e-01 5.690114585995409638e+07 2.224573941927182674e+08
3.653367030162280593e-01 4.076841295635015517e+07 2.213637875063775182e+08
3.669992127400752979e-01 2.435567525770355389e+07 2.199849057071120739e+08
3.686617224678372939e-01 7.693181771451898851e+06 2.183163768946836591e+08
3.703242321994613118e-01 -9.188298055508773774e+06 2.163563742917392254e+08
3.719867419348956150e-01 -2.625751981330992281e+07 2.141056942957399189e+08
3.736492516740893000e-01 -4.348280956361522526e+07 2.115678376105675995e+08
3.753117614169925176e-01 -6.083210945028090477e+07 2.087490954775376320e+08
3.769742711635561405e-01 -7.827302365207935870e+07 2.056586428835937977e+08
3.786367809137318741e-01 -9.577286485509221256e+07 2.023086404186123610e+08
3.802992906674724227e-01 -1.132987013834461272e+08 1.987143461058978438e+08
3.819618004247312126e-01 -1.308174051335301846e+08 1.948942379602806866e+08
3.836243101854625026e-01 -1.482957004085990787e+08 1.908701470967472494e+08
3.852868199496213841e-01 -1.657002137731989324e+08 1.866673997501331270e+08
3.869493297171635593e-01 -1.829975249748414457e+08 1.823149643297526240e+08
3.886118394880457849e-01 -2.001542190252976716e+08 1.778455963251785636e+08
3.902743492622252064e-01 -2.171369394472002983e+08 1.732959691404518485e+08
3.919368590396599683e-01 -2.339124427355399132e+08 1.687067723810454607e+08
3.935993688203087704e-01 -2.504476540095815063e+08 1.641227504409655333e+08
3.952618786041311449e-01 -2.667097238593223691e+08 1.595926433489933014e+08
3.969243883910870685e-01 -2.826660863272383213e+08 1.551689792047654688e+08
3.985868981811374612e-01 -2.982845179961029887e+08 1.509076545790344179e+08
4.002494079742436872e-01 -3.135331980765861869e+08 1.468672289457391202e+08
4.019119177703678880e-01 -3.283807694394019842e+08 1.431078564661064446e+08
4.035744275694727046e-01 -3.427964004504083991e+08 1.396897902214271724e+08
4.052369373715214440e-01 -3.567498475125384927e+08 1.366714280182487965e+08
4.068994471764781906e-01 -3.702115181492901444e+08 1.341069309244747162e+08
4.085619569843071952e-01 -3.831525345038113594e+08 1.320435344956950396e+08
4.102244667949735413e-01 -3.955447970498180985e+08 1.305187751066590250e+08
4.118869766084432005e-01 -4.073610483753874302e+08 1.295579426014012098e+08
4.135494864246819224e-01 -4.185749368037091494e+08 1.291721100720431805e+08
4.152119962436567890e-01 -4.291610796906212568e+08 1.293570521958835423e+08
4.168745060653349932e-01 -4.390951261442208886e+08 1.300932396686006635e+08
4.185370158896842829e-01 -4.483538189915030599e+08 1.313469166531569511e+08
4.201995257166728504e-01 -4.569150557147784233e+08 1.330720845193214864e+08
4.218620355462696647e-01 -4.647579481832000017e+08 1.352130834999263287e+08
4.235245453784438063e-01 -4.718628808782666922e+08 1.377074164234434664e+08
4.251870552131651881e-01 -4.782115674437405467e+08 1.404884930658692718e+08
4.268495650504041117e-01 -4.837871052460787296e+08 1.434880619282698929e+08
4.285120748901312115e-01 -4.885740277820079327e+08 1.466382014626027942e+08
4.301745847323175664e-01 -4.925583546133288145e+08 1.498728360267083645e+08
4.318370945769347546e-01 -4.957276386800642610e+08 1.531288077446914911e+08
4.334996044239549096e-01 -4.980710106610225439e+08 1.563465722307652831e+08
4.351621142733504422e-01 -4.995792202692051530e+08 1.594705989283851385e+08
4.368246241250944295e-01 -5.002446741375250220e+08 1.624495541924307048e+08
4.384871339791597822e-01 -5.000614702146987319e+08 1.652363341185294092e+08
4.401496438355204099e-01 -4.990254283356537223e+08 1.677880003752617240e+08
4.418121536941504446e-01 -4.971341169146795273e+08 1.700656585858601034e+08
4.434746635550242400e-01 -4.943868754343574643e+08 1.720343073054980934e+08
4.451371734181167605e-01 -4.907848327272759080e+08 1.736626762086815834e+08
4.467996832834031928e-01 -4.863309207165300250e+08 1.749230653425039649e+08
4.484621931508591675e-01 -4.810298836843466163e+08 1.757911921303070486e+08
4.501247030204606481e-01 -4.748882827177204490e+08 1.762460496052744389e+08
4.517872128921838204e-01 -4.679144954827011228e+08 1.762697768669444621e+08
4.534497227660054253e-01 -4.601187109634189010e+08 1.758475415856929421e+08
4.551122326419027031e-01 -4.515129194001170993e+08 1.749674332722016275e+08
4.567747425198525613e-01 -4.421108970481909513e+08 1.736203658862238228e+08
4.584372523998329063e-01 -4.319281860922803879e+08 1.717999878488062918e+08
4.600997622818217003e-01 -4.209820693032284975e+08 1.695025978635518849e+08
4.617622721657972384e-01 -4.092915398980925679e+08 1.667270646345870495e+08
4.634247820517383154e-01 -3.968772661301628947e+08 1.634747491463972330e+08
4.650872919396236149e-01 -3.837615512275380492e+08 1.597494278425304294e+08
4.667498018294323758e-01 -3.699682881132570505e+08 1.555572157673763037e+08
4.684123117211442255e-01 -3.555229097240191102e+08 1.509064882859188020e+08
4.700748216147389580e-01 -3.404523342076435685e+08 1.458078008737514615e+08
4.717373315101965336e-01 -3.247849060954964757e+08 1.402738058190697730e+08
4.733998414074974126e-01 -3.085503324758414030e+08 1.343191657615799904e+08
4.750623513066224435e-01 -2.917796156603618264e+08 1.279604630519133508e+08
4.767248612075521974e-01 -2.745049809648711681e+08 1.212161053187704086e+08
4.783873711102680226e-01 -2.567598016855834723e+08 1.141062262637306005e+08
4.800498810147514894e-01 -2.385785192253806889e+08 1.066525826401885897e+08
4.817123909209840571e-01 -2.199965613893715441e+08 9.887844635302382708e+07
4.833749008289477955e-01 -2.010502556428972781e+08 9.080849351292444766e+07
4.850374107386249412e-01 -1.817767420001237988e+08 8.246868923572885990e+07
4.866999206499977859e-01 -1.622138801291438043e+08 7.388617188121598959e+07
4.883624305630492324e-01 -1.424001585783480704e+08 6.508913601939422637e+07
4.900249404777619611e-01 -1.223745959996135831e+08 5.610672417394293100e+07
4.916874503941192631e-01 -1.021766497525428385e+08 4.696893550400525331e+07
4.933499603121045407e-01 -8.184610942308028042e+07 3.770660575617013127e+07
4.950124702317013070e-01 -6.142301365840572864e+07 2.835161140102637932e+07
4.966749801528934083e-01 -4.094752059349638969e+07 1.893817246497039497e+07
4.983374900756649684e-01 -2.045994260934270173e+07 9.512364265511492267e+06
