# r [arcsec]	I [Jy/sr]	I_uncer [Jy/sr]
1.272617859314095550e-03 5.877988889582246399e+10 2.701167324880071163e+09
2.921189009106442414e-03 5.875431743466487122e+10 2.698902392476870537e+09
4.579495862547155495e-03 5.870833478991687012e+10 2.694882988436467648e+09
6.240002426697914550e-03 5.864196906294750214e+10 2.689097447915821552e+09
7.901343393063876494e-03 5.855527429772928619e+10 2.681551764424496174e+09
9.563088128690054243e-03 5.844832240104870605e+10 2.672257478615830898e+09
1.122505851373705593e-02 5.832120230563639832e+10 2.661229774960226059e+09
1.288716767388508287e-02 5.817401972710039520e+10 2.648487016720262051e+09
1.454936822595933807e-02 5.800689700478247070e+10 2.634050577285351276e+09
1.621163214106096165e-02 5.781997294845475006e+10 2.617944752715101719e+09
1.787394178310437384e-02 5.761340267376224518e+10 2.600196700589966774e+09
1.953628550253095827e-02 5.738735742174200439e+10 2.580836387798810482e+09
2.119865529577967186e-02 5.714202436106246185e+10 2.559896540855758190e+09
2.286104548286438387e-02 5.687760637264112091e+10 2.537412596195252419e+09
2.452345192144544592e-02 5.659432181667909241e+10 2.513422649440662384e+09
2.618587151961204035e-02 5.629240428232807922e+10 2.487967403327972889e+09
2.784830192283991451e-02 5.597210232027404022e+10 2.461090114316093445e+09
2.951074130657948408e-02 5.563367915858085632e+10 2.432836538100783348e+09
3.117318823511218417e-02 5.527741240217022705e+10 2.403254874349984646e+09
3.283564156322602012e-02 5.490359371634046936e+10 2.372395711059473515e+09
3.449810036628684490e-02 5.451252849476630402e+10 2.340311968965559959e+09
3.616056388957845924e-02 5.410453551241210938e+10 2.307058846503674030e+09
3.782303151098994481e-02 5.367994656385813904e+10 2.272693765813578606e+09
3.948550271312052662e-02 5.323910608751276398e+10 2.237276320337064743e+09
4.114797706214112089e-02 5.278237077623881531e+10 2.200868224554358959e+09
4.281045419157746001e-02 5.231010917491466522e+10 2.163533266428381920e+09
4.447293378972808769e-02 5.182270126548910522e+10 2.125337263131064653e+09
4.613541558980088775e-02 5.132053804008455658e+10 2.086348020616776705e+09
4.779789936210682849e-02 5.080402106273490143e+10 2.046635297602785110e+09
4.946038490782722619e-02 5.027356202034587860e+10 2.006270774467540741e+09
5.112287205399637657e-02 4.972958226349576569e+10 1.965328027545031548e+09
5.278536064943199074e-02 4.917251233767697906e+10 1.923882509190360785e+09
5.444785056141081270e-02 4.860279150563548279e+10 1.882011533894835234e+09
5.611034167293492414e-02 4.802086726141962433e+10 1.839794270544672728e+09
5.777283388046990098e-02 4.742719483681618500e+10 1.797311740708359480e+09
5.943532709206246489e-02 4.682223670081271362e+10 1.754646822526376247e+09
6.109782122576532665e-02 4.620646205276148224e+10 1.711884259385416269e+09
6.276031620831216962e-02 4.558034630991831970e+10 1.669110672042416573e+09
6.442281197399798987e-02 4.494437059002790833e+10 1.626414572205198288e+09
6.608530846372812073e-02 4.429902118964422607e+10 1.583886374734392881e+09
6.774780562420743002e-02 4.364478905886725616e+10 1.541618404594104767e+09
6.941030340724584080e-02 4.298216927318406677e+10 1.499704893383835793e+09
7.107280176916151715e-02 4.231166050310765839e+10 1.458241958732503653e+09
7.273530067026563739e-02 4.163376448228982544e+10 1.417327557976473093e+09
7.439780007441634813e-02 4.094898547481554413e+10 1.377061405398987055e+09
7.606029994863128252e-02 4.025782974234325409e+10 1.337544839876245022e+09
7.772280026274960840e-02 3.956080501179171753e+10 1.298880627158659220e+09
7.938530098913672284e-02 3.885841994424147797e+10 1.261172678309976816e+09
8.104780210242505667e-02 3.815118360572901917e+10 1.224525663300468445e+09
8.271030357928650656e-02 3.743960494060581207e+10 1.189044496713915825e+09
8.437280539823126257e-02 3.672419224811077881e+10 1.154833671486608744e+09
8.603530753943039455e-02 3.600545266283096313e+10 1.121996417151319742e+09
8.769780998455847798e-02 3.528389163967153931e+10 1.090633661992867947e+09
8.936031271665356712e-02 3.456001244398674774e+10 1.060842784627269030e+09
9.102281571999285004e-02 3.383431564749451447e+10 1.032716150584942937e+09
9.268531897998151525e-02 3.310729863057796478e+10 1.006339444024547338e+09
9.434782248305331742e-02 3.237945509158875656e+10 9.817898237653586864e+08
9.601032621658157906e-02 3.165127456372924805e+10 9.591339556538859606e+08
9.767283016879922675e-02 3.092324194009421539e+10 9.384259980941249132e+08
9.933533432872686253e-02 3.019583700742905807e+10 9.197056414647127390e+08
1.009978386861079547e-01 2.946953398914897537e+10 9.029963212632590532e+08
1.026603432313502873e-01 2.874480109814825821e+10 8.883037348389317989e+08
1.043228479554730720e-01 2.802210009990895844e+10 8.756147886559587717e+08
1.059853528500589448e-01 2.730188588640797806e+10 8.648970847882554531e+08
1.076478579072105424e-01 2.658460606128968430e+10 8.560990219129707813e+08
1.093103631195108394e-01 2.587070053677476883e+10 8.491505405026167631e+08
1.109728684799872744e-01 2.516060114272731400e+10 8.439644900115579367e+08
1.126353739820789568e-01 2.445473124831672287e+10 8.404385450138645172e+08
1.142978796196066349e-01 2.375350539665491867e+10 8.384575549232110977e+08
1.159603853867454265e-01 2.305732895280574417e+10 8.378961838722187281e+08
1.176228912779997832e-01 2.236659776550436401e+10 8.386216864824455976e+08
1.192853972881804531e-01 2.168169784293788910e+10 8.404966712804468870e+08
1.209479034123834701e-01 2.100300504289257050e+10 8.433817233412879705e+08
1.226104096459709192e-01 2.033088477756498337e+10 8.471377865836405754e+08
1.242729159845529646e-01 1.966569173329663467e+10 8.516282387780885696e+08
1.259354224239715991e-01 1.900776960549795914e+10 8.567206241632428169e+08
1.275979289602855449e-01 1.835745084896126938e+10 8.622880362412489653e+08
1.292604355897561952e-01 1.771505644378823090e+10 8.682101649858034849e+08
1.309229423088349165e-01 1.708089567709403229e+10 8.743740377922983170e+08
1.325854491141509606e-01 1.645526594065135956e+10 8.806744924523533583e+08
1.342479560025006402e-01 1.583845254460254860e+10 8.870144242753304243e+08
1.359104629708369483e-01 1.523072854735317421e+10 8.933048494375975132e+08
1.375729700162601765e-01 1.463235460173039818e+10 8.994648239674268961e+08
1.392354771360091448e-01 1.404357881746880150e+10 9.054212535236527920e+08
1.408979843274529020e-01 1.346463664006515312e+10 9.111086241549561024e+08
1.425604915880832879e-01 1.289575074601811409e+10 9.164686791173464060e+08
1.442229989155077718e-01 1.233713095445022583e+10 9.214500619898747206e+08
1.458855063074428748e-01 1.178897415507641602e+10 9.260079419775799513e+08
1.475480137617080634e-01 1.125146425248075294e+10 9.301036335368552208e+08
1.492105212762198374e-01 1.072477212661769104e+10 9.337042193166372776e+08
1.508730288489867621e-01 1.020905560945015526e+10 9.367821828503096104e+08
1.525355364781040279e-01 9.704459477605623245e+09 9.393150554004726410e+08
1.541980441617490649e-01 9.211115460917819977e+09 9.412850797720830441e+08
1.558605518981770188e-01 8.729142266693155289e+09 9.426788927006143332e+08
1.575230596857167542e-01 8.258645619521775246e+09 9.434872265233849287e+08
1.591855675227668576e-01 7.799718316445678711e+09 9.437046301834675074e+08
1.608480754077921959e-01 7.352440297255182266e+09 9.433292091495580673e+08
1.625105833393203636e-01 6.916878729685863495e+09 9.423623835198180676e+08
1.641730913159387406e-01 6.493088109259338379e+09 9.408086633679593801e+08
1.658355993362912173e-01 6.081110373494337082e+09 9.386754402637913227e+08
1.674981073990755853e-01 5.680975030202029228e+09 9.359727938342248201e+08
1.691606155030408176e-01 5.292699299556541443e+09 9.327133122033302784e+08
1.708231236469845982e-01 4.916288269617966652e+09 9.289119251463700533e+08
1.724856318297508795e-01 4.551735064973591805e+09 9.245857488147470951e+08
1.741481400502279120e-01 4.199021028141242981e+09 9.197539409042240381e+08
1.758106483073458848e-01 3.858115913366070747e+09 9.144375651706626415e+08
1.774731566000750660e-01 3.528978092435894012e+09 9.086594642155129910e+08
1.791356649274240265e-01 3.211554772115401268e+09 9.024441394835720062e+08
1.807981732884377246e-01 2.905782222795085907e+09 8.958176374223173857e+08
1.824606816821959798e-01 2.611586017939769268e+09 8.888074407536205053e+08
1.841231901078118072e-01 2.328881283903723240e+09 8.814423637976750135e+08
1.857856985644300296e-01 2.057572959676763296e+09 8.737524507704721689e+08
1.874482070512257237e-01 1.797556066113518715e+09 8.657688759453570843e+08
1.891107155674030538e-01 1.548715984186330080e+09 8.575238445348643064e+08
1.907732241121938566e-01 1.310928741799734354e+09 8.490504931047759056e+08
1.924357326848565586e-01 1.084061308693145514e+09 8.403827882884610891e+08
1.940982412846749550e-01 8.679718989544358253e+08 8.315554225258932114e+08
1.957607499109572380e-01 6.625102806579611301e+08 8.226037055153528452e+08
1.974232585630348313e-01 4.675180921414819360e+08 8.135634500397669077e+08
1.990857672402615297e-01 2.828291644249283671e+08 8.044708508287481070e+08
2.007482759420124996e-01 1.082698492772525251e+08 7.953623551393874884e+08
2.024107846676835298e-01 -5.634064757094024867e+07 7.862745238058875799e+08
2.040732934166899215e-01 -2.111899285663899183e+08 7.772438816197297573e+08
2.057358021884660160e-01 -3.564720623327134252e+08 7.683067560774911642e+08
2.073983109824642512e-01 -4.923872380266690850e+08 7.594991037771329880e+08
2.090608197981545235e-01 -6.191414165600379705e+08 7.508563240713424683e+08
2.107233286350234380e-01 -7.369459791846350431e+08 7.424130599948005676e+08
2.123858374925735870e-01 -8.460173739457744360e+08 7.342029869859997034e+08
2.140483463703231337e-01 -9.465767604954975843e+08 7.262585905091289282e+08
2.157108552678049240e-01 -1.038849653769137502e+09 7.186109343432154655e+08
2.173733641845664311e-01 -1.123065567006724834e+09 7.112894220230042934e+08
2.190358731201685061e-01 -1.199457654617276192e+09 7.043215546618843079e+08
2.206983820741854618e-01 -1.268262355355024815e+09 6.977326891203384399e+08
2.223608910462041566e-01 -1.329719036297272921e+09 6.915458011614772081e+08
2.240234000358239386e-01 -1.384069638081956625e+09 6.857812588053529263e+08
2.256859090426557024e-01 -1.431558321876418114e+09 6.804566114957201481e+08
2.273484180663219723e-01 -1.472431118527628899e+09 6.755864008852472305e+08
2.290109271064561247e-01 -1.506935580344269276e+09 6.711819989741750956e+08
2.306734361627020280e-01 -1.535320435948226452e+09 6.672514789796521664e+08
2.323359452347137921e-01 -1.557835248625266314e+09 6.637995236564166546e+08
2.339984543221555469e-01 -1.574730078595620394e+09 6.608273748502207994e+08
2.356609634247005536e-01 -1.586255149613116264e+09 6.583328268776246309e+08
2.373234725420314828e-01 -1.592660520293167353e+09 6.563102649542626143e+08
2.389859816738397480e-01 -1.594195760557923079e+09 6.547507484169101715e+08
2.406484908198254224e-01 -1.591109633573222876e+09 6.536421369940911531e+08
2.423109999796965175e-01 -1.583649783545116663e+09 6.529692569684485197e+08
2.439735091531692601e-01 -1.572062429725517035e+09 6.527141028325729370e+08
2.456360183399674824e-01 -1.556592066968105793e+09 6.528560690349249840e+08
2.472985275398224547e-01 -1.537481173160685539e+09 6.533722057018369436e+08
2.489610367524725254e-01 -1.514969923848081112e+09 6.542374918245987892e+08
2.506235459776631203e-01 -1.489295914343537331e+09 6.554251193216005564e+08
2.522860552151463542e-01 -1.460693889615519047e+09 6.569067815989755392e+08
2.539485644646808371e-01 -1.429395482222714901e+09 6.586529606964707375e+08
2.556110737260313126e-01 -1.395628958550514221e+09 6.606332077671405077e+08
2.572735829989687417e-01 -1.359618973596339941e+09 6.628164124324692488e+08
2.589360922832700251e-01 -1.321586334527384996e+09 6.651710574243875742e+08
2.605986015787175591e-01 -1.281747773227282763e+09 6.676654558138933182e+08
2.622611108850994577e-01 -1.240315728025944710e+09 6.702679689811887741e+08
2.639236202022091082e-01 -1.197498134798298597e+09 6.729472042757066488e+08
2.655861295298450053e-01 -1.153498227596810102e+09 6.756721920126566887e+08
2.672486388678106950e-01 -1.108514348972688675e+09 6.784125420444519520e+08
2.689111482159146083e-01 -1.062739770118190646e+09 6.811385806263910532e+08
2.705736575739698391e-01 -1.016362520956748843e+09 6.838214686625410318e+08
2.722361669417941443e-01 -9.695652302815954685e+08 6.864333026838419437e+08
2.738986763192096108e-01 -9.225249760375567675e+08 6.889472000822074413e+08
2.755611857060425440e-01 -8.754131458192404509e+08 6.913373702191092968e+08
2.772236951021236906e-01 -8.283953076460388899e+08 6.935791730529390574e+08
2.788862045072874607e-01 -7.816310910593494177e+08 6.956491669083157778e+08
2.805487139213725944e-01 -7.352740785720311403e+08 6.975251469468456507e+08
2.822112233442213292e-01 -6.894717074845558405e+08 6.991861758084007502e+08
2.838737327756796214e-01 -6.443651820691088438e+08 7.006126077862706184e+08
2.855362422155972579e-01 -6.000893961070655584e+08 7.017861077767982483e+08
2.871987516638271343e-01 -5.567728657505834103e+08 7.026896661268695593e+08
2.888612611202258651e-01 -5.145376726672672629e+08 7.033076103766542673e+08
2.905237705846532292e-01 -4.734994174100656509e+08 7.036256147812675238e+08
2.921862800569720031e-01 -4.337671829420743585e+08 7.036307083829330206e+08
2.938487895370484604e-01 -3.954435082334060669e+08 7.033112823032503128e+08
2.955112990247516502e-01 -3.586243718316559196e+08 7.026570968345527649e+08
2.971738085199533974e-01 -3.233991852991975546e+08 7.016592888234293461e+08
2.988363180225286353e-01 -2.898507963904386759e+08 7.003103797671591043e+08
3.004988275323551283e-01 -2.580555018391008079e+08 6.986042849776428938e+08
3.021613370493130279e-01 -2.280830696058656573e+08 6.965363241120517254e+08
3.038238465732852611e-01 -1.999967704302846193e+08 6.941032333149590492e+08
3.054863561041573639e-01 -1.738534185155683160e+08 6.913031791776968241e+08
3.071488656418173702e-01 -1.497034211687882543e+08 6.881357746753157377e+08
3.088113751861554790e-01 -1.275908372037692666e+08 6.846020972090646029e+08
3.104738847370644983e-01 -1.075534439066907316e+08 6.807047088439611197e+08
3.121363942944395120e-01 -8.962281235409536958e+07 6.764476787969257832e+08
3.137989038581776025e-01 -7.382439086437323689e+07 6.718366081921896935e+08
3.154614134281782389e-01 -6.017759635188685358e+07 6.668786570592077971e+08
3.171239230043430002e-01 -4.869591334929287434e+07 6.615825734958468676e+08
3.187864325865753523e-01 -3.938700045312961936e+07 6.559587248629646301e+08
3.204489421747808708e-01 -3.225280393562197313e+07 6.500191307980266809e+08
3.221114517688670742e-01 -2.728967827059252188e+07 6.437774977465360165e+08
3.237739613687434237e-01 -2.448851329881449416e+07 6.372492545922732353e+08
3.254364709743211015e-01 -2.383486776723307744e+07 6.304515888252239227e+08
3.270989805855132326e-01 -2.530910895772567019e+07 6.234034825081875324e+08
3.287614902022346075e-01 -2.888655812563511357e+07 6.161257470852916241e+08
3.304239998244018484e-01 -3.453764145720994473e+07 6.086410558093916178e+08
3.320865094519330207e-01 -4.222804625258134305e+07 6.009739722479656935e+08
3.337490190847480775e-01 -5.191888203806220740e+07 5.931509729461817741e+08
3.354115287227684150e-01 -6.356684630738317221e+07 5.852004618837289810e+08
3.370740383659170392e-01 -7.712439458422730863e+07 5.771527738543884754e+08
3.387365480141183438e-01 -9.253991450571896136e+07 5.690401633245488405e+08
3.403990576672984991e-01 -1.097579036122494489e+08 5.608967747074366808e+08
3.420615673253846745e-01 -1.287191505372139364e+08 5.527585893345457315e+08
3.437240769883058711e-01 -1.493609192821231484e+08 5.446633437561899424e+08
3.453865866559921449e-01 -1.716171362678120434e+08 5.366504134035928845e+08
3.470490963283750507e-01 -1.954185798439580500e+08 5.287606551721955538e+08
3.487116060053874755e-01 -2.206930719504307210e+08 5.210362022241697311e+08
3.503741156869634166e-01 -2.473656716105200946e+08 5.135202043838050365e+08
3.520366253730383144e-01 -2.753588699521415830e+08 5.062565080336571932e+08
3.536991350635486642e-01 -3.045927864403334260e+08 4.992892705673406124e+08
3.553616447584322380e-01 -3.349853660160421133e+08 4.926625063426445723e+08
3.570241544576279180e-01 -3.664525768344363570e+08 4.864195638191269040e+08
3.586866641610758633e-01 -3.989086082979036570e+08 4.806025371930766702e+08
3.603491738687170098e-01 -4.322660690822976828e+08 4.752516203087537885e+08
3.620116835804937372e-01 -4.664361848621324301e+08 4.704044157295733094e+08
3.636741932963493684e-01 -5.013289954344945550e+08 4.660952172556879520e+08
3.653367030162280593e-01 -5.368535509592444897e+08 4.623542893634927273e+08
3.669992127400752979e-01 -5.729181070229736567e+08 4.592071713904591799e+08
3.686617224678372939e-01 -6.094303182512021065e+08 4.566740371098033190e+08
3.703242321994613118e-01 -6.462974301881803274e+08 4.547691410095744133e+08
3.719867419348956150e-01 -6.834264691795133352e+08 4.535003806588599682e+08
3.736492516740893000e-01 -7.207244299869587421e+08 4.528689998741028309e+08
3.753117614169925176e-01 -7.580984608807418346e+08 4.528694502214441299e+08
3.769742711635561405e-01 -7.954560459561384916e+08 4.534894193383170962e+08
3.786367809137318741e-01 -8.327051844273245335e+08 4.547100245584655404e+08
3.802992906674724227e-01 -8.697545666605756283e+08 4.565061604890673757e+08
3.819618004247312126e-01 -9.065137467155226469e+08 4.588469805803421736e+08
3.836243101854625026e-01 -9.428933111673591137e+08 4.616964862255961895e+08
3.852868199496213841e-01 -9.788050439981479645e+08 4.650141930462624431e+08
3.869493297171635593e-01 -1.014162087341178417e+09 4.687558428949297071e+08
3.886118394880457849e-01 -1.048879097884898067e+09 4.728741314952757955e+08
3.902743492622252064e-01 -1.082872398737693787e+09 4.773194250359829068e+08
3.919368590396599683e-01 -1.116060126572673082e+09 4.820404437591229081e+08
3.935993688203087704e-01 -1.148362373875140190e+09 4.869848959704928994e+08
3.952618786041311449e-01 -1.179701326126676559e+09 4.921000513130295873e+08
3.969243883910870685e-01 -1.210001393766027451e+09 4.973332471418632865e+08
3.985868981811374612e-01 -1.239189338782429695e+09 5.026323260905746818e+08
4.002494079742436872e-01 -1.267194395792989492e+09 5.079460062936585546e+08
4.019119177703678880e-01 -1.293948387484210730e+09 5.132241881903207302e+08
4.035744275694727046e-01 -1.319385834287394524e+09 5.184182034601702094e+08
4.052369373715214440e-01 -1.343444058181043386e+09 5.234810125434699655e+08
4.068994471764781906e-01 -1.366063280517038107e+09 5.283673575349678993e+08
4.085619569843071952e-01 -1.387186713778078556e+09 5.330338771391467452e+08
4.102244667949735413e-01 -1.406760647181610823e+09 5.374391899950162172e+08
4.118869766084432005e-01 -1.424734526060785532e+09 5.415439520971702337e+08
4.135494864246819224e-01 -1.441061024954120636e+09 5.453108933853698969e+08
4.152119962436567890e-01 -1.455696114355128765e+09 5.487048378686382771e+08
4.168745060653349932e-01 -1.468599121071286440e+09 5.516927109812600613e+08
4.185370158896842829e-01 -1.479732782166003227e+09 5.542435372242232561e+08
4.201995257166728504e-01 -1.489063292448779106e+09 5.563284305828646421e+08
4.218620355462696647e-01 -1.496560345509768009e+09 5.579205796978087425e+08
4.235245453784438063e-01 -1.502197168279873133e+09 5.589952293454613686e+08
4.251870552131651881e-01 -1.505950549134428978e+09 5.595296594053913355e+08
4.268495650504041117e-01 -1.507800859538986683e+09 5.595031622021147013e+08
4.285120748901312115e-01 -1.507732069273509741e+09 5.588970188450919390e+08
4.301745847323175664e-01 -1.505731755254047632e+09 5.576944750066432953e+08
4.318370945769347546e-01 -1.501791104006037712e+09 5.558807163996651173e+08
4.334996044239549096e-01 -1.495904907821409225e+09 5.534428441111577749e+08
4.351621142733504422e-01 -1.488071554681696892e+09 5.503698498319540024e+08
4.368246241250944295e-01 -1.478293011987200022e+09 5.466525909707258940e+08
4.384871339791597822e-01 -1.466574804195917368e+09 5.422837655653282404e+08
4.401496438355204099e-01 -1.452925984430141926e+09 5.372578868911669254e+08
4.418121536941504446e-01 -1.437359100169350386e+09 5.315712576143731475e+08
4.434746635550242400e-01 -1.419890153102067709e+09 5.252219433510526419e+08
4.451371734181167605e-01 -1.400538553278019190e+09 5.182097454563180804e+08
4.467996832834031928e-01 -1.379327067637591839e+09 5.105361728963873982e+08
4.484621931508591675e-01 -1.356281763088727236e+09 5.022044130278484821e+08
4.501247030204606481e-01 -1.331431944208121300e+09 4.932193011491907835e+08
4.517872128921838204e-01 -1.304810085766384363e+09 4.835872886627479196e+08
4.534497227660054253e-01 -1.276451760154478550e+09 4.733164097358766794e+08
4.551122326419027031e-01 -1.246395559934524536e+09 4.624162463195502758e+08
4.567747425198525613e-01 -1.214683015596549749e+09 4.508978914454339743e+08
4.584372523998329063e-01 -1.181358508767867804e+09 4.387739106822101474e+08
4.600997622818217003e-01 -1.146469180952673912e+09 4.260583017071883678e+08
4.617622721657972384e-01 -1.110064838080761194e+09 4.127664518988394141e+08
4.634247820517383154e-01 -1.072197850928578019e+09 3.989150939430249333e+08
4.650872919396236149e-01 -1.032923051729706407e+09 3.845222593810459971e+08
4.667498018294323758e-01 -9.922976270190746784e+08 3.696072301338520646e+08
4.684123117211442255e-01 -9.503810070686510801e+08 3.541904879475431442e+08
4.700748216147389580e-01 -9.072347519276682138e+08 3.382936618411613703e+08
4.717373315101965336e-01 -8.629224344857195616e+08 3.219394735141639113e+08
4.733998414074974126e-01 -8.175095205128582716e+08 3.051516808478440046e+08
4.750623513066224435e-01 -7.710632461836634874e+08 2.879550194648579359e+08
4.767248612075521974e-01 -7.236524929439672232e+08 2.703751425487874150e+08
4.783873711102680226e-01 -6.753476603609580994e+08 2.524385588893571198e+08
4.800498810147514894e-01 -6.262205366588877439e+08 2.341725694584051371e+08
4.817123909209840571e-01 -5.763441677915939093e+08 2.156052024872578382e+08
4.833749008289477955e-01 -5.257927244889942408e+08 1.967651475540840030e+08
4.850374107386249412e-01 -4.746413684965978861e+08 1.776816887296448648e+08
4.866999206499977859e-01 -4.229661169431816936e+08 1.583846378478013277e+08
4.883624305630492324e-01 -3.708437067818449140e+08 1.389042685643067062e+08
4.900249404777619611e-01 -3.183514571723823547e+08 1.192712547169242650e+08
4.916874503941192631e-01 -2.655671334311156273e+08 9.951661892022800446e+07
4.933499603121045407e-01 -2.125688076261806190e+08 7.967171460889147222e+07
4.950124702317013070e-01 -1.594347246452813745e+08 5.976831878658571094e+07
4.966749801528934083e-01 -1.062431581745142490e+08 3.983923781633794308e+07
4.983374900756649684e-01 -5.307230435765112936e+07 1.992283989735043794e+07
