# r [arcsec]	I [Jy/sr]	I_uncer [Jy/sr]
1.781665003039733814e-04 6.603120546149703369e+11 4.052609995689246368e+10
4.089664612749019834e-04 6.601360159741821289e+11 4.049853827693307495e+10
6.411294207566018083e-04 6.598193953742191162e+11 4.045790721094217682e+10
8.736003397377082192e-04 6.593622705268468018e+11 4.040120659329965973e+10
1.106188075028942831e-03 6.587648465737780762e+11 4.032784519347766876e+10
1.338832338016607629e-03 6.580274007855615234e+11 4.023768526041229248e+10
1.571508191923188169e-03 6.571502772119901123e+11 4.013072449757959747e+10
1.804203474343911689e-03 6.561338855150971680e+11 4.000701948183699799e+10
2.036911551634307434e-03 6.549787004743033447e+11 3.986666104244954681e+10
2.269628499748534752e-03 6.536852616251549072e+11 3.970976457863320923e+10
2.502351849634612546e-03 6.522541729129112549e+11 3.953646562580422974e+10
2.735079970354334280e-03 6.506861023272647705e+11 3.934691755530538177e+10
2.967811741409154443e-03 6.489817815077951660e+11 3.914129024000540924e+10
3.200546367601014158e-03 6.471420053156467285e+11 3.891976919310247803e+10
3.433283269002362567e-03 6.451676313703693848e+11 3.868255495236588287e+10
3.666022012745685701e-03 6.430595795511066895e+11 3.842986259655840302e+10
3.898762269197587893e-03 6.408188314623570557e+11 3.816192133461743927e+10
4.131503782921128881e-03 6.384464298640904541e+11 3.787897413495515442e+10
4.364246352915706652e-03 6.359434780667658691e+11 3.758127737653767395e+10
4.596989818851642852e-03 6.333111392913898926e+11 3.726910051107489777e+10
4.829734051280158529e-03 6.305506359951007080e+11 3.694272573030418396e+10
5.062478944540984953e-03 6.276632491624371338e+11 3.660244763487051392e+10
5.295224411538592552e-03 6.246503175631180420e+11 3.624857290307986450e+10
5.527970379836873865e-03 6.215132369762877197e+11 3.588141995874013519e+10
5.760716788699757340e-03 6.182534593821384277e+11 3.550131863808652496e+10
5.993463586820844610e-03 6.148724921211147461e+11 3.510860985618785858e+10
6.226210730561932381e-03 6.113718970213527832e+11 3.470364527364791107e+10
6.458958182572124840e-03 6.077532894948244629e+11 3.428678696461373901e+10
6.691705910694956128e-03 6.040183376028153076e+11 3.385840708737729645e+10
6.924453887095811423e-03 6.001687610911729736e+11 3.341888755898539352e+10
7.157202087559492304e-03 5.962063303961335449e+11 3.296861973550969696e+10
7.389950490920479780e-03 5.921328656210520020e+11 3.250800409973662186e+10
7.622699078597514923e-03 5.879502354850113525e+11 3.203744995824972153e+10
7.855447834210889380e-03 5.836603562435699463e+11 3.155737515005248260e+10
8.088196743265786345e-03 5.792651905826827393e+11 3.106820576906298447e+10
8.320945792888745710e-03 5.747667464862230225e+11 3.057037590304402542e+10
8.553694971607146008e-03 5.701670760778510742e+11 3.006432739177338409e+10
8.786444269163704371e-03 5.654682744381080322e+11 2.955050960752705002e+10
9.019193676359719969e-03 5.606724783971588135e+11 2.902937926127239227e+10
9.251943184921937458e-03 5.557818653042816162e+11 2.850140023828433228e+10
9.484692787389042284e-03 5.507986517745180664e+11 2.796704346735258484e+10
9.717442477014419031e-03 5.457250924135532837e+11 2.742678682814992523e+10
9.950192247682612331e-03 5.405634785214515381e+11 2.688111510187640381e+10
1.018294209383719014e-02 5.353161367759677124e+11 2.633051997088658905e+10
1.041569201041829019e-02 5.299854278965725708e+11 2.577550007367439651e+10
1.064844199280838045e-02 5.245737452895741577e+11 2.521656112235044479e+10
1.088119203678494622e-02 5.190835136756090698e+11 2.465421609063907623e+10
1.111394213847914300e-02 5.135171876999656372e+11 2.408898548136915207e+10
1.134669229433950960e-02 5.078772505269146118e+11 2.352139768361717606e+10
1.157944250110011161e-02 5.021662124187229614e+11 2.295198943082247925e+10
1.181219275575237648e-02 4.963866093002307739e+11 2.238130637267676163e+10
1.204494305552025746e-02 4.905410013101293335e+11 2.180990377511198044e+10
1.227769339783818872e-02 4.846319713393713379e+11 2.123834736438748169e+10
1.251044378033150210e-02 4.786621235581380005e+11 2.066721433319341278e+10
1.274319420079900005e-02 4.726340819319002075e+11 2.009709452857939911e+10
1.297594465719741248e-02 4.665504887276707764e+11 1.952859184357124710e+10
1.320869514762746354e-02 4.604140030113005981e+11 1.896232583633753204e+10
1.344144567032142142e-02 4.542272991368228149e+11 1.839893360259770966e+10
1.367419622363189209e-02 4.479930652287080688e+11 1.783907192843900681e+10
1.390694680602176138e-02 4.417140016580150146e+11 1.728341975149783707e+10
1.413969741605511539e-02 4.353928195133856812e+11 1.673268095814385033e+10
1.437244805238904050e-02 4.290322390678235474e+11 1.618758754218592453e+10
1.460519871376623167e-02 4.226349882421693115e+11 1.564890314586467934e+10
1.483794939900825657e-02 4.162038010663815918e+11 1.511742699519401360e+10
1.507070010700947531e-02 4.097414161392938843e+11 1.459399822741494179e+10
1.530345083673151710e-02 4.032505750882103882e+11 1.407950058617000580e+10
1.553620158719821835e-02 3.967340210288212891e+11 1.357486742702605247e+10
1.576895235749105686e-02 3.901944970268972168e+11 1.308108692857892418e+10
1.600170314674493124e-02 3.836347445622582397e+11 1.259920733804223824e+10
1.623445395414436360e-02 3.770575019963967896e+11 1.213034199006033134e+10
1.646720477891996937e-02 3.704655030443002930e+11 1.167567371837895203e+10
1.669995562034526371e-02 3.638614752518125610e+11 1.123645812809953880e+10
1.693270647773368817e-02 3.572481384791746216e+11 1.081402501035039139e+10
1.716545735043592882e-02 3.506282033919581909e+11 1.040977696652736092e+10
1.739820823783741477e-02 3.440043699600210571e+11 1.002518408118317986e+10
1.763095913935602832e-02 3.373793259658201294e+11 9.661773273071908951e+09
1.786371005443997823e-02 3.307557455225914307e+11 9.321110816475786209e+09
1.809646098256586719e-02 3.241362876036863403e+11 9.004776539485214233e+09
1.832921192323689122e-02 3.175235945837260132e+11 8.714328474544487000e+09
1.856196287598113615e-02 3.109202907927059937e+11 8.451257368505789757e+09
1.879471384035008921e-02 3.043289810836774902e+11 8.216931536104004860e+09
1.902746481591717498e-02 2.977522494152200317e+11 8.012534062401906013e+09
1.926021580227642652e-02 2.911926574493823853e+11 7.838996183901866913e+09
1.949296679904128152e-02 2.846527431660012207e+11 7.696932480097073555e+09
1.972571780584340614e-02 2.781350194943317261e+11 7.586584803164018631e+09
1.995846882233166114e-02 2.716419729628129578e+11 7.507782137786947250e+09
2.019121984817108875e-02 2.651760623677739868e+11 7.459922449620606422e+09
2.042397088304200373e-02 2.587397174619960632e+11 7.441980049802014351e+09
2.065672192663913290e-02 2.523353376638716125e+11 7.452538534644478798e+09
2.088947297867077904e-02 2.459652907880672302e+11 7.489845768397709846e+09
2.112222403885814781e-02 2.396319117983718872e+11 7.551884544808582306e+09
2.135497510693456710e-02 2.333375015835675659e+11 7.636451112218222618e+09
2.158772618264486950e-02 2.270843257571396484e+11 7.741233837323502541e+09
2.182047726574478513e-02 2.208746134815362244e+11 7.863885625772067070e+09
2.205322835600034836e-02 2.147105563175921936e+11 8.002085761048319817e+09
2.228597945318736007e-02 2.085943071001366577e+11 8.153588987621392250e+09
2.251873055709090882e-02 2.025279788401554871e+11 8.316261518703256607e+09
2.275148166750485396e-02 1.965136436544261169e+11 8.488104975661438942e+09
2.298423278423142660e-02 1.905533317231968079e+11 8.667270035364889145e+09
2.321698390708077167e-02 1.846490302765673218e+11 8.852061862918176651e+09
2.344973503587058361e-02 1.788026826102453918e+11 9.040939377479511261e+09
2.368248617042571433e-02 1.730161871312535706e+11 9.232510173476074219e+09
2.391523731057784707e-02 1.672913964341717834e+11 9.425522605770370483e+09
2.414798845616512521e-02 1.616301164085632935e+11 9.618856218357845306e+09
2.438073960703190934e-02 1.560341053780419006e+11 9.811511394152338028e+09
2.461349076302842692e-02 1.505050732715889587e+11 1.000259884823077393e+10
2.484624192401050854e-02 1.450446808275665588e+11 1.019132938338389397e+10
2.507899308983936940e-02 1.396545388310523987e+11 1.037700417188455009e+10
2.531174426038128311e-02 1.343362073847253876e+11 1.055900571386430359e+10
2.554449543550743953e-02 1.290911952140581665e+11 1.073678954268590546e+10
2.577724661509365328e-02 1.239209590069398346e+11 1.090987669329311371e+10
2.600999779902020068e-02 1.188269027883793793e+11 1.107784691436414337e+10
2.624274898717160465e-02 1.138103773304819183e+11 1.124033258362969208e+10
2.647550017943642656e-02 1.088726795982043152e+11 1.139701327401569366e+10
2.670825137570714131e-02 1.040150522310930176e+11 1.154761091304211807e+10
2.694100257587992223e-02 9.923868306141554260e+10 1.169188547710752678e+10
2.717375377985449536e-02 9.454470466889587402e+10 1.182963116410159302e+10
2.740650498753401804e-02 8.993419397238096619e+10 1.196067299127883911e+10
2.763925619882487764e-02 8.540817185858349609e+10 1.208486376957924461e+10
2.787200741363661874e-02 8.096760284823245239e+10 1.220208141024256134e+10
2.810475863188175230e-02 7.661339479968037415e+10 1.231222652412830544e+10
2.833750985347569321e-02 7.234639865024807739e+10 1.241522027866261673e+10
2.857026107833658679e-02 6.816740819536081696e+10 1.251100248137501144e+10
2.880301230638524293e-02 6.407715990562207031e+10 1.259952986286386490e+10
2.903576353754499725e-02 6.007633278189414215e+10 1.268077453532491302e+10
2.926851477174163829e-02 5.616554824844335175e+10 1.275472260590841866e+10
2.950126600890328604e-02 5.234537008420136261e+10 1.282137292676413155e+10
2.973401724896029830e-02 4.861630439210168457e+10 1.288073596607274628e+10
2.996676849184523594e-02 4.497879960653298187e+10 1.293283278634587479e+10
3.019951973749269644e-02 4.143324653879472351e+10 1.297769411816497421e+10
3.043227098583930687e-02 3.797997846054668427e+10 1.301535951901304626e+10
3.066502223682359557e-02 3.461927122509470367e+10 1.304587660829691505e+10
3.089777349038596785e-02 3.135134342642522049e+10 1.306930037076830292e+10
3.113052474646858456e-02 2.817635659584171677e+10 1.308569252164616585e+10
3.136327600501534474e-02 2.509441543597215652e+10 1.309512092756680107e+10
3.159602726597180583e-02 2.210556809201628494e+10 1.309765907831977463e+10
3.182877852928507612e-02 1.920980645993772888e+10 1.309338560494276428e+10
3.206152979490385635e-02 1.640706653140714264e+10 1.308238384036679649e+10
3.229428106277828364e-02 1.369722877513589668e+10 1.306474141927709770e+10
3.252703233285993145e-02 1.108011855438714790e+10 1.304054991431137657e+10
3.275978360510177489e-02 8.555506580244581223e+09 1.300990450606665802e+10
3.299253487945807972e-02 6.123109400357286453e+09 1.297290368475600433e+10
3.322528615588440926e-02 3.782589922685504436e+09 1.292964898158520317e+10
3.345803743433756888e-02 1.533557973966784239e+09 1.288024472823463821e+10
3.369078871477556442e-02 -6.244291076786456108e+08 1.282479784297989082e+10
3.392353999715751189e-02 -2.691865846313416004e+09 1.276341764223977852e+10
3.415629128144370003e-02 -4.669297968551841736e+09 1.269621567645960999e+10
3.438904256759545142e-02 -6.557321711054039955e+09 1.262330558941881943e+10
3.462179385557514338e-02 -8.356583095898378372e+09 1.254480300016604805e+10
3.485454514534615245e-02 -1.006777717414090729e+10 1.246082540693052673e+10
3.508729643687284044e-02 -1.169164723836552620e+10 1.237149211242755699e+10
3.532004773012049209e-02 -1.322898400463004112e+10 1.227692417014489746e+10
3.555279902505532191e-02 -1.468062476458416748e+10 1.217724435121047974e+10
3.578555032164438404e-02 -1.604745250825269699e+10 1.207257713163319778e+10
3.601830161985562773e-02 -1.733039501832436752e+10 1.196304869970368767e+10
3.625105291965780713e-02 -1.853042393639929962e+10 1.184878698352057076e+10
3.648380422102046050e-02 -1.964855380217879105e+10 1.172992169864567375e+10
3.671655552391393101e-02 -2.068584106602808762e+10 1.160658441602505684e+10
3.694930682830927654e-02 -2.164338307591579056e+10 1.147890865039072227e+10
3.718205813417830435e-02 -2.252231703929232788e+10 1.134702996951747322e+10
3.741480944149350174e-02 -2.332381896085564041e+10 1.121108612475962067e+10
3.764756075022804988e-02 -2.404910255682116699e+10 1.107121720351751900e+10
3.788031206035578219e-02 -2.469941814674037552e+10 1.092756580433487320e+10
3.811306337185118437e-02 -2.527605152344607162e+10 1.078027723558396149e+10
3.834581468468934579e-02 -2.578032280221765518e+10 1.062949973877911568e+10
3.857856599884595949e-02 -2.621358524983750534e+10 1.047538473784592056e+10
3.881131731429732223e-02 -2.657722409457855225e+10 1.031808711580528259e+10
3.904406863102025116e-02 -2.687265531785350037e+10 1.015776552063079262e+10
3.927681994899216711e-02 -2.710132442864744949e+10 9.994582702239347458e+09
3.950957126819099052e-02 -2.726470522138659286e+10 9.828705882889343262e+09
3.974232258859514838e-02 -2.736429851851378632e+10 9.660307163515604019e+09
3.997507391018362277e-02 -2.740163089833297729e+10 9.489563968854202271e+09
4.020782523293579824e-02 -2.737825340948952484e+10 9.316659534513938904e+09
4.044057655683162139e-02 -2.729574027265803146e+10 9.141783439459026337e+09
4.067332788185145515e-02 -2.715568757079652405e+10 8.965132187651119232e+09
4.090607920797608571e-02 -2.695971192860981750e+10 8.786909842893098831e+09
4.113883053518679195e-02 -2.670944918252903748e+10 8.607328721037805557e+09
4.137158186346523436e-02 -2.640655304191801834e+10 8.426610143909394264e+09
4.160433319279348285e-02 -2.605269374284699631e+10 8.244985259138238907e+09
4.183708452315400977e-02 -2.564955669508541107e+10 8.062695929881484985e+09
4.206983585452972463e-02 -2.519884112369976425e+10 7.879995697743936539e+09
4.230258718690382835e-02 -2.470225870597052383e+10 7.697150821220388412e+09
4.253533852025994516e-02 -2.416153220495655060e+10 7.514441390254748344e+09
4.276808985458203927e-02 -2.357839410042207718e+10 7.332162515110237122e+09
4.300084118985443571e-02 -2.295458521852131653e+10 7.150625584162242889e+09
4.323359252606177178e-02 -2.229185336091950607e+10 6.970159580328509331e+09
4.346634386318903170e-02 -2.159195193475193405e+10 6.791112439135961533e+09
4.369909520122153279e-02 -2.085663858408353424e+10 6.613852422483838081e+09
4.393184654014486989e-02 -2.008767382433240128e+10 6.438769470520161629e+09
4.416459787994495706e-02 -1.928681968023614502e+10 6.266276479064279556e+09
4.439734922060802058e-02 -1.845583832886213684e+10 6.096810431351092339e+09
4.463010056212055043e-02 -1.759649074826995850e+10 5.930833289988984108e+09
4.486285190446932802e-02 -1.671053537323069000e+10 5.768832528053460121e+09
4.509560324764139150e-02 -1.579972675867425346e+10 5.611321147401499748e+09
4.532835459162408431e-02 -1.486581425226028061e+10 5.458836999235071182e+09
4.556110593640495809e-02 -1.391054067667432785e+10 5.311941188774565697e+09
4.579385728197185590e-02 -1.293564102307893372e+10 5.171215317460851669e+09
4.602660862831284977e-02 -1.194284115630444145e+10 5.037257298044097900e+09
4.625935997541626155e-02 -1.093385653316732407e+10 4.910675479545500755e+09
4.649211132327062818e-02 -9.910390934492618561e+09 4.792080850125348091e+09
4.672486267186472947e-02 -8.874135212237504959e+09 4.682077158442044258e+09
4.695761402118758115e-02 -7.826766052197485924e+09 4.581248917070928574e+09
4.719036537122839325e-02 -6.769944753771052361e+09 4.490147430832871437e+09
4.742311672197657008e-02 -5.705316027129466057e+09 4.409275222771344185e+09
4.765586807342179348e-02 -4.634506809341662407e+09 4.339069494325715065e+09
4.788861942555385637e-02 -3.559125099698885918e+09 4.279885518556819439e+09
4.812137077836282223e-02 -2.480758815787441730e+09 4.231981080008268833e+09
4.835412213183890723e-02 -1.400974670534290075e+09 4.195503186220011234e+09
4.858687348597250794e-02 -3.213170717235535383e+08 4.170478239447262287e+09
4.881962484075424991e-02 7.566929558274376392e+08 4.156806646951826572e+09
4.905237619617488359e-02 1.831558823945276976e+09 4.154262478826518536e+09
4.928512755222537456e-02 2.901809410526642799e+09 4.162498301876634598e+09
4.951787890889681326e-02 3.966000063191572666e+09 4.181054809557437420e+09
4.975063026618051221e-02 5.022713577196484566e+09 4.209374417467812061e+09
4.998338162406791574e-02 6.070561146025486946e+09 4.246817678760121346e+09
5.021613298255062086e-02 7.108183284807560921e+09 4.292681231431509972e+09
5.044888434162038415e-02 8.134250724991058350e+09 4.346216023771616936e+09
5.068163570126912876e-02 9.147465280490398407e+09 4.406644737733965874e+09
5.091438706148891657e-02 1.014656068373424911e+10 4.473177592967844009e+09
5.114713842227192747e-02 1.113030339193963432e+10 4.545026005818785667e+09
5.137988978361054254e-02 1.209749336204947853e+10 4.621413854839827538e+09
5.161264114549722615e-02 1.304696479473014832e+10 4.701586331991826057e+09
5.184539250792459530e-02 1.397758684588258743e+10 4.784816527486361504e+09
5.207814387088539193e-02 1.488826430618155479e+10 4.870410001024544716e+09
5.231089523437251060e-02 1.577793824706044579e+10 4.957707646424024582e+09
5.254364659837896384e-02 1.664558663381111336e+10 5.046087167531688690e+09
5.277639796289786134e-02 1.749022490416122437e+10 5.134963469140386581e+09
5.300914932792246542e-02 1.831090651317770767e+10 5.223788233088664055e+09
5.324190069344614251e-02 1.910672344278454208e+10 5.312048911380526543e+09
5.347465205946237005e-02 1.987680667692706680e+10 5.399267325181405067e+09
5.370740342596475730e-02 2.062032664062248993e+10 5.484998020976546288e+09
5.394015479294700377e-02 2.133649360406405258e+10 5.568826498793235779e+09
5.417290616040290607e-02 2.202455805003912735e+10 5.650367399568920135e+09
5.440565752832641350e-02 2.268381100591431808e+10 5.729262712851932526e+09
5.463840889671153778e-02 2.331358433844475555e+10 5.805180048598312378e+09
5.487116026555240167e-02 2.391325101286488342e+10 5.877811000050412178e+09
5.510391163484322508e-02 2.448222531436790848e+10 5.946869615327756882e+09
5.533666300457835974e-02 2.501996303373833466e+10 6.012090985017953873e+09
5.556941437475219903e-02 2.552596161506436157e+10 6.073229949106602669e+09
5.580216574535924734e-02 2.599976026757902145e+10 6.130059920261041641e+09
5.603491711639412703e-02 2.644094003941134644e+10 6.182371819847634315e+09
5.626766848785150210e-02 2.684912385559273148e+10 6.229973119030844688e+09
5.650041985972618225e-02 2.722397651789028168e+10 6.272686978585343361e+09
5.673317123201301188e-02 2.756520466915579605e+10 6.310351478158993721e+09
5.696592260470693947e-02 2.787255671959309769e+10 6.342818928141436577e+09
5.719867397780300372e-02 2.814582273785970688e+10 6.369955254796368599e+09
5.743142535129630577e-02 2.838483430434095383e+10 6.391639452430809975e+09
5.766417672518204390e-02 2.858946432974432373e+10 6.407763093880030632e+09
5.789692809945547886e-02 2.875962683614115906e+10 6.418229894134070396e+09
5.812967947411194769e-02 2.889527670405764008e+10 6.422955319250912666e+09
5.836243084914690543e-02 2.899640938233356094e+10 6.421866236545022011e+09
5.859518222455579323e-02 2.906306056490815735e+10 6.414900599063154221e+09
5.882793360033420488e-02 2.909530583085670090e+10 6.402007161476382256e+09
5.906068497647774806e-02 2.909326025228874969e+10 6.383145221132274628e+09
5.929343635298214149e-02 2.905707796611088562e+10 6.358284382472458839e+09
5.952618772984313161e-02 2.898695171478709793e+10 6.327404339129726410e+09
5.975893910705658285e-02 2.888311235160519028e+10 6.290494672879240036e+09
5.999169048461837350e-02 2.874582831623188019e+10 6.247554664170989990e+09
6.022444186252445125e-02 2.857540507551187897e+10 6.198593114308311462e+09
6.045719324077087481e-02 2.837218453601380920e+10 6.143628174246489525e+09
6.068994461935369594e-02 2.813654442260239029e+10 6.082687180902716637e+09
6.092269599826907744e-02 2.786889763039227295e+10 6.015806496052062035e+09
6.115544737751321680e-02 2.756969154353000259e+10 5.943031349501523972e+09
6.138819875708237395e-02 2.723940732923270416e+10 5.864415681550203323e+09
6.162095013697286433e-02 2.687855919941052628e+10 5.780021987251359940e+09
6.185370151718106585e-02 2.648769364966427994e+10 5.689921157254611015e+09
6.208645289770341191e-02 2.606738866658213043e+10 5.594192318606283188e+09
6.231920427853636368e-02 2.561825291477748871e+10 5.492922669904901505e+09
6.255195565967645865e-02 2.514092489288792801e+10 5.386207315124126434e+09
6.278470704112029677e-02 2.463607207192479324e+10 5.274149089931182861e+09
6.301745842286449184e-02 2.410439000312911606e+10 5.156858385895812035e+09
6.325020980490574096e-02 2.354660141116857910e+10 5.034452965610692978e+09
6.348296118724076897e-02 2.296345525711661911e+10 4.907057775424150467e+09
6.371571256986638399e-02 2.235572579020777130e+10 4.774804747685830116e+09
6.394846395277935247e-02 2.172421156932815552e+10 4.637832600846950531e+09
6.418121533597660744e-02 2.106973447729128265e+10 4.496286627806966782e+09
6.441396671945505414e-02 2.039313870423060608e+10 4.350318482925005913e+09
6.464671810321162559e-02 1.969528972861982346e+10 4.200085956085410595e+09
6.487946948724336582e-02 1.897707326598095322e+10 4.045752746975310326e+09
6.511222087154730498e-02 1.823939422113409042e+10 3.887488225233299255e+09
6.534497225612054261e-02 1.748317560552691650e+10 3.725467193418443203e+09
6.557772364096020601e-02 1.670935746560689926e+10 3.559869634695285320e+09
6.581047502606345023e-02 1.591889577180316925e+10 3.390880467633988380e+09
6.604322641142752748e-02 1.511276132851173592e+10 3.218689284825943947e+09
6.627597779704964831e-02 1.429193863716982841e+10 3.043490105973125458e+09
6.650872918292714819e-02 1.345742479433889961e+10 2.865481115015546322e+09
6.674148056905730708e-02 1.261022833019975090e+10 2.684864425471326828e+09
6.697423195543752983e-02 1.175136810298802567e+10 2.501845834224273205e+09
6.720698334206520741e-02 1.088187211200907898e+10 2.316634632743931770e+09
6.743973472893777243e-02 1.000277640024240112e+10 2.129443426618446589e+09
6.767248611605269915e-02 9.115123836120262146e+09 1.940488086782886028e+09
6.790523750340748954e-02 8.219963044295413971e+09 1.749987791667011261e+09
6.813798889099968725e-02 7.318347138366903305e+09 1.558165440994828463e+09
6.837074027882689142e-02 6.411332721393346786e+09 1.365248550784048080e+09
6.860349166688668732e-02 5.499978516557811737e+09 1.171471595320627213e+09
6.883624305517670183e-02 4.585344549902536392e+09 9.770812782960183620e+08
6.906899444369464514e-02 3.668490491800150871e+09 7.823509090363726616e+08
6.930174583243818576e-02 2.750475490962375641e+09 5.876234011304476261e+08
6.953449722140507550e-02 1.832355243186536312e+09 3.934841770204752684e+08
6.976724861059309390e-02 9.151891696489405632e+08 2.018945232154895365e+08
