# r [arcsec]	I [Jy/sr]	I_uncer [Jy/sr]
3.817853577942286435e-04 2.214196577718269043e+11 7.932055844541020393e+09
8.763567027319327674e-04 2.213378180026952820e+11 7.923837667506733894e+09
1.373848758764146562e-03 2.211906442793975525e+11 7.911227690027853966e+09
1.872000728009374105e-03 2.209782105996183472e+11 7.893507435562569618e+09
2.370403017919162775e-03 2.207006669439664917e+11 7.870550662943961143e+09
2.868926438607016099e-03 2.203582134625375061e+11 7.842345359807977676e+09
3.367517554121116606e-03 2.199510978547129822e+11 7.808916785730144501e+09
3.866150302165524862e-03 2.194796146627355347e+11 7.770309102658246040e+09
4.364810467787801768e-03 2.189441048472119751e+11 7.726579438315481186e+09
4.863489642318288321e-03 2.183449553944517517e+11 7.677795495560953140e+09
5.362182534931311979e-03 2.176825989008194275e+11 7.624034405675496101e+09
5.860885650759287309e-03 2.169575131188735352e+11 7.565382087488034248e+09
6.359596588733900518e-03 2.161702204608447876e+11 7.501932834779386520e+09
6.858313644859314814e-03 2.153212874579879761e+11 7.433789014432519913e+09
7.357035576433633081e-03 2.144113241757799683e+11 7.361060821079082489e+09
7.855761455883611410e-03 2.134409835852756653e+11 7.283866061705728531e+09
8.354490576851973313e-03 2.124109608913044128e+11 7.202329956813245773e+09
8.853222391973846611e-03 2.113219928181990051e+11 7.116584951379357338e+09
9.351956470533655252e-03 2.101748568539856873e+11 7.026770532415838242e+09
9.850692468967806731e-03 2.089703704539034424e+11 6.933033051925107002e+09
1.034943010988605312e-02 2.077093902043118286e+11 6.835525555244973183e+09
1.084816916687353708e-02 2.063928109479664917e+11 6.734407615524628639e+09
1.134690945329698206e-02 2.050215648718351135e+11 6.629845175583749771e+09
1.184565081393615729e-02 2.035966205585256653e+11 6.522010398776144028e+09
1.234439311864233592e-02 2.021189820026008606e+11 6.411081530769586563e+09
1.284313625747323696e-02 2.005896875929375305e+11 6.297242774402541161e+09
1.334188013691842492e-02 1.990098090624782410e+11 6.180684179991796494e+09
1.384062467694026355e-02 1.973804504066312256e+11 6.061601553675123215e+09
1.433936980863204785e-02 1.957027467717366028e+11 5.940196386550102234e+09
1.483811547234816473e-02 1.939778633149101257e+11 5.816675807550738335e+09
1.533686161619890985e-02 1.922069940367808533e+11 5.691252563151853561e+09
1.583560819482959792e-02 1.903913605884659729e+11 5.564145027101723671e+09
1.633435516842324242e-02 1.885322110543940735e+11 5.435577243459669113e+09
1.683310250188047377e-02 1.866308187123405151e+11 5.305779006187960625e+09
1.733185016414096405e-02 1.846884807723445435e+11 5.174985978437678337e+09
1.783059812761873808e-02 1.827065170959705505e+11 5.043439854368418694e+09
1.832934636772959314e-02 1.806862688975134277e+11 4.911388565830030441e+09
1.882809486249364950e-02 1.786290974287807312e+11 4.779086535404072762e+09
1.932684359219939696e-02 1.765363826489883423e+11 4.646794976032827377e+09
1.982559253911843344e-02 1.744095218814578857e+11 4.514782235630525589e+09
2.032434168726222901e-02 1.722499284587105103e+11 4.383324182455522537e+09
2.082309102217375085e-02 1.700590303576020813e+11 4.252704623411446571e+09
2.132184053074845376e-02 1.678382688261838379e+11 4.123215742556701660e+09
2.182059020107969191e-02 1.655890970038591614e+11 3.995158540576803207e+09
2.231934002232490236e-02 1.633129785366076965e+11 3.868843247475161552e+09
2.281808998458938198e-02 1.610113861888018188e+11 3.744589669842178345e+09
2.331684007882488252e-02 1.586858004533760681e+11 3.622727420450769901e+09
2.381559029674101477e-02 1.563377081619168701e+11 3.503595961342092991e+09
2.431434063072751561e-02 1.539686010963482056e+11 3.387544372071988583e+09
2.481309107378594850e-02 1.515799746038477478e+11 3.274930732871231556e+09
2.531184161946937669e-02 1.491733262165489807e+11 3.166120989413656235e+09
2.581059226182911420e-02 1.467501542777477112e+11 3.061487144041667461e+09
2.630934299536754131e-02 1.443119565760472107e+11 2.961404601524954796e+09
2.680809381499606875e-02 1.418602289891439209e+11 2.866248491366695404e+09
2.730684471599785501e-02 1.393964641387270813e+11 2.776388800784314156e+09
2.780559569399445111e-02 1.369221500580253143e+11 2.692184191603755474e+09
2.830434674491599453e-02 1.344387688735169525e+11 2.613974449251029015e+09
2.880309786497447372e-02 1.319477955022682343e+11 2.542071629187940598e+09
2.930184905063976455e-02 1.294506963663305969e+11 2.476750125923845291e+09
2.980060029861805390e-02 1.269489281256409912e+11 2.418236082444266319e+09
3.029935160583238293e-02 1.244439364307658081e+11 2.366696760585260391e+09
3.079810296940508133e-02 1.219371546968818207e+11 2.322230669069786549e+09
3.129685438664191882e-02 1.194300029002567749e+11 2.284859350493100166e+09
3.179560585501768621e-02 1.169238863985587769e+11 2.254521718423876762e+09
3.229435737216315716e-02 1.144201947761626129e+11 2.231071684598716736e+09
3.279310893585324349e-02 1.119203007157329102e+11 2.214279527743917942e+09
3.329186054399617400e-02 1.094255588971371765e+11 2.203837069604162693e+09
3.379061219462368981e-02 1.069373049249023743e+11 2.199366309314126968e+09
3.428936388588198908e-02 1.044568542851823730e+11 2.200430804163560867e+09
3.478811561602362934e-02 1.019855013333500824e+11 2.206548840287863731e+09
3.528686738339993634e-02 9.952451831308770752e+10 2.217207346482361317e+09
3.578561918645412759e-02 9.707515440799250793e+10 2.231875565307720661e+09
3.628437102371503964e-02 9.463863482650285339e+10 2.250017672930741310e+09
3.678312289379126465e-02 9.221615992102717590e+10 2.271103780819417477e+09
3.728187479536589077e-02 8.980890434197360229e+10 2.294619006258943558e+09
3.778062672719147835e-02 8.741801622751229858e+10 2.320070524341639996e+09
3.827937868808566069e-02 8.504461642961378479e+10 2.346992688311476707e+09
3.877813067692685578e-02 8.268979777709793091e+10 2.374950420813921452e+09
3.927688269265047077e-02 8.035462437616793823e+10 2.403541140340376854e+09
3.977563473424528678e-02 7.804013094900555420e+10 2.432395506015113831e+09
4.027438680075019067e-02 7.574732221081993103e+10 2.461177252820150852e+09
4.077313889125108032e-02 7.347717228581732178e+10 2.489582360347973824e+09
4.127189100487805434e-02 7.123062416238758850e+10 2.517337760687368393e+09
4.177064314080274066e-02 6.900858918782275391e+10 2.544199751766939163e+09
4.226939529823586783e-02 6.681194660279414368e+10 2.569952245560334682e+09
4.276814747642498221e-02 6.464154311578557587e+10 2.594404948178195477e+09
4.326689967465233155e-02 6.249819251758916473e+10 2.617391541882722855e+09
4.376565189223285968e-02 6.038267533595099640e+10 2.638767917421300411e+09
4.426440412851241624e-02 5.829573853038381195e+10 2.658410488291899681e+09
4.476315638286595261e-02 5.623809522711411285e+10 2.676214605918357849e+09
4.526190865469603003e-02 5.421042449406226349e+10 2.692093085468697071e+09
4.576066094343120283e-02 5.221337115572755432e+10 2.705974845492523193e+09
4.625941324852471392e-02 5.024754564778870392e+10 2.717803660064431667e+09
4.675816556945310010e-02 4.831352391117494965e+10 2.727537019178531647e+09
4.725691790571501932e-02 4.641184732527785492e+10 2.735145091347875595e+09
4.775567025683005729e-02 4.454302268003569794e+10 2.740609781384640217e+09
4.825442262233765184e-02 4.270752218641080475e+10 2.743923875931949139e+09
4.875317500179610769e-02 4.090578352488447571e+10 2.745090269302334785e+09
4.925192739478162496e-02 3.913820993144223022e+10 2.744121262415767193e+09
4.975067980088736241e-02 3.740517032053878021e+10 2.741037928014824867e+09
5.024943221972267421e-02 3.570699944444841766e+10 2.735869535808029175e+09
5.074818465091224251e-02 3.404399808839775085e+10 2.728653031691989422e+09
5.124693709409536974e-02 3.241643330078627014e+10 2.719432565704337120e+09
5.174568954892525691e-02 3.082453865783531570e+10 2.708259063834362984e+09
5.224444201506837221e-02 2.926851456187783432e+10 2.695189839248032570e+09
5.274319449220376405e-02 2.774852857253387451e+10 2.680288238869287968e+09
5.324194698002251286e-02 2.626471576994354630e+10 2.663623321579485893e+09
5.374069947822721072e-02 2.481717914922079468e+10 2.645269564558235168e+09
5.423945198653130906e-02 2.340599004520386887e+10 2.625306594480607510e+09
5.473820450465879256e-02 2.203118858664340973e+10 2.603818940412705421e+09
5.523695703234354076e-02 2.069278417881707764e+10 2.580895805300533772e+09
5.573570956932899501e-02 1.939075601364918900e+10 2.556630852926773548e+09
5.623446211536771433e-02 1.812505360629452896e+10 2.531122007118320465e+09
5.673321467022091058e-02 1.689559735718637466e+10 2.504471259814352036e+09
5.723196723365815697e-02 1.570227913847325134e+10 2.476784484355452538e+09
5.773071980545696480e-02 1.454496290380060387e+10 2.448171250029268742e+09
5.822947238540247816e-02 1.342348532031803894e+10 2.418744633501646519e+09
5.872822497328716862e-02 1.233765642182975578e+10 2.388621022289778709e+09
5.922697756891044663e-02 1.128726028193808937e+10 2.357919904894208908e+09
5.972573017207845336e-02 1.027205570606847763e+10 2.326763641623137951e+09
6.022448278260374155e-02 9.291776941197460175e+09 2.295277209528637886e+09
6.072323540030504646e-02 8.346134402146474838e+09 2.263587914273674965e+09
6.122198802500695980e-02 7.434815413257947922e+09 2.231825061190170765e+09
6.172074065653979785e-02 6.557484964280608177e+09 2.200119577345284939e+09
6.221949329473926843e-02 5.713786479284794807e+09 2.168603576163528919e+09
6.271824593944635984e-02 4.903342597424324036e+09 2.137409856155778885e+09
6.321699859050702863e-02 4.125755964357373238e+09 2.106671325677018642e+09
6.371575124777206778e-02 3.380610033142522335e+09 2.076520346487515211e+09
6.421450391109692624e-02 2.667469873431814194e+09 2.047087990348838568e+09
6.471325658034147998e-02 1.985882987776583672e+09 2.018503205045700073e+09
6.521200925536993487e-02 1.335380133882169247e+09 1.990891889182742834e+09
6.571076193605054905e-02 7.154761516381170750e+08 1.964375878905949593e+09
6.620951462225563300e-02 1.256707937789293230e+08 1.939071854319853067e+09
6.670826731386124420e-02 -4.345504409733039737e+08 1.915090178716422319e+09
6.720702001074717324e-02 -9.657154734209949970e+08 1.892533689588557243e+09
6.770577271279670795e-02 -1.468364809159081697e+09 1.871496466443774462e+09
6.820452541989659168e-02 -1.943050704723030567e+09 1.852062606228843451e+09
6.870327813193682909e-02 -2.390336335671906948e+09 1.834305042186194181e+09
6.920203084881058897e-02 -2.810794967707944870e+09 1.818284445613414049e+09
6.970078357041413486e-02 -3.205009131837065697e+09 1.804048251716255188e+09
7.019953629664664463e-02 -3.573569804634887218e+09 1.791629850063729048e+09
7.069828902741015497e-02 -3.917075594580105782e+09 1.781047976774753571e+09
7.119704176260943651e-02 -4.236131935473217010e+09 1.772306339434982538e+09
7.169579450215192440e-02 -4.531350287848427773e+09 1.765393497117388964e+09
7.219454724594762118e-02 -4.803347349349086761e+09 1.760283007280864477e+09
7.269329999390894415e-02 -5.052744274920686722e+09 1.756933839566471338e+09
7.319205274595076693e-02 -5.280165907737883568e+09 1.755291044521604776e+09
7.369080550199023916e-02 -5.486240021649885178e+09 1.755286654085393429e+09
7.418955826194671699e-02 -5.671596576018546104e+09 1.756840781146647215e+09
7.468831102574174929e-02 -5.836866983660758972e+09 1.759862878362767458e+09
7.518706379329892497e-02 -5.982683392704079628e+09 1.764253112114072323e+09
7.568581656454390072e-02 -6.109677983011640549e+09 1.769903806093770027e+09
7.618456933940424836e-02 -6.218482277912455559e+09 1.776700910386766434e+09
7.668332211780938545e-02 -6.309726471824224472e+09 1.784525455585274458e+09
7.718207489969061696e-02 -6.384038774445188522e+09 1.793254956900735617e+09
7.768082768498101032e-02 -6.442044772018276215e+09 1.802764739762266874e+09
7.817958047361525664e-02 -6.484366806289623260e+09 1.812929165371915102e+09
7.867833326552983730e-02 -6.511623371582062721e+09 1.823622741597233772e+09
7.917708606066273247e-02 -6.524428530531302452e+09 1.834721110972432613e+09
7.967583885895349050e-02 -6.523391348849008560e+09 1.846101913172827005e+09
8.017459166034320017e-02 -6.509115349572655678e+09 1.857645523932746172e+09
8.067334446477437970e-02 -6.482197987092905045e+09 1.869235675978479624e+09
8.117209727219094895e-02 -6.443230141358939171e+09 1.880759970130114794e+09
8.167085008253824330e-02 -6.392795632466691017e+09 1.892110286442739487e+09
8.216960289576287491e-02 -6.331470755957640648e+09 1.903183106170690060e+09
8.266835571181276043e-02 -6.259823838973379135e+09 1.913879755668190718e+09
8.316710853063710718e-02 -6.178414817505592346e+09 1.924106583149213076e+09
8.366586135218623266e-02 -6.087794834819245338e+09 1.933775078731309891e+09
8.416461417641177278e-02 -5.988505861228826523e+09 1.942801947421647072e+09
8.466336700326639042e-02 -5.881080335214728355e+09 1.951109143830696344e+09
8.516211983270388641e-02 -5.766040826012007713e+09 1.958623876439870358e+09
8.566087266467917183e-02 -5.643899717571166992e+09 1.965278588298178911e+09
8.615962549914812918e-02 -5.515158913965307236e+09 1.971010920099241495e+09
8.665837833606775120e-02 -5.380309566077962875e+09 1.975763660730554342e+09
8.715713117539596044e-02 -5.239831819576433182e+09 1.979484689594931364e+09
8.765588401709159538e-02 -5.094194583944889069e+09 1.982126914318044662e+09
8.815463686111453534e-02 -4.943855322514593124e+09 1.983648206820289135e+09
8.865338970742549229e-02 -4.789259863208690643e+09 1.984011340229088545e+09
8.915214255598602477e-02 -4.630842229887658119e+09 1.983183928631992817e+09
8.965089540675859336e-02 -4.469024493937916756e+09 1.981138371320455551e+09
9.014964825970653295e-02 -4.304216645944216728e+09 1.977851802840685129e+09
9.064840111479390006e-02 -4.136816487042782307e+09 1.973306049945913076e+09
9.114715397198557001e-02 -3.967209539732027531e+09 1.967487596316104412e+09
9.164590683124720916e-02 -3.795768977686018944e+09 1.960387555785197496e+09
9.214465969254520550e-02 -3.622855574314567089e+09 1.952001654676908016e+09
9.264341255584664092e-02 -3.448817669559053421e+09 1.942330223785042048e+09
9.314216542111934671e-02 -3.273991154625907898e+09 1.931378200455982924e+09
9.364091828833184805e-02 -3.098699474104131222e+09 1.919155141209648132e+09
9.413967115745328074e-02 -2.923253645141839504e+09 1.905675245291910172e+09
9.463842402845347446e-02 -2.747952293073355675e+09 1.890957389549377203e+09
9.513717690130289728e-02 -2.573081703149392128e+09 1.875025174982434034e+09
9.563592977597260014e-02 -2.398915887737243652e+09 1.857906985328065157e+09
9.613468265243425848e-02 -2.225716668590795040e+09 1.839636057966309071e+09
9.663343553066011671e-02 -2.053733773552256107e+09 1.820250567395326853e+09
9.713218841062302988e-02 -1.883204947256641865e+09 1.799793721408429384e+09
9.763094129229632490e-02 -1.714356075167106867e+09 1.778313869956280470e+09
9.812969417565396701e-02 -1.547401320506426334e+09 1.755864626444751501e+09
9.862844706067037948e-02 -1.382543273386408567e+09 1.732505000900030613e+09
9.912719994732054063e-02 -1.219973111692850113e+09 1.708299543972458124e+09
9.962595283557990067e-02 -1.059870773004858613e+09 1.683318500152305126e+09
1.001247057254244094e-01 -9.024051371099425554e+08 1.657637967743021727e+09
1.006234586168305301e-01 -7.477342183715348244e+08 1.631340062084224463e+09
1.011222115097751006e-01 -5.960053675171610117e+08 1.604513077139840126e+09
1.016209644042355004e-01 -4.473554820873800516e+08 1.577251638832033396e+09
1.021197173001895525e-01 -3.019112251314388514e+08 1.549656841340072632e+09
1.026184701976153857e-01 -1.597892513700200617e+08 1.521836354939840317e+09
1.031172230964917530e-01 -2.109644042726957053e+07 1.493904490800748348e+09
1.036159759967976435e-01 1.140698636427638233e+08 1.465982204461507320e+09
1.041147288985125041e-01 2.456216069304198325e+08 1.438197015554711580e+09
1.046134818016162260e-01 3.734797751089770794e+08 1.410682816816328526e+09
1.051122347060890333e-01 4.975741381161974669e+08 1.383579540833025455e+09
1.056109876119114832e-01 6.178429908417350054e+08 1.357032648662861109e+09
1.061097405190646048e-01 7.342328901619938612e+08 1.331192401141321898e+09
1.066084934275296492e-01 8.466983891003459692e+08 1.306212872082044125e+09
1.071072463372883810e-01 9.552017683995077610e+08 1.282250663909537077e+09
1.076059992483227451e-01 1.059712766291935921e+09 1.259463291624195337e+09
1.081047521606150891e-01 1.160208306720783472e+09 1.238007211862371445e+09
1.086035050741481073e-01 1.256672226777363062e+09 1.218035491076493025e+09
1.091022579889047994e-01 1.349095003577652931e+09 1.199695131305233717e+09
1.096010109048684150e-01 1.437473481328699827e+09 1.183124102979176283e+09
1.100997638220225922e-01 1.521810598766976833e+09 1.168448170216705799e+09
1.105985167403511771e-01 1.602115117707123995e+09 1.155777631385056973e+09
1.110972696598383908e-01 1.678401352835143566e+09 1.145204131689642906e+09
1.115960225804686762e-01 1.750688903474982500e+09 1.136797728773265362e+09
1.120947755022267678e-01 1.819002387408026695e+09 1.130604401164827585e+09
1.125935284250977608e-01 1.883371177472627640e+09 1.126644177852142334e+09
1.130922813490668338e-01 1.943829140952787638e+09 1.124910034137904644e+09
1.135910342741195678e-01 2.000414382490623713e+09 1.125367645940623760e+09
1.140897872002417102e-01 2.053168990460947037e+09 1.127956028698848724e+09
1.145885401274193555e-01 2.102138787540003538e+09 1.132589016499575615e+09
1.150872930556387369e-01 2.147373085345370770e+09 1.139157472887028456e+09
1.155860459848864208e-01 2.188924443865539551e+09 1.147532075087577581e+09
1.160847989151490428e-01 2.226848435505887985e+09 1.157566484682351351e+09
1.165835518464137244e-01 2.261203414450731754e+09 1.169100710781347752e+09
1.170823047786675453e-01 2.292050291103384018e+09 1.181964485220093012e+09
1.175810577118979877e-01 2.319452312318032742e+09 1.195980497103828669e+09
1.180798106460926172e-01 2.343474847088418007e+09 1.210967370968523741e+09
1.185785635812393324e-01 2.364185178437042713e+09 1.226742311584579706e+09
1.190773165173261150e-01 2.381652301074594021e+09 1.243123375334567308e+09
1.195760694543412384e-01 2.395946725592948914e+09 1.259931358596122742e+09
1.200748223922731006e-01 2.407140288678415775e+09 1.276991317497041941e+09
1.205735753311103498e-01 2.415305970132146358e+09 1.294133749174252748e+09
1.210723282708418003e-01 2.420517716077723026e+09 1.311195474525592804e+09
1.215710812114564193e-01 2.422850269197439194e+09 1.328020266078691721e+09
1.220698341529434239e-01 2.422379005262295246e+09 1.344459265069247007e+09
1.225685870952921419e-01 2.419179776834897518e+09 1.360371228685812473e+09
1.230673400384920679e-01 2.413328763324572086e+09 1.375622644660517931e+09
1.235660929825329463e-01 2.404902328305222511e+09 1.390087744849603176e+09
1.240648459274045767e-01 2.393976883164806366e+09 1.403648444826722622e+09
1.245635988730970228e-01 2.380628758076441288e+09 1.416194231022506475e+09
1.250623518196004869e-01 2.364934079211234093e+09 1.427622013090114117e+09
1.255611047669052682e-01 2.346968653285377026e+09 1.437835954680309534e+09
1.260598577150018329e-01 2.326807858211515903e+09 1.446747293190762043e+09
1.265586106638808828e-01 2.304526541043300152e+09 1.454274155668497086e+09
1.270573636135331197e-01 2.280198921838080406e+09 1.460341376594676495e+09
1.275561165639495509e-01 2.253898504746793747e+09 1.464880320787947893e+09
1.280548695151212391e-01 2.225697994770761013e+09 1.467828714134786129e+09
1.285536224670393302e-01 2.195669221657238483e+09 1.469130482971141577e+09
1.290523754196952477e-01 2.163883069159796238e+09 1.468735603086642981e+09
1.295511283730804153e-01 2.130409411328421354e+09 1.466599957791755915e+09
1.300498813271864784e-01 2.095317053818468809e+09 1.462685205118505001e+09
1.305486342820051382e-01 2.058673682102063656e+09 1.456958652858628988e+09
1.310473872375283177e-01 2.020545814297316551e+09 1.449393141128763914e+09
1.315461401937479402e-01 1.980998760790159941e+09 1.439966930805458546e+09
1.320448931506560952e-01 1.940096588001514912e+09 1.428663597452933550e+09
1.325436461082451223e-01 1.897902088856852531e+09 1.415471928928920984e+09
1.330423990665072775e-01 1.854476756871990919e+09 1.400385826404738426e+09
1.335411520254350393e-01 1.809880766871073723e+09 1.383404206928233624e+09
1.340399049850209690e-01 1.764172958735054493e+09 1.364530907482887745e+09
1.345386579452577391e-01 1.717410827747090340e+09 1.343774588645320892e+09
1.350374109061381611e-01 1.669650517307317257e+09 1.321148638082095623e+09
1.355361638676551295e-01 1.620946818284109831e+09 1.296671071947750568e+09
1.360349168298016498e-01 1.571353169962028503e+09 1.270364434769153833e+09
1.365336697925707832e-01 1.520921667775346756e+09 1.242255695790616751e+09
1.370324227559557295e-01 1.469703071733089685e+09 1.212376142772763968e+09
1.375311757199498552e-01 1.417746821924819469e+09 1.180761271060998917e+09
1.380299286845465268e-01 1.365101053629845619e+09 1.147450669398556709e+09
1.385286816497391937e-01 1.311812620018951416e+09 1.112487900048358440e+09
1.390274346155215002e-01 1.257927113117951393e+09 1.075920375291662455e+09
1.395261875818870623e-01 1.203488893183418989e+09 1.037799227478023529e+09
1.400249405488296905e-01 1.148541114624691248e+09 9.981791754698189497e+08
1.405236935163432510e-01 1.093125761626255274e+09 9.571183840708966255e+08
1.410224464844216652e-01 1.037283678037554860e+09 9.146783203467216492e+08
1.415211994530589656e-01 9.810546089710817337e+08 8.709236025764070749e+08
1.420199524222492404e-01 9.244772334830254316e+08 8.259218472984483242e+08
1.425187053919866886e-01 8.675892121618416309e+08 7.797435089829617739e+08
1.430174583622656481e-01 8.104272210891170502e+08 7.324617202694655657e+08
1.435162113330804012e-01 7.530270059583693743e+08 6.841521256766710281e+08
1.440149643044254246e-01 6.954234151458411217e+08 6.348927211758577824e+08
1.445137172762951949e-01 6.376504619770591259e+08 5.847636908157470226e+08
1.450124702486843276e-01 5.797413533199883699e+08 5.338472623529297709e+08
1.455112232215874657e-01 5.217285640859839916e+08 4.822275741215438247e+08
1.460099761949993080e-01 4.636438542654634714e+08 4.299906021681572795e+08
1.465087291689147475e-01 4.055183662690277100e+08 3.772241642620485425e+08
1.470074821433285939e-01 3.473826130506737828e+08 3.240181665372191668e+08
1.475062351182357678e-01 2.892666301149496436e+08 2.704653415319521427e+08
1.480049880936313567e-01 2.311998776227502227e+08 2.166635438681258559e+08
1.485037410695103921e-01 1.732115839228200614e+08 1.627229963299046457e+08
1.490024940458680169e-01 1.153302647802959383e+08 1.087962685399036705e+08
1.495012470226994572e-01 5.758623697854872048e+07 5.527798611244396865e+07
