# r [arcsec]	I [Jy/sr]	I_uncer [Jy/sr]
1.272617859314095550e-03 2.724675452836065674e+10 1.115575784529536486e+09
2.921189009106442414e-03 2.723263553784149170e+10 1.114392706811315536e+09
4.579495862547155495e-03 2.720724855927873611e+10 1.112391229978589058e+09
6.240002426697914550e-03 2.717061221260004044e+10 1.109532685888051271e+09
7.901343393063876494e-03 2.712276081123977280e+10 1.105814255398505449e+09
9.563088128690054243e-03 2.706373988958567429e+10 1.101241031309767246e+09
1.122505851373705593e-02 2.699360572627952576e+10 1.095821571912443638e+09
1.288716767388508287e-02 2.691242519202893066e+10 1.089566838081134796e+09
1.454936822595933807e-02 2.682027564042947006e+10 1.082489837436432600e+09
1.621163214106096165e-02 2.671724479874465179e+10 1.074605467745790720e+09
1.787394178310437384e-02 2.660343064925772858e+10 1.065930429187576294e+09
1.953628550253095827e-02 2.647894129868989563e+10 1.056483163758112550e+09
2.119865529577967186e-02 2.634389483500973129e+10 1.046283806147016525e+09
2.286104548286438387e-02 2.619841917152587891e+10 1.035354139513096452e+09
2.452345192144544592e-02 2.604265187838121796e+10 1.023717553235586166e+09
2.618587151961204035e-02 2.587674000165860367e+10 1.011399001328659415e+09
2.784830192283991451e-02 2.570083987036115646e+10 9.984249609794961214e+08
2.951074130657948408e-02 2.551511689157065582e+10 9.848233910649199486e+08
3.117318823511218417e-02 2.531974533410269928e+10 9.706236907094165087e+08
3.283564156322602012e-02 2.511490810101097488e+10 9.558566580677106380e+08
3.449810036628684490e-02 2.490079649130334091e+10 9.405544495776177645e+08
3.616056388957845924e-02 2.467760995125461197e+10 9.247505399651868343e+08
3.782303151098994481e-02 2.444555581571732330e+10 9.084796832963595390e+08
3.948550271312052662e-02 2.420484903984312820e+10 8.917778753683321476e+08
4.114797706214112089e-02 2.395571192165067673e+10 8.746823177128028870e+08
4.281045419157746001e-02 2.369837381587604523e+10 8.572313834491397142e+08
4.447293378972808769e-02 2.343307083957229614e+10 8.394645851693643332e+08
4.613541558980088775e-02 2.316004556991619873e+10 8.214225449565212727e+08
4.779789936210682849e-02 2.287954673471063995e+10 8.031469665298542976e+08
4.946038490782722619e-02 2.259182889606339264e+10 7.846806093610582352e+08
5.112287205399637657e-02 2.229715212775048065e+10 7.660672644140481949e+08
5.278536064943199074e-02 2.199578168675754166e+10 7.473517309083924294e+08
5.444785056141081270e-02 2.168798767952865601e+10 7.285797931867811680e+08
5.611034167293492414e-02 2.137404472342498016e+10 7.097981963599961996e+08
5.777283388046990098e-02 2.105423160393322754e+10 6.910546188995461464e+08
5.943532709206246489e-02 2.072883092814353561e+10 6.723976397264540195e+08
6.109782122576532665e-02 2.039812877503193665e+10 6.538766965969915390e+08
6.276031620831216962e-02 2.006241434308367157e+10 6.355420316983449459e+08
6.442281197399798987e-02 1.972197959579177475e+10 6.174446193430967331e+08
6.608530846372812073e-02 1.937711890556667709e+10 5.996360695017105341e+08
6.774780562420743002e-02 1.902812869659490967e+10 5.821684996787110567e+08
6.941030340724584080e-02 1.867530708717935944e+10 5.650943663880138397e+08
7.107280176916151715e-02 1.831895353209509659e+10 5.484662463360265493e+08
7.273530067026563739e-02 1.795936846548450089e+10 5.323365565497021675e+08
7.439780007441634813e-02 1.759685294482390213e+10 5.167572023336944580e+08
7.606029994863128252e-02 1.723170829647177887e+10 5.017791424183280468e+08
7.772280026274960840e-02 1.686423576331808090e+10 4.874518623395924568e+08
7.938530098913672284e-02 1.649473615503618622e+10 4.738227503704626560e+08
8.104780210242505667e-02 1.612350950143728638e+10 4.609363755600690246e+08
8.271030357928650656e-02 1.575085470941773224e+10 4.488336748528077602e+08
8.437280539823126257e-02 1.537706922397282028e+10 4.375510658126132488e+08
8.603530753943039455e-02 1.500244869375686073e+10 4.271195127096710801e+08
8.769780998455847798e-02 1.462728664163620758e+10 4.175635856669207811e+08
8.936031271665356712e-02 1.425187414068928337e+10 4.089005636787902713e+08
9.102281571999285004e-02 1.387649949608748817e+10 4.011396406405755877e+08
9.268531897998151525e-02 1.350144793327165794e+10 3.942812969513354301e+08
9.434782248305331742e-02 1.312700129283918381e+10 3.883168959937710166e+08
9.601032621658157906e-02 1.275343773252767563e+10 3.832285539247178435e+08
9.767283016879922675e-02 1.238103143667837143e+10 3.789893131228983998e+08
9.933533432872686253e-02 1.201005233353686333e+10 3.755636262099427581e+08
1.009978386861079547e-01 1.164076582074167824e+10 3.729081319262078404e+08
1.026603432313502873e-01 1.127343249932719803e+10 3.709726800739966631e+08
1.043228479554730720e-01 1.090830791655681801e+10 3.697015437992127538e+08
1.059853528500589448e-01 1.054564231788080788e+10 3.690347461992228627e+08
1.076478579072105424e-01 1.018568040829722023e+10 3.689094256165202856e+08
1.093103631195108394e-01 9.828661123378473282e+09 3.692611693994830847e+08
1.109728684799872744e-01 9.474817410202587128e+09 3.700252575086380839e+08
1.126353739820789568e-01 9.124376018417545319e+09 3.711377725889716744e+08
1.142978796196066349e-01 8.777557301640001297e+09 3.725365494328157306e+08
1.159603853867454265e-01 8.434575029380383492e+09 3.741619519937998652e+08
1.176228912779997832e-01 8.095636209656456947e+09 3.759574788473127484e+08
1.192853972881804531e-01 7.760940922450361252e+09 3.778702075340400338e+08
1.209479034123834701e-01 7.430682164135698318e+09 3.798510944986124039e+08
1.226104096459709192e-01 7.105045702988124847e+09 3.818551506964206100e+08
1.242729159845529646e-01 6.784209945868619919e+09 3.838415139689214826e+08
1.259354224239715991e-01 6.468345816159053802e+09 3.857734386261389256e+08
1.275979289602855449e-01 6.157616642996095657e+09 3.876182209216850996e+08
1.292604355897561952e-01 5.852178061848179817e+09 3.893470767619372606e+08
1.309229423088349165e-01 5.552177926446449280e+09 3.909349854264789820e+08
1.325854491141509606e-01 5.257756232073143959e+09 3.923605105520767570e+08
1.342479560025006402e-01 4.969045050185073853e+09 3.936056073047239184e+08
1.359104629708369483e-01 4.686168474339074135e+09 3.946554226173375845e+08
1.375729700162601765e-01 4.409242577362424850e+09 3.954980936344220042e+08
1.392354771360091448e-01 4.138375379698662758e+09 3.961245480748356581e+08
1.408979843274529020e-01 3.873666828839270115e+09 3.965283090761228204e+08
1.425604915880832879e-01 3.615208789738322258e+09 3.967053061814191341e+08
1.442229989155077718e-01 3.363085046088565350e+09 3.966536934381684065e+08
1.458855063074428748e-01 3.117371312322146416e+09 3.963736750572140217e+08
1.475480137617080634e-01 2.878135256187176704e+09 3.958673386991949677e+08
1.492105212762198374e-01 2.645436531731821537e+09 3.951384961844307184e+08
1.508730288489867621e-01 2.419326822517328262e+09 3.941925312363432050e+08
1.525355364781040279e-01 2.199849894865843773e+09 3.930362537495663166e+08
1.541980441617490649e-01 1.987041660937531471e+09 3.916777600052968264e+08
1.558605518981770188e-01 1.780930251416652679e+09 3.901262982261847854e+08
1.575230596857167542e-01 1.581536097575083971e+09 3.883921388625717759e+08
1.591855675227668576e-01 1.388872022473425865e+09 3.864864490237268806e+08
1.608480754077921959e-01 1.202943341042672873e+09 3.844211705070064664e+08
1.625105833393203636e-01 1.023747968785667658e+09 3.822089009320657849e+08
1.641730913159387406e-01 8.512765388238632679e+08 3.798627775524983406e+08
1.658355993362912173e-01 6.855125270068953037e+08 3.773963633936916590e+08
1.674981073990755853e-01 5.264323847948799729e+08 3.748235354509814382e+08
1.691606155030408176e-01 3.740056796143441796e+08 3.721583747763365507e+08
1.708231236469845982e-01 2.281952423814806342e+08 3.694150583839685321e+08
1.724856318297508795e-01 8.895732188130086660e+07 3.666077530140467882e+08
1.741481400502279120e-01 -4.375825431641269475e+07 3.637505109087435007e+08
1.758106483073458848e-01 -1.700079127291545868e+08 3.608571678736289740e+08
1.774731566000750660e-01 -2.898541609480345249e+08 3.579412440182350278e+08
1.791356649274240265e-01 -4.033654090738025904e+08 3.550158476886892915e+08
1.807981732884377246e-01 -5.106157859368927479e+08 3.520935832195639610e+08
1.824606816821959798e-01 -6.116849504412358999e+08 3.491864632373307943e+08
1.841231901078118072e-01 -7.066578983735815287e+08 3.463058263375399113e+08
1.857856985644300296e-01 -7.956247650211609602e+08 3.434622610291129351e+08
1.874482070512257237e-01 -8.786806239409043789e+08 3.406655368846120834e+08
1.891107155674030538e-01 -9.559252822266727686e+08 3.379245438511785865e+08
1.907732241121938566e-01 -1.027463072617040873e+09 3.352472406583079696e+08
1.924357326848565586e-01 -1.093402642788674355e+09 3.326406132026788592e+08
1.940982412846749550e-01 -1.153856742176881075e+09 3.301106436954908967e+08
1.957607499109572380e-01 -1.208942006665273666e+09 3.276622912241750956e+08
1.974232585630348313e-01 -1.258778741481335163e+09 3.252994842106256485e+08
1.990857672402615297e-01 -1.303490702635254622e+09 3.230251250468909144e+08
2.007482759420124996e-01 -1.343204877232682705e+09 3.208411069630318284e+08
2.024107846676835298e-01 -1.378051262991548777e+09 3.187483429396091104e+08
2.040732934166899215e-01 -1.408162647285050869e+09 3.167468062277673483e+08
2.057358021884660160e-01 -1.433674386033422709e+09 3.148355817956571579e+08
2.073983109824642512e-01 -1.454724182755707741e+09 3.130129277884408832e+08
2.090608197981545235e-01 -1.471451868092909098e+09 3.112763458838404417e+08
2.107233286350234380e-01 -1.483999180104707718e+09 3.096226592512542009e+08
2.123858374925735870e-01 -1.492509545637134075e+09 3.080480966882395744e+08
2.140483463703231337e-01 -1.497127863050406694e+09 3.065483814175254107e+08
2.157108552678049240e-01 -1.498000286592676401e+09 3.051188229820465446e+08
2.173733641845664311e-01 -1.495274012692781210e+09 3.037544106738053560e+08
2.190358731201685061e-01 -1.489097068444766521e+09 3.024499069730454087e+08
2.206983820741854618e-01 -1.479618102540504694e+09 3.011999395502190590e+08
2.223608910462041566e-01 -1.466986178908335447e+09 2.999990904907901287e+08
2.240234000358239386e-01 -1.451350573298471451e+09 2.988419815332795978e+08
2.256859090426557024e-01 -1.432860573053804636e+09 2.977233542573477030e+08
2.273484180663219723e-01 -1.411665280293207884e+09 2.966381443149009943e+08
2.290109271064561247e-01 -1.387913418725328445e+09 2.955815489548575878e+08
2.306734361627020280e-01 -1.361753144304190397e+09 2.945490872479954362e+08
2.323359452347137921e-01 -1.333331859925276518e+09 2.935366525655924678e+08
2.339984543221555469e-01 -1.302796034355335951e+09 2.925405570026181936e+08
2.356609634247005536e-01 -1.270291025575916052e+09 2.915575675600612760e+08
2.373234725420314828e-01 -1.235960908714293718e+09 2.905849340107557178e+08
2.389859816738397480e-01 -1.199948308724089861e+09 2.896204084690695405e+08
2.406484908198254224e-01 -1.162394237968310118e+09 2.886622567665994763e+08
2.423109999796965175e-01 -1.123437938848663092e+09 2.877092618074342608e+08
2.439735091531692601e-01 -1.083216731614885807e+09 2.867607191359165311e+08
2.456360183399674824e-01 -1.041865867477193594e+09 2.858164250025191307e+08
2.472985275398224547e-01 -9.995183871371884346e+08 2.848766572601711154e+08
2.489610367524725254e-01 -9.563049848410823345e+08 2.839421494655936360e+08
2.506235459776631203e-01 -9.123538780502648354e+08 2.830140586017609835e+08
2.522860552151463542e-01 -8.677906828140316010e+08 2.820939268787329197e+08
2.539485644646808371e-01 -8.227382949220305681e+08 2.811836381124778390e+08
2.556110737260313126e-01 -7.773167768998085260e+08 2.802853692265064120e+08
2.572735829989687417e-01 -7.316432509075890779e+08 2.794015374680695534e+08
2.589360922832700251e-01 -6.858317975875140429e+08 2.785347439807905555e+08
2.605986015787175591e-01 -6.399933609001970291e+08 2.776877144267789125e+08
2.622611108850994577e-01 -5.942356589781304598e+08 2.768632374025145769e+08
2.639236202022091082e-01 -5.486631010187418461e+08 2.760641014427344799e+08
2.655861295298450053e-01 -5.033767102276625037e+08 2.752930314517944455e+08
2.672486388678106950e-01 -4.584740528172897100e+08 2.745526254404860139e+08
2.689111482159146083e-01 -4.140491730540567040e+08 2.738452924752173424e+08
2.705736575739698391e-01 -3.701925343434212804e+08 2.731731927618527412e+08
2.722361669417941443e-01 -3.269909663294373751e+08 2.725381807872974277e+08
2.738986763192096108e-01 -2.845276179820142388e+08 2.719417524232867360e+08
2.755611857060425440e-01 -2.428819166333029568e+08 2.713849968601205349e+08
2.772236951021236906e-01 -2.021295329208200574e+08 2.708685541786703467e+08
2.788862045072874607e-01 -1.623423515844703317e+08 2.703925792904261351e+08
2.805487139213725944e-01 -1.235884480602466464e+08 2.699567128758243322e+08
2.822112233442213292e-01 -8.593207080440209806e+07 2.695600598341715932e+08
2.838737327756796214e-01 -4.943362927643099427e+07 2.692011756274408102e+08
2.855362422155972579e-01 -1.414968750275516696e+07 2.688780607570020556e+08
2.871987516638271343e-01 1.986703686429278553e+07 2.685881634654296041e+08
2.888612611202258651e-01 5.256766808188274503e+07 2.683283906049965918e+08
2.905237705846532292e-01 8.390716254302877188e+07 2.680951264700650573e+08
2.921862800569720031e-01 1.138442937964613885e+08 2.678842592548920512e+08
2.938487895370484604e-01 1.423416324654507935e+08 2.676912146744643152e+08
2.955112990247516502e-01 1.693655211796751916e+08 2.675109961828809679e+08
2.971738085199533974e-01 1.948860446345472932e+08 2.673382311361899078e+08
2.988363180225286353e-01 2.188769949020653963e+08 2.671672221849417388e+08
3.004988275323551283e-01 2.413158321158020794e+08 2.669920031384408176e+08
3.021613370493130279e-01 2.621836406624981165e+08 2.668063985253313482e+08
3.038238465732852611e-01 2.814650810110001564e+08 2.666040860735251904e+08
3.054863561041573639e-01 2.991483373178598285e+08 2.663786613542802632e+08
3.071488656418173702e-01 3.152250609473318458e+08 2.661237038681123257e+08
3.088113751861554790e-01 3.296903100512707829e+08 2.658328438993216753e+08
3.104738847370644983e-01 3.425424853529459238e+08 2.654998295212858617e+08
3.121363942944395120e-01 3.537832622849011421e+08 2.651185931984751821e+08
3.137989038581776025e-01 3.634175196301329732e+08 2.646833174956779480e+08
3.154614134281782389e-01 3.714532648214613795e+08 2.641884994709897637e+08
3.171239230043430002e-01 3.779015560518015623e+08 2.636290133906558156e+08
3.187864325865753523e-01 3.827764213530646563e+08 2.630001714625161290e+08
3.204489421747808708e-01 3.860947748017668128e+08 2.622977823338015676e+08
3.221114517688670742e-01 3.878763300086945295e+08 2.615182071420016885e+08
3.237739613687434237e-01 3.881435110547717810e+08 2.606584129388037324e+08
3.254364709743211015e-01 3.869213610317770839e+08 2.597160233280921578e+08
3.270989805855132326e-01 3.842374483506761789e+08 2.586893661680732071e+08
3.287614902022346075e-01 3.801217709786010981e+08 2.575775181842373610e+08
3.304239998244018484e-01 3.746066587653061152e+08 2.563803463217648864e+08
3.320865094519330207e-01 3.677266740228004456e+08 2.550985456371217966e+08
3.337490190847480775e-01 3.595185105170567632e+08 2.537336734805537760e+08
3.354115287227684150e-01 3.500208910341146588e+08 2.522881796631397903e+08
3.370740383659170392e-01 3.392744636809674501e+08 2.507654322248307168e+08
3.387365480141183438e-01 3.273216970795372725e+08 2.491697383299464285e+08
3.403990576672984991e-01 3.142067746127465963e+08 2.475063597099776864e+08
3.420615673253846745e-01 2.999754878800811768e+08 2.457815219552873075e+08
3.437240769883058711e-01 2.846751295182625055e+08 2.440024168250686228e+08
3.453865866559921449e-01 2.683543855406174958e+08 2.421771966067027748e+08
3.470490963283750507e-01 2.510632273498716652e+08 2.403149594137213826e+08
3.487116060053874755e-01 2.328528035723543763e+08 2.384257241739184558e+08
3.503741156869634166e-01 2.137753318656389713e+08 2.365203939379817247e+08
3.520366253730383144e-01 1.938839908438112438e+08 2.346107060446114540e+08
3.536991350635486642e-01 1.732328122665677965e+08 2.327091676298879087e+08
3.553616447584322380e-01 1.518765736345780194e+08 2.308289749850841165e+08
3.570241544576279180e-01 1.298706913291797191e+08 2.289839153707688153e+08
3.586866641610758633e-01 1.072711144360294789e+08 2.271882501103540659e+08
3.603491738687170098e-01 8.413421938545590639e+07 2.254565781360308826e+08
3.620116835804937372e-01 6.051670554185754806e+07 2.238036796631091237e+08
3.636741932963493684e-01 3.647549187146322429e+07 2.222443403379136324e+08
3.653367030162280593e-01 1.206761481319117732e+07 2.207931570384693444e+08
3.669992127400752979e-01 -1.264987252379110269e+07 2.194643274882811606e+08
3.686617224678372939e-01 -3.761999971673191339e+07 2.182714269335871041e+08
3.703242321994613118e-01 -6.278597682389728725e+07 2.172271762722608447e+08
3.719867419348956150e-01 -8.809129050463911891e+07 2.163432071207870543e+08
3.736492516740893000e-01 -1.134797983553762436e+08 2.156298302659713328e+08
3.753117614169925176e-01 -1.388958213551580906e+08 2.150958146535159945e+08
3.769742711635561405e-01 -1.642842343206067383e+08 2.147481844153305590e+08
3.786367809137318741e-01 -1.895905542691971362e+08 2.145920413375816047e+08
3.802992906674724227e-01 -2.147610265987793505e+08 2.146304195811763406e+08
3.819618004247312126e-01 -2.397427089905407131e+08 2.148641783752485216e+08
3.836243101854625026e-01 -2.644835529499139786e+08 2.152919368797098696e+08
3.852868199496213841e-01 -2.889324829016739726e+08 2.159100535528785288e+08
3.869493297171635593e-01 -3.130394727604818940e+08 2.167126503299987614e+08
3.886118394880457849e-01 -3.367556199016721845e+08 2.176916798782413006e+08
3.902743492622252064e-01 -3.600332164623098373e+08 2.188370323341178596e+08
3.919368590396599683e-01 -3.828258179036802649e+08 2.201366763806667924e+08
3.935993688203087704e-01 -4.050883087753472924e+08 2.215768284114761949e+08
3.952618786041311449e-01 -4.267769656189903021e+08 2.231421428872804642e+08
3.969243883910870685e-01 -4.478495169605439305e+08 2.248159168404111266e+08
3.985868981811374612e-01 -4.682652003384149671e+08 2.265803017487648726e+08
4.002494079742436872e-01 -4.879848163223399520e+08 2.284165166263503134e+08
4.019119177703678880e-01 -5.069707794809018970e+08 2.303050570336141288e+08
4.035744275694727046e-01 -5.251871662608568668e+08 2.322258957182144821e+08
4.052369373715214440e-01 -5.425997597420686483e+08 2.341586716317242384e+08
4.068994471764781906e-01 -5.591760912430115938e+08 2.360828650809796751e+08
4.085619569843071952e-01 -5.748854787467926741e+08 2.379779576716119945e+08
4.102244667949735413e-01 -5.896990621311463118e+08 2.398235764899428487e+08
4.118869766084432005e-01 -6.035898351816225052e+08 2.415996225855972767e+08
4.135494864246819224e-01 -6.165326743792731762e+08 2.432863843099759221e+08
4.152119962436567890e-01 -6.285043644501785040e+08 2.448646363916595578e+08
4.168745060653349932e-01 -6.394836206762220860e+08 2.463157258620286286e+08
4.185370158896842829e-01 -6.494511079636194706e+08 2.476216460457897484e+08
4.201995257166728504e-01 -6.583894566757036448e+08 2.487650998825677633e+08
4.218620355462696647e-01 -6.662832752353174686e+08 2.497295538046511710e+08
4.235245453784438063e-01 -6.731191595109033585e+08 2.504992833477420211e+08
4.251870552131651881e-01 -6.788856989999340773e+08 2.510594115576945543e+08
4.268495650504041117e-01 -6.835734798321026564e+08 2.513959411679323018e+08
4.285120748901312115e-01 -6.871750846121354103e+08 2.514957813837632239e+08
4.301745847323175664e-01 -6.896850891350320578e+08 2.513467700191814005e+08
4.318370945769347546e-01 -6.911000559990633726e+08 2.509376915949181616e+08
4.334996044239549096e-01 -6.914185251567610502e+08 2.502582919327662289e+08
4.351621142733504422e-01 -6.906410014389916658e+08 2.492992896588625014e+08
4.368246241250944295e-01 -6.887699390974020958e+08 2.480523849786222577e+08
4.384871339791597822e-01 -6.858097234074503183e+08 2.465102659804391861e+08
4.401496438355204099e-01 -6.817666493865761757e+08 2.446666127014438510e+08
4.418121536941504446e-01 -6.766488976737238169e+08 2.425160990965588093e+08
4.434746635550242400e-01 -6.704665076333551407e+08 2.400543930529387295e+08
4.451371734181167605e-01 -6.632313477365328074e+08 2.372781545098178089e+08
4.467996832834031928e-01 -6.549570832874603271e+08 2.341850317659038007e+08
4.484621931508591675e-01 -6.456591415558875799e+08 2.307736559800400734e+08
4.501247030204606481e-01 -6.353546743881087303e+08 2.270436339123713076e+08
4.517872128921838204e-01 -6.240625183643821478e+08 2.229955388772515059e+08
4.534497227660054253e-01 -6.118031525805782080e+08 2.186308999394660890e+08
4.551122326419027031e-01 -5.985986541261365414e+08 2.139521893037643433e+08
4.567747425198525613e-01 -5.844726513441056013e+08 2.089628079291660786e+08
4.584372523998329063e-01 -5.694502749476300478e+08 2.036670693055085838e+08
4.600997622818217003e-01 -5.535581070856121778e+08 1.980701814347301722e+08
4.617622721657972384e-01 -5.368241284353281260e+08 1.921782269477432370e+08
4.634247820517383154e-01 -5.192776634202087522e+08 1.859981414200615585e+08
4.650872919396236149e-01 -5.009493236327314973e+08 1.795376898118555844e+08
4.667498018294323758e-01 -4.818709495690343976e+08 1.728054411272568405e+08
4.684123117211442255e-01 -4.620755507526803017e+08 1.658107412111282647e+08
4.700748216147389580e-01 -4.415972443641291857e+08 1.585636838224705160e+08
4.717373315101965336e-01 -4.204711924510180950e+08 1.510750798911122084e+08
4.733998414074974126e-01 -3.987335378444057703e+08 1.433564251591406465e+08
4.750623513066224435e-01 -3.764213388522309661e+08 1.354198660961611867e+08
4.767248612075521974e-01 -3.535725028659088016e+08 1.272781643849838227e+08
4.783873711102680226e-01 -3.302257189429782033e+08 1.189446598457997590e+08
4.800498810147514894e-01 -3.064203895178969502e+08 1.104332322636677772e+08
4.817123909209840571e-01 -2.821965612857972980e+08 1.017582619886094630e+08
4.833749008289477955e-01 -2.575948554397707283e+08 9.293459014227144420e+07
4.850374107386249412e-01 -2.326563972709862590e+08 8.397747847894223034e+07
4.866999206499977859e-01 -2.074227453630733490e+08 7.490257083094584942e+07
4.883624305630492324e-01 -1.819358203184923530e+08 6.572585753944376856e+07
4.900249404777619611e-01 -1.562378333560189903e+08 5.646364982124547660e+07
4.916874503941192631e-01 -1.303712145485002548e+08 4.713257672865626961e+07
4.933499603121045407e-01 -1.043785413170047700e+08 3.774965277383772284e+07
4.950124702317013070e-01 -7.830246643575626612e+07 2.833257930653677508e+07
4.966749801528934083e-01 -5.218564721341251582e+07 1.890112245897403732e+07
4.983374900756649684e-01 -2.607067125073112920e+07 9.486700901850387454e+06
