# r [arcsec]	I [Jy/sr]	I_uncer [Jy/sr]
1.272617859314095550e-03 2.784863793123121948e+11 6.532378035041639328e+09
2.921189009106442414e-03 2.774781654658429565e+11 6.484923800288185120e+09
4.579495862547155495e-03 2.756713434831543579e+11 6.400235313292300224e+09
6.240002426697914550e-03 2.730774967281032410e+11 6.279420051051137924e+09
7.901343393063876494e-03 2.697137482149466553e+11 6.124096236318131447e+09
9.563088128690054243e-03 2.656022904890483398e+11 5.936358149757810593e+09
1.122505851373705593e-02 2.607701578479758606e+11 5.718756101846372604e+09
1.288716767388508287e-02 2.552489803323988342e+11 5.474276600873031616e+09
1.454936822595933807e-02 2.490747018740508118e+11 5.206323465402858734e+09
1.621163214106096165e-02 2.422872624614039001e+11 4.918702279950269699e+09
1.787394178310437384e-02 2.349302469674627075e+11 4.615611450274370193e+09
1.953628550253095827e-02 2.270505041155563049e+11 4.301643905849454880e+09
2.119865529577967186e-02 2.186977394832955933e+11 3.981804082668537140e+09
2.286104548286438387e-02 2.099240867342361450e+11 3.661544552571245193e+09
2.452345192144544592e-02 2.007836614810998840e+11 3.346823894439059258e+09
2.618587151961204035e-02 1.913321023390781250e+11 3.044178436465955257e+09
2.784830192283991451e-02 1.816261038263492737e+11 2.760778169508401394e+09
2.951074130657948408e-02 1.717229458129673462e+11 2.504390771871134758e+09
3.117318823511218417e-02 1.616800242090617676e+11 2.283101809268635750e+09
3.283564156322602012e-02 1.515543875198924561e+11 2.104566608002030611e+09
3.449810036628684490e-02 1.414022837799922791e+11 1.974628943638191223e+09
3.616056388957845924e-02 1.312787222133989716e+11 1.895529685162137032e+09
3.782303151098994481e-02 1.212370537542523041e+11 1.864566259744055986e+09
3.948550271312052662e-02 1.113285743049831390e+11 1.874231127427464247e+09
4.114797706214112089e-02 1.016021543114415894e+11 1.913955335860588789e+09
4.281045419157746001e-02 9.210389789967504883e+10 1.972437606740415812e+09
4.447293378972808769e-02 8.287683445216462708e+10 2.039428931009481907e+09
4.613541558980088775e-02 7.396064510692483521e+10 2.106585303302256584e+09
4.779789936210682849e-02 6.539142624612397766e+10 2.167611838254423618e+09
4.946038490782722619e-02 5.720149160704169464e+10 2.218056619043666840e+09
5.112287205399637657e-02 4.941921420276866150e+10 2.255001400289824486e+09
5.278536064943199074e-02 4.206890878853814697e+10 2.276765903529937267e+09
5.444785056141081270e-02 3.517075515754741669e+10 2.282663450373087406e+09
5.611034167293492414e-02 2.874076210295682144e+10 2.272810474368034363e+09
5.777283388046990098e-02 2.279077144583752060e+10 2.247980703315689087e+09
5.943532709206246489e-02 1.732850110715494537e+10 2.209492859471650600e+09
6.109782122576532665e-02 1.235762580035855484e+10 2.159121880346730709e+09
6.276031620831216962e-02 7.877893544169745445e+09 2.099025127613401175e+09
6.442281197399798987e-02 3.885275846869180679e+09 2.031675813973749638e+09
6.608530846372812073e-02 3.721490974203872085e+08 1.959795678705377340e+09
6.774780562420743002e-02 -2.672495581719749928e+09 1.886277950833371878e+09
6.941030340724584080e-02 -5.262817007569509506e+09 1.814090531273904562e+09
7.107280176916151715e-02 -7.415866324866962433e+09 1.746149560508740902e+09
7.273530067026563739e-02 -9.151310459278972626e+09 1.685157471334115028e+09
7.439780007441634813e-02 -1.049114010255984688e+10 1.633409780786986113e+09
7.606029994863128252e-02 -1.145936577066225243e+10 1.592591655395670176e+09
7.772280026274960840e-02 -1.208170550660750008e+10 1.563603708514469147e+09
7.938530098913672284e-02 -1.238526778821208000e+10 1.546465409057257891e+09
8.104780210242505667e-02 -1.239823314771692657e+10 1.540332734794315338e+09
8.271030357928650656e-02 -1.214953791767358017e+10 1.543634311515731573e+09
8.437280539823126257e-02 -1.166856338725419998e+10 1.554292996302354097e+09
8.603530753943039455e-02 -1.098483348807321739e+10 1.569978336044524193e+09
8.769780998455847798e-02 -1.012772393155557823e+10 1.588338413237327814e+09
8.936031271665356712e-02 -9.126185494237230301e+09 1.607179639966362238e+09
9.102281571999285004e-02 -8.008483896612775803e+09 1.624585763186872244e+09
9.268531897998151525e-02 -6.801958449158781052e+09 1.638982965993411541e+09
9.434782248305331742e-02 -5.532801349869454384e+09 1.649164510718518972e+09
9.601032621658157906e-02 -4.225859215164270878e+09 1.654288519184261799e+09
9.767283016879922675e-02 -2.904458114492395878e+09 1.653859665231217623e+09
9.933533432872686253e-02 -1.590253062546909809e+09 1.647702132449079752e+09
1.009978386861079547e-01 -3.031026057428417206e+08 1.635928268149562597e+09
1.026603432313502873e-01 9.390311744513888359e+08 1.618905225861649513e+09
1.043228479554730720e-01 2.120157225824837685e+09 1.597220445744153261e+09
1.059853528500589448e-01 3.226304938357338428e+09 1.571645892184336901e+09
1.076478579072105424e-01 4.245548969268203259e+09 1.543100398442890167e+09
1.093103631195108394e-01 5.168010309115669250e+09 1.512609183058286667e+09
1.109728684799872744e-01 5.985834663535328865e+09 1.481259607253892183e+09
1.126353739820789568e-01 6.693149448584008217e+09 1.450152607950646162e+09
1.142978796196066349e-01 7.286000896784227371e+09 1.420350061329078197e+09
1.159603853867454265e-01 7.762272944091806412e+09 1.392819646105481148e+09
1.176228912779997832e-01 8.121589713947740555e+09 1.368380459105611801e+09
1.192853972881804531e-01 8.365203532362246513e+09 1.347654307448263645e+09
1.209479034123834701e-01 8.495870497221724510e+09 1.331028636376710892e+09
1.226104096459709192e-01 8.517715685529255867e+09 1.318636779722866774e+09
1.242729159845529646e-01 8.436090114465373993e+09 1.310359290511117697e+09
1.259354224239715991e-01 8.257421576574893951e+09 1.305846817802417040e+09
1.275979289602855449e-01 7.989061447068406105e+09 1.304561296199296236e+09
1.292604355897561952e-01 7.639129513506280899e+09 1.305829310760789156e+09
1.309229423088349165e-01 7.216358806555765152e+09 1.308900250786322832e+09
1.325854491141509606e-01 6.729942316997474670e+09 1.313002403783133507e+09
1.342479560025006402e-01 6.189383370731636047e+09 1.317391936685882807e+09
1.359104629708369483e-01 5.604351302508935928e+09 1.321391958060576916e+09
1.375729700162601765e-01 4.984543922858748436e+09 1.324420867464273930e+09
1.392354771360091448e-01 4.339558113778573990e+09 1.326010613388901234e+09
1.408979843274529020e-01 3.678769719750617027e+09 1.325816244358987093e+09
1.425604915880832879e-01 3.011223724222229481e+09 1.323618378646570921e+09
1.442229989155077718e-01 2.345535520447893143e+09 1.319320125277752638e+09
1.458855063074428748e-01 1.689803902143799067e+09 1.312939731250469685e+09
1.475480137617080634e-01 1.051536216288904309e+09 1.304599926769325495e+09
1.492105212762198374e-01 4.375859400053992867e+08 1.294514663776115417e+09
1.508730288489867621e-01 -1.458972318950267434e+08 1.282973730903678179e+09
1.525355364781040279e-01 -6.935048703217173815e+08 1.270325597782819986e+09
1.541980441617490649e-01 -1.200595106978414536e+09 1.256958800271097898e+09
1.558605518981770188e-01 -1.663306130061107874e+09 1.243282225567247152e+09
1.575230596857167542e-01 -2.078558405389846087e+09 1.229704784198842049e+09
1.591855675227668576e-01 -2.444046269986991405e+09 1.216615144105871439e+09
1.608480754077921959e-01 -2.758219652567225933e+09 1.204362413489754438e+09
1.625105833393203636e-01 -3.020256767324108124e+09 1.193238839590932846e+09
1.641730913159387406e-01 -3.230028703228110790e+09 1.183465675676374197e+09
1.658355993362912173e-01 -3.388056890442208290e+09 1.175183299496222258e+09
1.674981073990755853e-01 -3.495464468381674290e+09 1.168446411620246410e+09
1.691606155030408176e-01 -3.553922606514564037e+09 1.163224715495851278e+09
1.708231236469845982e-01 -3.565592839616120338e+09 1.159408947785443783e+09
1.724856318297508795e-01 -3.533066474434219360e+09 1.156821589040721416e+09
1.741481400502279120e-01 -3.459302105367864609e+09 1.155231148366635084e+09
1.758106483073458848e-01 -3.347562243754512310e+09 1.154368660433216572e+09
1.774731566000750660e-01 -3.201350019814090729e+09 1.153944987355588675e+09
1.791356649274240265e-01 -3.024346859422929764e+09 1.153667657274672508e+09
1.807981732884377246e-01 -2.820351971046593189e+09 1.153256235201564074e+09
1.824606816821959798e-01 -2.593224402764035702e+09 1.152455537109799862e+09
1.841231901078118072e-01 -2.346828346848872185e+09 1.151046302204127073e+09
1.857856985644300296e-01 -2.084982281369143724e+09 1.148853189117822886e+09
1.874482070512257237e-01 -1.811412446262834787e+09 1.145750141443518400e+09
1.891107155674030538e-01 -1.529711056863905430e+09 1.141663277220798016e+09
1.907732241121938566e-01 -1.243299562407045841e+09 1.136571508135991096e+09
1.924357326848565586e-01 -9.553971620736989975e+08 1.130505104554410696e+09
1.940982412846749550e-01 -6.689946980321820974e+08 1.123542409921483278e+09
1.957607499109572380e-01 -3.868339549821413159e+08 1.115804888384153843e+09
1.974232585630348313e-01 -1.113923101178675443e+08 1.107450675706280947e+09
1.990857672402615297e-01 1.551274027443281114e+08 1.098666805579445362e+09
2.007482759420124996e-01 4.108020249059080482e+08 1.089660307871343851e+09
2.024107846676835298e-01 6.539884770146530867e+08 1.080648424889194727e+09
2.040732934166899215e-01 8.833197711173505783e+08 1.071848264148571730e+09
2.057358021884660160e-01 1.097697016180859327e+09 1.063466293178091884e+09
2.073983109824642512e-01 1.296277844268635750e+09 1.055688168850341558e+09
2.090608197981545235e-01 1.478461717082485437e+09 1.048669460437656283e+09
2.107233286350234380e-01 1.643872596021297216e+09 1.042527849675756335e+09
2.123858374925735870e-01 1.792339473310374498e+09 1.037337353358458161e+09
2.140483463703231337e-01 1.923875267320759296e+09 1.033125004655339599e+09
2.157108552678049240e-01 2.038654582250251055e+09 1.029870253326569319e+09
2.173733641845664311e-01 2.136990821306483030e+09 1.027507123158523679e+09
2.190358731201685061e-01 2.219313123974429607e+09 1.025928930438243985e+09
2.206983820741854618e-01 2.286143572505225182e+09 1.024995157423384905e+09
2.223608910462041566e-01 2.338075081139427185e+09 1.024539921246278048e+09
2.240234000358239386e-01 2.375750344588619709e+09 1.024381399740617871e+09
2.256859090426557024e-01 2.399842180759454250e+09 1.024331572924921513e+09
2.273484180663219723e-01 2.411035557513172150e+09 1.024205699427518606e+09
2.290109271064561247e-01 2.410011545300814629e+09 1.023831049285931587e+09
2.306734361627020280e-01 2.397433387712189198e+09 1.023054534599591732e+09
2.323359452347137921e-01 2.373934831231627464e+09 1.021748997207667947e+09
2.339984543221555469e-01 2.340110804676915169e+09 1.019818014221607447e+09
2.356609634247005536e-01 2.296510488765419006e+09 1.017199161292527318e+09
2.373234725420314828e-01 2.243632767813032150e+09 1.013865729458593607e+09
2.389859816738397480e-01 2.181924009443049908e+09 1.009826928055330276e+09
2.406484908198254224e-01 2.111778075082639933e+09 1.005126629640504837e+09
2.423109999796965175e-01 2.033538424528747082e+09 9.998407302660624981e+08
2.439735091531692601e-01 1.947502142496556282e+09 9.940732166018632650e+08
2.456360183399674824e-01 1.853925684281911612e+09 9.879510562776565552e+08
2.472985275398224547e-01 1.753032111779302359e+09 9.816180635374516249e+08
2.489610367524725254e-01 1.645019570387005091e+09 9.752279405757619143e+08
2.506235459776631203e-01 1.530070741928322315e+09 9.689367541613912582e+08
2.522860552151463542e-01 1.408362998697908640e+09 9.628951718292082548e+08
2.539485644646808371e-01 1.280078979079438448e+09 9.572408424871102571e+08
2.556110737260313126e-01 1.145417305748790503e+09 9.520913500129311085e+08
2.572735829989687417e-01 1.004603173080387235e+09 9.475381814891617298e+08
2.589360922832700251e-01 8.578985407503966093e+08 9.436421225032351017e+08
2.605986015787175591e-01 7.056116853096604347e+08 9.404304146387417316e+08
2.622611108850994577e-01 5.481058803091312647e+08 9.378958879323611259e+08
2.639236202022091082e-01 3.858069979091603160e+08 9.359981263824788332e+08
2.655861295298450053e-01 2.192098503165406287e+08 9.346665580509774685e+08
2.672486388678106950e-01 4.888311733122645319e+07 9.338052066449655294e+08
2.689111482159146083e-01 -1.245272638307257742e+08 9.332987200991592407e+08
2.705736575739698391e-01 -3.002963389723274708e+08 9.330192177254923582e+08
2.722361669417941443e-01 -4.776200680449082255e+08 9.328334753037419319e+08
2.738986763192096108e-01 -6.556169750428698063e+08 9.326099920154052973e+08
2.755611857060425440e-01 -8.333315126858302355e+08 9.322255426928575039e+08
2.772236951021236906e-01 -1.009739106681105137e+09 9.315708990402958393e+08
2.788862045072874607e-01 -1.183752814466758490e+09 9.305554906257579327e+08
2.805487139213725944e-01 -1.354231505223899126e+09 9.291108601122193336e+08
2.822112233442213292e-01 -1.519989442042725325e+09 9.271928411261409521e+08
2.838737327756796214e-01 -1.679807123777470350e+09 9.247824490680145025e+08
2.855362422155972579e-01 -1.832443223657409430e+09 9.218855257677122355e+08
2.871987516638271343e-01 -1.976647444370947599e+09 9.185312207004231215e+08
2.888612611202258651e-01 -2.111174095311448812e+09 9.147694276217344999e+08
2.905237705846532292e-01 -2.234796187083929539e+09 9.106673286884466410e+08
2.921862800569720031e-01 -2.346319831310469627e+09 9.063052300078729391e+08
2.938487895370484604e-01 -2.444598730229559422e+09 9.017719031113868952e+08
2.955112990247516502e-01 -2.528548540531054974e+09 8.971596742886129618e+08
2.971738085199533974e-01 -2.597160899196355820e+09 8.925595245897389650e+08
2.988363180225286353e-01 -2.649516905663008213e+09 8.880564729954551458e+08
3.004988275323551283e-01 -2.684799864221896648e+09 8.837255089107145071e+08
3.021613370493130279e-01 -2.702307102935422897e+09 8.796283138114811182e+08
3.038238465732852611e-01 -2.701460700245262146e+09 8.758109638200449944e+08
3.054863561041573639e-01 -2.681816967546151161e+09 8.723027366669555902e+08
3.071488656418173702e-01 -2.643074554969064713e+09 8.691160629183452129e+08
3.088113751861554790e-01 -2.585081068125502586e+09 8.662475706941236258e+08
3.104738847370644983e-01 -2.507838105229917526e+09 8.636800853653913736e+08
3.121363942944395120e-01 -2.411504646492695808e+09 8.613853709828530550e+08
3.137989038581776025e-01 -2.296398750592168331e+09 8.593273467233401537e+08
3.154614134281782389e-01 -2.162997536018766403e+09 8.574654845781683922e+08
3.171239230043430002e-01 -2.011935447822249174e+09 8.557580952726525068e+08
3.187864325865753523e-01 -1.844000832429589987e+09 8.541652359950133562e+08
3.204489421747808708e-01 -1.660130864437284946e+09 8.526510214211559296e+08
3.221114517688670742e-01 -1.461404889360098362e+09 8.511851828896992207e+08
3.237739613687434237e-01 -1.249036264946539402e+09 8.497437932264488935e+08
3.254364709743211015e-01 -1.024362800683086038e+09 8.483091508019225597e+08
3.270989805855132326e-01 -7.888359102773412466e+08 8.468688907097535133e+08
3.287614902022346075e-01 -5.440086051207526922e+08 8.454144587943122387e+08
3.304239998244018484e-01 -2.915224678598656058e+08 8.439391413345545530e+08
3.320865094519330207e-01 -3.309375418202518672e+07 8.424358855003781319e+08
3.337490190847480775e-01 2.295012222799417675e+08 8.408951696117615700e+08
3.354115287227684150e-01 4.944412624098876715e+08 8.393031849802653790e+08
3.370740383659170392e-01 7.598758494534488916e+08 8.376405712345870733e+08
3.387365480141183438e-01 1.023940949878698945e+09 8.358819050390076637e+08
3.403990576672984991e-01 1.284774886473979950e+09 8.339960807307465076e+08
3.420615673253846745e-01 1.540534126365373850e+09 8.319476455081411600e+08
3.437240769883058711e-01 1.789408831796751022e+09 8.296990678540443182e+08
3.453865866559921449e-01 2.029638028231933832e+09 8.272138329525740147e+08
3.470490963283750507e-01 2.259524252422539711e+09 8.244601795708718300e+08
3.487116060053874755e-01 2.477447552341378689e+09 8.214152244680336714e+08
3.503741156869634166e-01 2.681878721118217945e+09 8.180691662733335495e+08
3.520366253730383144e-01 2.871391658133652210e+09 8.144292225971825123e+08
3.536991350635486642e-01 3.044674762013986111e+09 8.105229325671781301e+08
3.553616447584322380e-01 3.200541272250697136e+09 8.064004526978288889e+08
3.570241544576279180e-01 3.337938488337565422e+09 8.021354889890482426e+08
3.586866641610758633e-01 3.455955807515707016e+09 7.978245465584313869e+08
3.603491738687170098e-01 3.553831534277462006e+09 7.935842464901151657e+08
3.620116835804937372e-01 3.630958426555238247e+09 7.895465658294017315e+08
3.636741932963493684e-01 3.686887954903472424e+09 7.858520073932607174e+08
3.653367030162280593e-01 3.721333261853328705e+09 7.826409023591444492e+08
3.669992127400752979e-01 3.734170818904735565e+09 7.800432807605515718e+08
3.686617224678372939e-01 3.725440788262400150e+09 7.781679883879301548e+08
3.703242321994613118e-01 3.695346105384233952e+09 7.770919429541075230e+08
3.719867419348956150e-01 3.644250306663002968e+09 7.768505578875523806e+08
3.736492516740893000e-01 3.572674134134259224e+09 7.774303722663434744e+08
3.753117614169925176e-01 3.481290955981751919e+09 7.787647840886569023e+08
3.769742711635561405e-01 3.370921047870835304e+09 7.807334996891880035e+08
3.786367809137318741e-01 3.242524785796959877e+09 7.831659309414129257e+08
3.802992906674724227e-01 3.097194806270843983e+09 7.858483669056752920e+08
3.819618004247312126e-01 2.936147194342132092e+09 7.885343950932240486e+08
3.836243101854625026e-01 2.760711764246816635e+09 7.909578072913032770e+08
3.852868199496213841e-01 2.572321501437729836e+09 7.928471191008675098e+08
3.869493297171635593e-01 2.372501238488415241e+09 7.939408484013994932e+08
3.886118394880457849e-01 2.162855640902532578e+09 7.940027980145733356e+08
3.902743492622252064e-01 1.945056582290398359e+09 7.928367240846861601e+08
3.919368590396599683e-01 1.720829991708383322e+09 7.902998994063659906e+08
3.935993688203087704e-01 1.491942259253012419e+09 7.863151657990696430e+08
3.952618786041311449e-01 1.260186289250735044e+09 7.808810892159073353e+08
3.969243883910870685e-01 1.027367293603862524e+09 7.740797736320555210e+08
3.985868981811374612e-01 7.952884210056235790e+08 7.660817524514708519e+08
4.002494079742436872e-01 5.657363207994822264e+08 7.571471692470359802e+08
4.019119177703678880e-01 3.404667431604677439e+08 7.476222147794612646e+08
4.035744275694727046e-01 1.211902799599143416e+08 7.379295733193984032e+08
4.052369373715214440e-01 -9.044164696537387371e+07 7.285515716370583773e+08
4.068994471764781906e-01 -2.928504414610497355e+08 7.200050006872097254e+08
4.085619569843071952e-01 -4.845435225248439908e+08 7.128073992071149349e+08
4.102244667949735413e-01 -6.641269367193156481e+08 7.074360784582320452e+08
4.118869766084432005e-01 -8.303172826392735243e+08 7.042832120765119791e+08
4.135494864246819224e-01 -9.819528374272428751e+08 7.036124052405080795e+08
4.152119962436567890e-01 -1.118003777216088772e+09 7.055234279836212397e+08
4.168745060653349932e-01 -1.237581386387356520e+09 7.099313868435612917e+08
4.185370158896842829e-01 -1.339946154762096167e+09 7.165642316822516918e+08
4.201995257166728504e-01 -1.424514667365189552e+09 7.249788091761316061e+08
4.218620355462696647e-01 -1.490865198299327374e+09 7.345920446968203783e+08
4.235245453784438063e-01 -1.538741928557652235e+09 7.447215639533782005e+08
4.251870552131651881e-01 -1.568057717319855690e+09 7.546296937735456228e+08
4.268495650504041117e-01 -1.578895367394159079e+09 7.635659522479500771e+08
4.285120748901312115e-01 -1.571507337943876266e+09 7.708050201091592312e+08
4.301745847323175664e-01 -1.546313871407582283e+09 7.756790025203865767e+08
4.318370945769347546e-01 -1.503899516454009533e+09 7.776041166830842495e+08
4.334996044239549096e-01 -1.445008044809175491e+09 7.761026968946866989e+08
4.351621142733504422e-01 -1.370535776643916368e+09 7.708217173261693716e+08
4.368246241250944295e-01 -1.281523346753643751e+09 7.615490700256205797e+08
4.384871339791597822e-01 -1.179145961759810925e+09 7.482287433137161732e+08
4.401496438355204099e-01 -1.064702216778777122e+09 7.309758950960881710e+08
4.418121536941504446e-01 -9.396015581819131374e+08 7.100925931759386063e+08
4.434746635550242400e-01 -8.053504969232733250e+08 6.860845803700065613e+08
4.451371734181167605e-01 -6.635376941839716434e+08 6.596785429991718531e+08
4.467996832834031928e-01 -5.158180574480329156e+08 6.318375238035540581e+08
4.484621931508591675e-01 -3.638960003533185124e+08 6.037685954377232790e+08
4.501247030204606481e-01 -2.095080334196977019e+08 5.769110166404619217e+08
4.517872128921838204e-01 -5.440486483986541629e+07 5.528853279985772371e+08
4.534497227660054253e-01 9.966679936855295300e+07 5.333784313520160913e+08
4.551122326419027031e-01 2.509825585834158659e+08 5.199472239533393979e+08
4.567747425198525613e-01 3.978585213084872365e+08 5.137567739477031231e+08
4.584372523998329063e-01 5.386692034549154043e+08 5.153243381463852525e+08
4.600997622818217003e-01 6.718649147672172785e+08 5.243763311194605231e+08
4.617622721657972384e-01 7.959884292380305529e+08 5.398897305825096369e+08
4.634247820517383154e-01 9.096907403800060749e+08 5.602936584940721989e+08
4.650872919396236149e-01 1.011745709976944089e+09 5.837331093768025637e+08
4.667498018294323758e-01 1.101063429410579920e+09 6.082998358943413496e+08
4.684123117211442255e-01 1.176702125722757101e+09 6.321873552179405689e+08
4.700748216147389580e-01 1.237878460118948460e+09 6.537736666570152044e+08
4.717373315101965336e-01 1.283976084450577021e+09 6.716545450954283476e+08
4.733998414074974126e-01 1.314552341121104717e+09 6.846497641450297832e+08
4.750623513066224435e-01 1.329343013584236860e+09 6.917972831991934776e+08
4.767248612075521974e-01 1.328265057869062662e+09 6.923435197910646200e+08
4.783873711102680226e-01 1.311417270038463831e+09 6.857332866841620207e+08
4.800498810147514894e-01 1.279078869863777876e+09 6.716005091763108969e+08
4.817123909209840571e-01 1.231706006876078129e+09 6.497596905183833838e+08
4.833749008289477955e-01 1.169926221039985895e+09 6.201976621868269444e+08
4.850374107386249412e-01 1.094530916116464376e+09 5.830650674989506006e+08
4.866999206499977859e-01 1.006465929101693153e+09 5.386670920597236156e+08
4.883624305630492324e-01 9.068203034163820744e+08 4.874530685920969248e+08
4.900249404777619611e-01 7.968133966304295063e+08 4.300047148647962213e+08
4.916874503941192631e-01 6.777804748312633038e+08 3.670228794316533208e+08
4.933499603121045407e-01 5.511569653707436323e+08 2.993127868686319590e+08
4.950124702317013070e-01 4.184615567420852780e+08 2.277678660384007096e+08
4.966749801528934083e-01 2.812783495590781569e+08 1.533524287884033024e+08
4.983374900756649684e-01 1.412382736559272408e+08 7.708441076419422030e+07
