# r [arcsec]	I [Jy/sr]	I_uncer [Jy/sr]
3.817853577942286001e-03 4.803774763347822876e+11 3.941596601638423920e+09
8.763567027319327241e-03 4.775170143355152588e+11 3.847555695018269062e+09
1.373848758764146562e-02 4.724229934132219849e+11 3.681893355359473228e+09
1.872000728009374365e-02 4.651823232876015015e+11 3.450503169995478630e+09
2.370403017919163122e-02 4.559191065385202637e+11 3.161728710527153492e+09
2.868926438607016446e-02 4.447906190682488403e+11 2.826151693431545258e+09
3.367517554121116780e-02 4.319833043693389893e+11 2.456467470054371834e+09
3.866150302165524688e-02 4.177081516671187744e+11 2.067596135384085655e+09
4.364810467787801074e-02 4.021955382215857544e+11 1.677430147731039762e+09
4.863489642318288148e-02 3.856896797506210327e+11 1.309199526632895708e+09
5.362182534931311806e-02 3.684428497885932007e+11 9.974564237095298767e+08
5.860885650759287135e-02 3.507095348135650024e+11 7.965156097211018801e+08
6.359596588733901212e-02 3.327406914792278442e+11 7.593366430819640160e+08
6.858313644859315161e-02 3.147782661574655762e+11 8.616224081560100317e+08
7.357035576433633428e-02 2.970501257031191406e+11 1.020939647596063495e+09
7.855761455883611410e-02 2.797655324086129761e+11 1.178402778883201838e+09
8.354490576851973660e-02 2.631112761616976929e+11 1.306111047245352030e+09
8.853222391973845917e-02 2.472485536157175598e+11 1.392349750330221176e+09
9.351956470533653865e-02 2.323106585885074158e+11 1.433507879275099754e+09
9.850692468967806037e-02 2.184015208514243469e+11 1.430703779530345917e+09
1.034943010988605139e-01 2.055951029151855774e+11 1.388304277151004314e+09
1.084816916687353777e-01 1.939356373227735291e+11 1.313198719275203466e+09
1.134690945329698275e-01 1.834386612426264648e+11 1.214421033202975273e+09
1.184565081393615799e-01 1.740927816671759644e+11 1.102957563403522253e+09
1.234439311864233557e-01 1.658620840119012756e+11 9.915737806372267008e+08
1.284313625747323662e-01 1.586890800006571350e+11 8.942278801343266964e+08
1.334188013691842700e-01 1.524980778910371094e+11 8.241476399095470905e+08
1.384062467694026355e-01 1.471988496546689148e+11 7.898239429291107655e+08
1.433936980863204647e-01 1.426904658303870239e+11 7.907785522435069084e+08
1.483811547234816508e-01 1.388651693925763855e+11 8.176169290773162842e+08
1.533686161619891020e-01 1.356121649394478149e+11 8.570195185488300323e+08
1.583560819482959792e-01 1.328212084713613281e+11 8.968869679514971972e+08
1.633435516842324520e-01 1.303858955287727814e+11 9.286284195792202950e+08
1.683310250188047585e-01 1.282065609105990601e+11 9.473194438403948545e+08
1.733185016414096891e-01 1.261927209287475433e+11 9.511197842941024303e+08
1.783059812761873808e-01 1.242650084448057861e+11 9.406183488454999924e+08
1.832934636772959591e-01 1.223565710239012756e+11 9.182604021474456787e+08
1.882809486249364950e-01 1.204139226709506378e+11 8.878258884240127802e+08
1.932684359219939418e-01 1.183972590578114014e+11 8.538805363036130667e+08
1.982559253911843622e-01 1.162802642331627197e+11 8.211248251338471174e+08
2.032434168726222901e-01 1.140494529357579956e+11 7.936208703847279549e+08
2.082309102217375085e-01 1.117031063100733490e+11 7.740062007068122625e+08
2.132184053074845376e-01 1.092498696683887177e+11 7.629570540273911953e+08
2.182059020107968983e-01 1.067070886953488464e+11 7.591784783465503454e+08
2.231934002232490444e-01 1.040989650188259735e+11 7.599662995907843113e+08
2.281808998458938198e-01 1.014546133702236633e+11 7.620796077893290520e+08
2.331684007882487975e-01 9.880610074741921997e+10 7.625668179825593233e+08
2.381559029674101546e-01 9.618654330472103882e+10 7.593311945863366127e+08
2.431434063072751561e-01 9.362832945650801086e+10 7.514060309012901783e+08
2.481309107378594780e-01 9.116152830500372314e+10 7.389996645165270567e+08
2.531184161946937738e-01 8.881253146029182434e+10 7.233716539250526428e+08
2.581059226182911837e-01 8.660296412488937378e+10 7.065688154118735790e+08
2.630934299536754062e-01 8.454888849653456116e+10 6.910262551044987440e+08
2.680809381499607014e-01 8.266030962949574280e+10 6.790513948356076479e+08
2.730684471599785779e-01 8.094098139000749207e+10 6.722696274500317574e+08
2.780559569399445041e-01 7.938849850714137268e+10 6.711885124882191420e+08
2.830434674491599245e-01 7.799465035932597351e+10 6.750518517602796555e+08
2.880309786497447511e-01 7.674600338010044861e+10 6.820475342755372524e+08
2.930184905063976664e-01 7.562467206507218933e+10 6.897683041023001671e+08
2.980060029861805737e-01 7.460923367885443115e+10 6.957379636756843328e+08
3.029935160583238640e-01 7.367573897076428223e+10 6.978533531828051805e+08
3.079810296940508341e-01 7.279877049870945740e+10 6.946840521994212866e+08
3.129685438664192021e-01 7.195250143725762939e+10 6.856388222231465578e+08
3.179560585501768344e-01 7.111171083968142700e+10 6.710293504315338135e+08
3.229435737216315716e-01 7.025271600252743530e+10 6.520528996770932674e+08
3.279310893585324904e-01 6.935418856237037659e+10 6.306931919202679396e+08
3.329186054399617678e-01 6.839782791824745941e+10 6.095140269402476549e+08
3.379061219462368704e-01 6.736887317909078979e+10 5.913068490977851152e+08
3.428936388588199047e-01 6.625644273513085938e+10 5.785799688995951414e+08
3.478811561602362934e-01 6.505369840605529022e+10 5.729708688568484783e+08
3.528686738339993356e-01 6.375783860743791199e+10 5.747884222883449793e+08
3.578561918645413176e-01 6.236993181502645874e+10 5.829152503660966158e+08
3.628437102371503964e-01 6.089460755055407715e+10 5.951296754605332613e+08
3.678312289379127020e-01 5.933962697051282501e+10 6.086739576716820002e+08
3.728187479536588800e-01 5.771535877362563324e+10 6.208193010799303055e+08
3.778062672719147974e-01 5.603418847511138153e+10 6.292773102401721478e+08
3.827937868808565791e-01 5.430989010546093750e+10 6.324370433091942072e+08
3.877813067692685856e-01 5.255698911431109619e+10 6.294715262896922827e+08
3.927688269265047216e-01 5.079014378271842194e+10 6.203628587719441652e+08
3.977563473424529095e-01 4.902356990217813873e+10 6.058761502527861595e+08
4.027438680075018929e-01 4.727053003523822784e+10 5.874901564370791912e+08
4.077313889125108171e-01 4.554290452826696014e+10 5.672718459578449726e+08
4.127189100487804740e-01 4.385085681776852417e+10 5.476652866124411821e+08
4.177064314080274343e-01 4.220260068231607056e+10 5.311627208370963931e+08
4.226939529823587338e-01 4.060427216599915314e+10 5.198606080184418559e+08
4.276814747642498915e-01 3.905990414900991058e+10 5.149899382679236531e+08
4.326689967465233155e-01 3.757149716063278961e+10 5.166015814625664353e+08
4.376565189223286523e-01 3.613917618730756378e+10 5.235728440686465502e+08
4.426440412851241901e-01 3.476142005985350800e+10 5.339401509804450870e+08
4.476315638286594845e-01 3.343534760962830353e+10 5.453904839201825857e+08
4.526190865469603142e-01 3.215704322553656769e+10 5.557147736646322012e+08
4.576066094343120838e-01 3.092190374538752365e+10 5.631201649595229626e+08
4.625941324852472225e-01 2.972498876127729797e+10 5.663969762770235538e+08
4.675816556945310287e-01 2.856135735876318359e+10 5.649795353042567968e+08
4.725691790571502904e-01 2.742637596148351669e+10 5.589397229301747084e+08
4.775567025683005173e-01 2.631598420744917679e+10 5.489359998965370655e+08
4.825442262233765600e-01 2.522690851048668289e+10 5.361243866101205945e+08
4.875317500179611185e-01 2.415681601613608551e+10 5.220260641720069051e+08
4.925192739478161941e-01 2.310440489352221298e+10 5.083415209783815145e+08
4.975067980088735964e-01 2.206943016076375198e+10 4.967087147640104890e+08
5.024943221972267837e-01 2.105266737435436630e+10 4.884281904128364325e+08
5.074818465091224251e-01 2.005581938748390198e+10 4.842161296497690082e+08
5.124693709409537945e-01 1.908137388054742432e+10 4.840695886537389159e+08
5.174568954892526662e-01 1.813242139257657623e+10 4.873027158253531456e+08
5.224444201506837082e-01 1.721244506333638763e+10 4.927412611018725038e+08
5.274319449220377098e-01 1.632509418766745949e+10 4.989971160254061222e+08
5.324194698002251425e-01 1.547395396938555145e+10 5.047320216988496184e+08
5.374069947822720517e-01 1.466232355231467628e+10 5.088537148378217220e+08
5.423945198653131738e-01 1.389301353761401558e+10 5.106302941788644195e+08
5.473820450465878285e-01 1.316817282978377533e+10 5.097338091404274702e+08
5.523695703234354770e-01 1.248915286901877594e+10 5.062304884099560976e+08
5.573570956932899501e-01 1.185641520149399757e+10 5.005316383772296309e+08
5.623446211536771155e-01 1.126948601930056953e+10 4.933139388893719316e+08
5.673321467022091058e-01 1.072695888206155205e+10 4.854148245204212666e+08
5.723196723365815419e-01 1.022654442762516212e+10 4.777096190775075555e+08
5.773071980545696480e-01 9.765163600443593979e+09 4.709822470595499277e+08
5.822947238540248094e-01 9.339078875339462280e+09 4.658086194939202666e+08
5.872822497328716862e-01 8.944056220158721924e+09 4.624763053527724147e+08
5.922697756891045495e-01 8.575549195626430511e+09 4.609601183446832895e+08
5.972573017207846169e-01 8.228895687245427132e+09 4.609591277511514425e+08
6.022448278260374988e-01 7.899517333870089531e+09 4.619821833666408062e+08
6.072323540030505340e-01 7.583111769860348701e+09 4.634561759888415933e+08
6.122198802500696813e-01 7.275828319687064171e+09 4.648298025360656977e+08
6.172074065653979646e-01 6.974418741550032616e+09 4.656535540933500528e+08
6.221949329473926982e-01 6.676355957051574707e+09 4.656275943635258675e+08
6.271824593944635984e-01 6.379915357744868279e+09 4.646179608561412692e+08
6.321699859050702308e-01 6.084215164184667587e+09 4.626464417881243229e+08
6.371575124777206778e-01 5.789214337460049629e+09 4.598613681887019873e+08
6.421450391109693179e-01 5.495668610972486496e+09 4.564968499773080945e+08
6.471325658034148276e-01 5.205047224695384979e+09 4.528276688726122975e+08
6.521200925536991821e-01 4.919414812758901596e+09 4.491264420802144408e+08
6.571076193605055460e-01 4.641284533080731392e+09 4.456286517772690058e+08
6.620951462225563855e-01 4.373449862071352005e+09 4.425094517122575641e+08
6.670826731386124697e-01 4.118803449776641846e+09 4.398737954146713614e+08
6.720702001074717602e-01 3.880152000337781429e+09 4.377587651576477885e+08
6.770577271279670795e-01 3.660036286955037117e+09 4.361447125522230864e+08
6.820452541989658890e-01 3.460565127150909901e+09 4.349706295590499640e+08
6.870327813193682909e-01 3.283271449683073521e+09 4.341493610433512926e+08
6.920203084881060285e-01 3.128997514349780083e+09 4.335796385758119226e+08
6.970078357041413764e-01 2.997814951972801208e+09 4.331538667775392532e+08
7.019953629664664740e-01 2.888983640211701870e+09 4.327624334172485471e+08
7.069828902741016607e-01 2.800951598613486767e+09 4.322965030196435452e+08
7.119704176260943651e-01 2.731396158122272491e+09 4.316515389355509281e+08
7.169579450215193273e-01 2.677304724342244625e+09 4.307332258386860490e+08
7.219454724594762673e-01 2.635091598091966629e+09 4.294663034788823724e+08
7.269329999390895525e-01 2.600745624819665909e+09 4.278054547803453803e+08
7.319205274595077526e-01 2.570001991933126926e+09 4.257461928172624111e+08
7.369080550199024193e-01 2.538530344486235619e+09 4.233329477523044348e+08
7.418955826194673087e-01 2.502130595386579037e+09 4.206614348503584862e+08
7.468831102574174929e-01 2.456927400715575218e+09 4.178729590310254097e+08
7.518706379329892497e-01 2.399554270751393795e+09 4.151395795263719559e+08
7.568581656454390627e-01 2.327318691725827694e+09 4.126409297770360708e+08
7.618456933940425113e-01 2.238340423233384609e+09 4.105357033640567660e+08
7.668332211780939378e-01 2.131656275776555777e+09 4.089328633751540184e+08
7.718207489969062252e-01 2.007286111251657963e+09 4.078687806732592583e+08
7.768082768498100199e-01 1.866256482709017992e+09 4.072960766802409887e+08
7.817958047361527329e-01 1.710580164966165543e+09 4.070877333714927435e+08
7.867833326552983175e-01 1.543191744711405277e+09 4.070565863165981770e+08
7.917708606066273802e-01 1.367841354573810101e+09 4.069867678584613204e+08
7.967583885895350715e-01 1.188950467908722162e+09 4.066711480321755409e+08
8.017459166034320850e-01 1.011435341502908111e+09 4.059478916588734984e+08
8.067334446477437693e-01 8.405051311942434311e+08 4.047297636430358291e+08
8.117209727219093507e-01 6.814428500984351635e+08 4.030212262445343137e+08
8.167085008253823775e-01 5.393781430928179026e+08 4.009201839604108930e+08
8.216960289576287213e-01 4.190612814155932665e+08 3.986032533415113688e+08
8.266835571181275766e-01 3.246478206276811361e+08 3.962957545278463364e+08
8.316710853063710163e-01 2.595030130219805241e+08 3.942303423097821474e+08
8.366586135218624376e-01 2.260343373086282015e+08 3.926010794122020602e+08
8.416461417641176723e-01 2.255594349409959614e+08 3.915219946203549504e+08
8.466336700326639875e-01 2.582153684133696258e+08 3.909995661287693381e+08
8.516211983270388641e-01 3.229134988428611755e+08 3.909262457503047585e+08
8.566087266467917738e-01 4.173424840287166238e+08 3.910973609193803668e+08
8.615962549914814028e-01 5.380199964627101421e+08 3.912480950106434226e+08
8.665837833606774288e-01 6.803918294769876003e+08 3.911028256543857455e+08
8.715713117539596322e-01 8.389751753976198435e+08 3.904271896459028721e+08
8.765588401709160093e-01 1.007541096197807670e+09 3.890737562290285826e+08
8.815463686111453256e-01 1.179329633226939678e+09 3.870140920282503366e+08
8.865338970742548952e-01 1.347289678753106833e+09 3.843522080842749476e+08
8.915214255598600257e-01 1.504334708548187017e+09 3.813164156500965357e+08
8.965089540675857949e-01 1.643604790043278456e+09 3.782287399998264909e+08
9.014964825970653850e-01 1.758724959737218857e+09 3.754539356872559786e+08
9.064840111479389728e-01 1.844050117861190796e+09 3.733343036663623452e+08
9.114715397198557278e-01 1.894887014762084007e+09 3.721214320392263532e+08
9.164590683124720361e-01 1.907684685435201168e+09 3.719196987941071391e+08
9.214465969254520550e-01 1.880185796359593868e+09 3.726561232320247293e+08
9.264341255584663815e-01 1.811532761004365444e+09 3.740854341625362039e+08
9.314216542111933839e-01 1.702324105670890570e+09 3.758297080493018031e+08
9.364091828833184250e-01 1.554618366378450394e+09 3.774429065530816317e+08
9.413967115745327519e-01 1.371884705073296070e+09 3.784859707452033758e+08
9.463842402845346058e-01 1.158901380867424488e+09 3.785986251803952456e+08
9.513717690130290006e-01 9.216051295136355162e+08 3.775576654053138494e+08
9.563592977597260569e-01 6.668963235066398382e+08 3.753154886102814674e+08
9.613468265243425570e-01 4.024064412143425345e+08 3.720152991954460144e+08
9.663343553066010561e-01 1.362358071867270172e+08 3.679806194139044285e+08
9.713218841062303266e-01 -1.233292740355080962e+08 3.636774429181762338e+08
9.763094129229632490e-01 -3.681100239590008259e+08 3.596491991988355517e+08
9.812969417565396979e-01 -5.903288721362594366e+08 3.564292375239695907e+08
9.862844706067037670e-01 -7.828927201206434965e+08 3.544431198019180298e+08
9.912719994732055451e-01 -9.396554377251309156e+08 3.539211127057304978e+08
9.962595283557990067e-01 -1.055649855889588237e+09 3.548444244592515230e+08
1.001247057254244233e+00 -1.127280486457985401e+09 3.569420671558035612e+08
1.006234586168305301e+00 -1.152469487834506512e+09 3.597398580185125470e+08
1.011222115097751173e+00 -1.130749966192575216e+09 3.626470194910493493e+08
1.016209644042354920e+00 -1.063302504125262737e+09 3.650576616024762988e+08
1.021197173001895608e+00 -9.529327831858706474e+08 3.664462702822492123e+08
1.026184701976153857e+00 -8.039902478687739372e+08 3.664438101686658263e+08
1.031172230964917613e+00 -6.222298755165385008e+08 3.648884687068940997e+08
1.036159759967976379e+00 -4.146211961878668070e+08 3.618493540217372179e+08
1.041147288985125208e+00 -1.891106751091462970e+08 3.576225292923092246e+08
1.046134818016162260e+00 4.565464340292397141e+07 3.526981565880300403e+08
1.051122347060890139e+00 2.806327946404142380e+08 3.476973885165247321e+08
1.056109876119114777e+00 5.067111910128775835e+08 3.432803578227170706e+08
1.061097405190645881e+00 7.150380265957291126e+08 3.400339327165715098e+08
1.066084934275296714e+00 8.973487884569381475e+08 3.383588843589072824e+08
1.071072463372883643e+00 1.046275832079814434e+09 3.383850293979513049e+08
1.076059992483227479e+00 1.155629374108475447e+09 3.399412134300966263e+08
1.081047521606151030e+00 1.220639086718013287e+09 3.425910585511259437e+08
1.086035050741481101e+00 1.238146725261627436e+09 3.457227693894080520e+08
1.091022579889048050e+00 1.206741849761887550e+09 3.486656369260115027e+08
1.096010109048684011e+00 1.126834661428861618e+09 3.508045479249513149e+08
1.100997638220225783e+00 1.000662203981705427e+09 3.516729270270346999e+08
1.105985167403511937e+00 8.322266001861302853e+08 3.510154466495478153e+08
1.110972696598383935e+00 6.271665210691595078e+08 3.488188481332108974e+08
1.115960225804686790e+00 3.925656260707511306e+08 3.453115003924146295e+08
1.120947755022267955e+00 1.367041706987745166e+08 3.409318408262372613e+08
1.125935284250977553e+00 -1.312377424204472154e+08 3.362653395192875862e+08
1.130922813490668366e+00 -4.015147856006974578e+08 3.319518268888062835e+08
1.135910342741195622e+00 -6.641767672626626492e+08 3.285718866246964335e+08
1.140897872002417213e+00 -9.094413790934365988e+08 3.265318205670595169e+08
1.145885401274193693e+00 -1.128065248009311199e+09 3.259759311285150051e+08
1.150872930556387619e+00 -1.311699016984765291e+09 3.267538672248787880e+08
1.155860459848864208e+00 -1.453212539614300966e+09 3.284552887135945559e+08
1.160847989151490678e+00 -1.546977190312464476e+09 3.305010887610130906e+08
1.165835518464137355e+00 -1.589093743539882421e+09 3.322636836674917936e+08
1.170823047786675675e+00 -1.577556217048174620e+09 3.331865115066655874e+08
1.175810577118979738e+00 -1.512344440233788967e+09 3.328814560242419243e+08
1.180798106460926311e+00 -1.395440814028514385e+09 3.311936027668787241e+08
1.185785635812393490e+00 -1.230769671531203985e+09 3.282294712062734962e+08
1.190773165173261150e+00 -1.024060714103086829e+09 3.243467565676994920e+08
1.195760694543412272e+00 -7.826410626347826719e+08 3.201031758949182034e+08
1.200748223922731173e+00 -5.151634014689038396e+08 3.161632449279069304e+08
1.205735753311103498e+00 -2.312803780542609096e+08 3.131688297121429443e+08
1.210723282708418003e+00 5.872226288106683642e+07 3.115936419350370765e+08
1.215710812114564332e+00 3.443194911723911166e+08 3.116180273156499267e+08
1.220698341529434350e+00 6.151521515284734964e+08 3.130653866668421626e+08
1.225685870952921253e+00 8.614272250957334042e+08 3.154249187233919501e+08
1.230673400384920457e+00 1.074296964005643845e+09 3.179534332225863934e+08
1.235660929825329379e+00 1.246201370630231619e+09 3.198227371513234973e+08
1.240648459274045878e+00 1.371159857345664740e+09 3.202736524852979779e+08
1.245635988730970478e+00 1.444999904518891811e+09 3.187495097307970524e+08
1.250623518196004813e+00 1.465513059768787622e+09 3.149973065959835649e+08
1.255611047669052738e+00 1.432531590537075281e+09 3.091336314074751139e+08
1.260598577150018551e+00 1.347922392946926594e+09 3.016723855891209841e+08
1.265586106638808772e+00 1.215498234634909630e+09 2.935039272338677049e+08
1.270573636135331475e+00 1.040849918346032262e+09 2.858046891708064079e+08
1.275561165639495398e+00 8.311063429640243053e+08 2.798528337943037152e+08
1.280548695151212168e+00 5.946325580198452473e+08 2.767482869032219052e+08
1.285536224670393413e+00 3.406786147784485817e+08 2.770973652435287833e+08
1.290523754196952311e+00 7.899418596169352531e+07 2.807894498644908667e+08
1.295511283730804264e+00 -1.805745464718432128e+08 2.869834477545914054e+08
1.300498813271864673e+00 -4.284884264340465665e+08 2.943089906274701357e+08
1.305486342820051382e+00 -6.559019253310180902e+08 3.011733910686477423e+08
1.310473872375283122e+00 -8.550161792121078968e+08 3.060523184315735698e+08
1.315461401937479291e+00 -1.019383303706766486e+09 3.077054494183924794e+08
1.320448931506561285e+00 -1.144148990353744745e+09 3.053184167183216214e+08
1.325436461082451389e+00 -1.226223145086132526e+09 2.985962383619990349e+08
1.330423990665072775e+00 -1.264371561420138836e+09 2.878319014987214804e+08
1.335411520254350393e+00 -1.259225182478196383e+09 2.739615595570741296e+08
1.340399049850209634e+00 -1.213207235397693872e+09 2.585956949024477303e+08
1.345386579452577447e+00 -1.130382247224219799e+09 2.439714643045200706e+08
1.350374109061381667e+00 -1.016234499503086329e+09 2.327002587515364587e+08
1.355361638676551461e+00 -8.773866826800186634e+08 2.271585085009772182e+08
1.360349168298016442e+00 -7.212722185233659744e+08 2.285925221583016813e+08
1.365336697925707776e+00 -5.557767991232584715e+08 2.364778442642194033e+08
1.370324227559557517e+00 -3.888660428321169615e+08 2.486990297685363889e+08
1.375311757199498608e+00 -2.282167234717710912e+08 2.623653347158826292e+08
1.380299286845465101e+00 -8.086875915929296613e+07 2.746073959725293517e+08
1.385286816497391715e+00 4.708593885040474683e+07 2.830254957690801620e+08
1.390274346155214724e+00 1.507635097973268330e+08 2.858571579798939228e+08
1.395261875818870623e+00 2.266853646584951878e+08 2.820170475022245049e+08
1.400249405488297016e+00 2.729039621949628592e+08 2.711032346677114964e+08
1.405236935163432621e+00 2.890520193648427725e+08 2.534125447901974022e+08
1.410224464844216596e+00 2.763137788401783109e+08 2.299924625818394125e+08
1.415211994530589656e+00 2.373207572617689371e+08 2.027682424914472401e+08
1.420199524222492293e+00 1.759780704178964794e+08 1.747998407225829959e+08
1.425187053919866997e+00 9.723079400852224231e+07 1.506288090681992173e+08
1.430174583622656481e+00 6.782705191561457701e+06 1.360272797579037249e+08
1.435162113330804123e+00 -8.921798376408359408e+07 1.353081441245444417e+08
1.440149643044254413e+00 -1.845097547578601837e+08 1.472203560716380179e+08
1.445137172762952060e+00 -2.730489080330591798e+08 1.658561029665800035e+08
1.450124702486843331e+00 -3.493239354575047493e+08 1.851098540880022049e+08
1.455112232215874490e+00 -4.086373602945230007e+08 2.006130717651181519e+08
1.460099761949993358e+00 -4.473410137561732531e+08 2.095866136872441173e+08
1.465087291689147531e+00 -4.630131753399139643e+08 2.103986217855066955e+08
1.470074821433285939e+00 -4.545690354448040724e+08 2.022807608419297934e+08
1.475062351182357734e+00 -4.222993961190621257e+08 1.851705710050646663e+08
1.480049880936313622e+00 -3.678362248215532303e+08 1.596104865601512492e+08
1.485037410695103866e+00 -2.940474399613865614e+08 1.266628980192000270e+08
1.490024940458680058e+00 -2.048669237413440645e+08 8.782224036338190734e+07
1.495012470226994683e+00 -1.050690818946792185e+08 4.491693737329822034e+07
