# r [arcsec]	I [Jy/sr]	I_uncer [Jy/sr]
1.272617859314095550e-03 1.547274768348416901e+10 4.725708139868952751e+09
2.921189009106442414e-03 1.550195288202039337e+10 4.721086297049338341e+09
4.579495862547155495e-03 1.555445025878948784e+10 4.712809857666120529e+09
6.240002426697914550e-03 1.563017440735506821e+10 4.700882768731760979e+09
7.901343393063876494e-03 1.572901556569511604e+10 4.685325550591517448e+09
9.563088128690054243e-03 1.585082893540548706e+10 4.666167260687013626e+09
1.122505851373705593e-02 1.599543575426519394e+10 4.643444272722558022e+09
1.288716767388508287e-02 1.616262371749794769e+10 4.617199946044263840e+09
1.454936822595933807e-02 1.635214733001587868e+10 4.587484466767948151e+09
1.621163214106096165e-02 1.656372827849139214e+10 4.554354729633502960e+09
1.787394178310437384e-02 1.679705584253960037e+10 4.517874228141529083e+09
1.953628550253095827e-02 1.705178734989446640e+10 4.478112943097318649e+09
2.119865529577967186e-02 1.732754867680852890e+10 4.435147226424612999e+09
2.286104548286438387e-02 1.762393479354353333e+10 4.389059679417888641e+09
2.452345192144544592e-02 1.794051035446043396e+10 4.339939025638463974e+09
2.618587151961204035e-02 1.827681033189234924e+10 4.287879979150452614e+09
2.784830192283991451e-02 1.863234069296749496e+10 4.232983109060447216e+09
2.951074130657948408e-02 1.900657911828849792e+10 4.175354701536155224e+09
3.117318823511218417e-02 1.939897576147210693e+10 4.115106620600767612e+09
3.283564156322602012e-02 1.980895404834764481e+10 4.052356169157687187e+09
3.449810036628684490e-02 2.023591151462771606e+10 3.987225951775618076e+09
3.616056388957845924e-02 2.067922068074709320e+10 3.919843740911798477e+09
3.782303151098994481e-02 2.113822996257853317e+10 3.850342348330872536e+09
3.948550271312052662e-02 2.161226461658384705e+10 3.778859503587828636e+09
4.114797706214112089e-02 2.210062771800870895e+10 3.705537741529039383e+09
4.281045419157746001e-02 2.260260117059453964e+10 3.630524300847212315e+09
4.447293378972808769e-02 2.311744674627528763e+10 3.553971035774837017e+09
4.613541558980088775e-02 2.364440715328466415e+10 3.476034343035204411e+09
4.779789936210682849e-02 2.418270713102561951e+10 3.396875106123174191e+09
4.946038490782722619e-02 2.473155457004379654e+10 3.316658658936796188e+09
5.112287205399637657e-02 2.529014165539556122e+10 3.235554770534929276e+09
5.278536064943199074e-02 2.585764603165831757e+10 3.153737652531636715e+09
5.444785056141081270e-02 2.643323198782190704e+10 3.071385990093225956e+09
5.611034167293492414e-02 2.701605166023587036e+10 2.988682996768662930e+09
5.777283388046990098e-02 2.760524625180244064e+10 2.905816492314909935e+09
5.943532709206246489e-02 2.819994726553522491e+10 2.822979001146571159e+09
6.109782122576532665e-02 2.879927775062262344e+10 2.740367866994753838e+09
6.276031620831216962e-02 2.940235355909953308e+10 2.658185376566239834e+09
6.442281197399798987e-02 3.000828461119499588e+10 2.576638881321588993e+09
6.608530846372812073e-02 3.061617616747218323e+10 2.495940901700920582e+09
6.774780562420743002e-02 3.122513010578495407e+10 2.416309192075578690e+09
6.941030340724584080e-02 3.183424620115041733e+10 2.337966737075278282e+09
7.107280176916151715e-02 3.244262340657731247e+10 2.261141640752359390e+09
7.273530067026563739e-02 3.304936113290744781e+10 2.186066859197970867e+09
7.439780007441634813e-02 3.365356052575889587e+10 2.112979714998165369e+09
7.606029994863128252e-02 3.425432573760560989e+10 2.042121118992437124e+09
7.772280026274960840e-02 3.485076519311049652e+10 1.973734412350638151e+09
7.938530098913672284e-02 3.544199284577407837e+10 1.908063732056017637e+09
8.104780210242505667e-02 3.602712942402998352e+10 1.845351798446276188e+09
8.271030357928650656e-02 3.660530366490637207e+10 1.785837028547662735e+09
8.437280539823126257e-02 3.717565353339725494e+10 1.729749898355047464e+09
8.603530753943039455e-02 3.773732742574330139e+10 1.677308516089209080e+09
8.769780998455847798e-02 3.828948535478856659e+10 1.628713430820278883e+09
8.936031271665356712e-02 3.883130011568502045e+10 1.584141788004626036e+09
9.102281571999285004e-02 3.936195843018744659e+10 1.543741051540415764e+09
9.268531897998151525e-02 3.988066206785530090e+10 1.507622629973809004e+09
9.434782248305331742e-02 4.038662894250078583e+10 1.475855853652649879e+09
9.601032621658157906e-02 4.087909418227589417e+10 1.448462824965507030e+09
9.767283016879922675e-02 4.135731117182004547e+10 1.425414679376098156e+09
9.933533432872686253e-02 4.182055256495407104e+10 1.406629731511377335e+09
1.009978386861079547e-01 4.226811126644261932e+10 1.391973833919025421e+09
1.026603432313502873e-01 4.269930138141547394e+10 1.381263062318340540e+09
1.043228479554730720e-01 4.311345913105934906e+10 1.374268595342985630e+09
1.059853528500589448e-01 4.350994373330538940e+10 1.370723424768653870e+09
1.076478579072105424e-01 4.388813824721842194e+10 1.370330357559856653e+09
1.093103631195108394e-01 4.424745037994619751e+10 1.372770682517623663e+09
1.109728684799872744e-01 4.458731325504878235e+10 1.377712878833429813e+09
1.126353739820789568e-01 4.490718614119657135e+10 1.384820827420951366e+09
1.142978796196066349e-01 4.520655514019555664e+10 1.393761120647393703e+09
1.159603853867454265e-01 4.548493383344042206e+10 1.404209220175413609e+09
1.176228912779997832e-01 4.574186388591384125e+10 1.415854358583787203e+09
1.192853972881804531e-01 4.597691560695640564e+10 1.428403200062288284e+09
1.209479034123834701e-01 4.618968846707234955e+10 1.441582360644656181e+09
1.226104096459709192e-01 4.637981157015064240e+10 1.455139939243688822e+09
1.242729159845529646e-01 4.654694408048034668e+10 1.468846232487155199e+09
1.259354224239715991e-01 4.669077560412413025e+10 1.482493806517183781e+09
1.275979289602855449e-01 4.681102652416309357e+10 1.495897085121579647e+09
1.292604355897561952e-01 4.690744828951038361e+10 1.508891592243997335e+09
1.309229423088349165e-01 4.697982365699417877e+10 1.521332962850284576e+09
1.325854491141509606e-01 4.702796688652919769e+10 1.533095812507046461e+09
1.342479560025006402e-01 4.705172388923437500e+10 1.544072534675115824e+09
1.359104629708369483e-01 4.705097232847663116e+10 1.554172076506230593e+09
1.375729700162601765e-01 4.702562167386396027e+10 1.563318729032725573e+09
1.392354771360091448e-01 4.697561320827761078e+10 1.571450955899274826e+09
1.408979843274529020e-01 4.690091998815604401e+10 1.578520275791504383e+09
1.425604915880832879e-01 4.680154675726559448e+10 1.584490207030423403e+09
1.442229989155077718e-01 4.667752981429582214e+10 1.589335277977748871e+09
1.458855063074428748e-01 4.652893683469012451e+10 1.593040103512898922e+09
1.475480137617080634e-01 4.635586664718276978e+10 1.595598525568073750e+09
1.492105212762198374e-01 4.615844896559559631e+10 1.597012814265957117e+09
1.508730288489867621e-01 4.593684407651154327e+10 1.597292925341442347e+09
1.525355364781040279e-01 4.569124248350540924e+10 1.596455809114618301e+09
1.541980441617490649e-01 4.542186450871138000e+10 1.594524766151068687e+09
1.558605518981770188e-01 4.512895985252418518e+10 1.591528844821378946e+09
1.575230596857167542e-01 4.481280711231997681e+10 1.587502276173416376e+09
1.591855675227668576e-01 4.447371326117532349e+10 1.582483941815465927e+09
1.608480754077921959e-01 4.411201308755479431e+10 1.576516870832193136e+09
1.625105833393203636e-01 4.372806859705918884e+10 1.569647762116005182e+09
1.641730913159387406e-01 4.332226837735141754e+10 1.561926528840897560e+09
1.658355993362912173e-01 4.289502692743717194e+10 1.553405862172105074e+09
1.674981073990755853e-01 4.244678395253788757e+10 1.544140811653705597e+09
1.691606155030408176e-01 4.197800362582707214e+10 1.534188380055921555e+09
1.708231236469845982e-01 4.148917381836203766e+10 1.523607130808761835e+09
1.724856318297508795e-01 4.098080529859183502e+10 1.512456806476546288e+09
1.741481400502279120e-01 4.045343090284349060e+10 1.500797957063955069e+09
1.758106483073458848e-01 3.990760467824444580e+10 1.488691577277864456e+09
1.774731566000750660e-01 3.934390099958005524e+10 1.476198752203326941e+09
1.791356649274240265e-01 3.876291366161318970e+10 1.463380311197985649e+09
1.807981732884377246e-01 3.816525494839863586e+10 1.450296490151439190e+09
1.824606816821959798e-01 3.755155468121918488e+10 1.437006602611167908e+09
1.841231901078118072e-01 3.692245924671506500e+10 1.423568720626238108e+09
1.857856985644300296e-01 3.627863060686801147e+10 1.410039366504988670e+09
1.874482070512257237e-01 3.562074529247881317e+10 1.396473217026485920e+09
1.891107155674030538e-01 3.494949338181748962e+10 1.382922821951581001e+09
1.907732241121938566e-01 3.426557746612646484e+10 1.369438338976284981e+09
1.924357326848565586e-01 3.356971160367169189e+10 1.356067287498435497e+09
1.940982412846749550e-01 3.286262026404905701e+10 1.342854323762467861e+09
1.957607499109572380e-01 3.214503726445097351e+10 1.329841040052957058e+09
1.974232585630348313e-01 3.141770469960169220e+10 1.317065790632520437e+09
1.990857672402615297e-01 3.068137186707896805e+10 1.304563547052957058e+09
2.007482759420124996e-01 2.993679418971285629e+10 1.292365785286190987e+09
2.024107846676835298e-01 2.918473213677510834e+10 1.280500406834053278e+09
2.040732934166899215e-01 2.842595014563618469e+10 1.268991695572449446e+09
2.057358021884660160e-01 2.766121554557161331e+10 1.257860311581659794e+09
2.073983109824642512e-01 2.689129748537656021e+10 1.247123322602814198e+09
2.090608197981545235e-01 2.611696586642245865e+10 1.236794273083445787e+09
2.107233286350234380e-01 2.533899028280068207e+10 1.226883290037951708e+09
2.123858374925735870e-01 2.455813897011248779e+10 1.217397224174494743e+09
2.140483463703231337e-01 2.377517776451836395e+10 1.208339823985015631e+09
2.157108552678049240e-01 2.299086907355264664e+10 1.199711939751306534e+09
2.173733641845664311e-01 2.220597086024172974e+10 1.191511753757971048e+09
2.190358731201685061e-01 2.142123564198501968e+10 1.183735032421016693e+09
2.206983820741854618e-01 2.063740950565229797e+10 1.176375395574039936e+09
2.223608910462041566e-01 1.985523114029361725e+10 1.169424597820705652e+09
2.240234000358239386e-01 1.907543088883188629e+10 1.162872816669955015e+09
2.256859090426557024e-01 1.829872982004573059e+10 1.156708942119897604e+09
2.273484180663219723e-01 1.752583882214402771e+10 1.150920862453524113e+09
2.290109271064561247e-01 1.675745771912947083e+10 1.145495741232122183e+09
2.306734361627020280e-01 1.599427441116902161e+10 1.140420280816060781e+09
2.323359452347137921e-01 1.523696404007109261e+10 1.135680968185874701e+09
2.339984543221555469e-01 1.448618818098348045e+10 1.131264299356108427e+09
2.356609634247005536e-01 1.374259406131220245e+10 1.127156979250445843e+09
2.373234725420314828e-01 1.300681380785833931e+10 1.123346094523147345e+09
2.389859816738397480e-01 1.227946372308243942e+10 1.119819257440911531e+09
2.406484908198254224e-01 1.156114359136606216e+10 1.116564719569085836e+09
2.423109999796965175e-01 1.085243601606932831e+10 1.113571454626358509e+09
2.439735091531692601e-01 1.015390578814743805e+10 1.110829210459437370e+09
2.456360183399674824e-01 9.466099286998828888e+09 1.108328530648580790e+09
2.472985275398224547e-01 8.789543914189634323e+09 1.106060746773479462e+09
2.489610367524725254e-01 8.124747560615615845e+09 1.104017942839221478e+09
2.506235459776631203e-01 7.472198107616533279e+09 1.102192893790982723e+09
2.522860552151463542e-01 6.832362962482431412e+09 1.100578980423010826e+09
2.539485644646808371e-01 6.205688628754608154e+09 1.099170083317505121e+09
2.556110737260313126e-01 5.592600311630084038e+09 1.097960458725733042e+09
2.572735829989687417e-01 4.993501558745210648e+09 1.096944599532150269e+09
2.589360922832700251e-01 4.408773936538937569e+09 1.096117084615119219e+09
2.605986015787175591e-01 3.838776742338619709e+09 1.095472420040502071e+09
2.622611108850994577e-01 3.283846752247851372e+09 1.095004875585197687e+09
2.639236202022091082e-01 2.744298004865681648e+09 1.094708320097233295e+09
2.655861295298450053e-01 2.220421620788919449e+09 1.094576059149472952e+09
2.672486388678106950e-01 1.712485657811349869e+09 1.094600678328049898e+09
2.689111482159146083e-01 1.220735001661158800e+09 1.094773895337446213e+09
2.705736575739698391e-01 7.453912920616246462e+08 1.095086423876598597e+09
2.722361669417941443e-01 2.866528838529103994e+08 1.095527851964931488e+09
2.738986763192096108e-01 -1.553051571465238929e+08 1.096086537081954241e+09
2.755611857060425440e-01 -5.803310239324266911e+08 1.096749520120430946e+09
2.772236951021236906e-01 -9.882961041629617214e+08 1.097502459764774561e+09
2.788862045072874607e-01 -1.379094882573688507e+09 1.098329588497202158e+09
2.805487139213725944e-01 -1.752644810470067024e+09 1.099213691016568661e+09
2.822112233442213292e-01 -2.108886142885504961e+09 1.100136105431468964e+09
2.838737327756796214e-01 -2.447781744037539959e+09 1.101076747195377111e+09
2.855362422155972579e-01 -2.769316861741117954e+09 1.102014155356759787e+09
2.871987516638271343e-01 -3.073498871510832310e+09 1.102925560361483574e+09
2.888612611202258651e-01 -3.360356991098622322e+09 1.103786972326495886e+09
2.905237705846532292e-01 -3.629941966272860050e+09 1.104573288446248055e+09
2.921862800569720031e-01 -3.882325728673871994e+09 1.105258417981554270e+09
2.938487895370484604e-01 -4.117601026614875317e+09 1.105815423117171049e+09
2.955112990247516502e-01 -4.335881029743832588e+09 1.106216673872067451e+09
2.971738085199533974e-01 -4.537298908500211716e+09 1.106434015186218023e+09
2.988363180225286353e-01 -4.722007389340106964e+09 1.106438944297814131e+09
3.004988275323551283e-01 -4.890178286721302032e+09 1.106202796559852600e+09
3.021613370493130279e-01 -5.042002012888324738e+09 1.105696937915544033e+09
3.038238465732852611e-01 -5.177687066487305641e+09 1.104892962351140976e+09
3.054863561041573639e-01 -5.297459501094276428e+09 1.103762892773168325e+09
3.071488656418173702e-01 -5.401562374738123894e+09 1.102279383904196739e+09
3.088113751861554790e-01 -5.490255181536376953e+09 1.100415925948784351e+09
3.104738847370644983e-01 -5.563813266550009727e+09 1.098147047946959019e+09
3.121363942944395120e-01 -5.622527225008438110e+09 1.095448519905910492e+09
3.137989038581776025e-01 -5.666702287041486740e+09 1.092297552965443850e+09
3.154614134281782389e-01 -5.696657689075222015e+09 1.088672997019609451e+09
3.171239230043430002e-01 -5.712726033050298691e+09 1.084555535370867252e+09
3.187864325865753523e-01 -5.715252634637057304e+09 1.079927876140507460e+09
3.204489421747808708e-01 -5.704594861596855164e+09 1.074774940293203592e+09
3.221114517688670742e-01 -5.681121463477302551e+09 1.069084046249125123e+09
3.237739613687434237e-01 -5.645211893788087845e+09 1.062845091166779280e+09
3.254364709743211015e-01 -5.597255625831160545e+09 1.056050729056794286e+09
3.270989805855132326e-01 -5.537651463326189041e+09 1.048696545955994368e+09
3.287614902022346075e-01 -5.466806846995163918e+09 1.040781232429403543e+09
3.304239998244018484e-01 -5.385137158215917587e+09 1.032306753674118280e+09
3.320865094519330207e-01 -5.293065020896105766e+09 1.023278517482682586e+09
3.337490190847480775e-01 -5.191019602652164459e+09 1.013705540249189377e+09
3.354115287227684150e-01 -5.079435916402402878e+09 1.003600611089180470e+09
3.370740383659170392e-01 -4.958754123439568520e+09 9.929804539605576992e+08
3.387365480141183438e-01 -4.829418839048703194e+09 9.818658874090967178e+08
3.403990576672984991e-01 -4.691878441693392754e+09 9.702819812030092478e+08
3.420615673253846745e-01 -4.546584386793828964e+09 9.582582086387356520e+08
3.437240769883058711e-01 -4.393990526081390381e+09 9.458285926683983803e+08
3.453865866559921449e-01 -4.234552433486996174e+09 9.330318431887936592e+08
3.470490963283750507e-01 -4.068726738512921333e+09 9.199114818152221441e+08
3.487116060053874755e-01 -3.896970467981230736e+09 9.065159491922311783e+08
3.503741156869634166e-01 -3.719740397050134659e+09 8.928986883618317842e+08
3.520366253730383144e-01 -3.537492410339898109e+09 8.791181958711869717e+08
3.536991350635486642e-01 -3.350680873987215042e+09 8.652380301768343449e+08
3.553616447584322380e-01 -3.159758019415741444e+09 8.513267645032558441e+08
3.570241544576279180e-01 -2.965173339569275379e+09 8.374578687223908901e+08
3.586866641610758633e-01 -2.767372998331833363e+09 8.237095021739680767e+08
3.603491738687170098e-01 -2.566799253809635162e+09 8.101641968778291941e+08
3.620116835804937372e-01 -2.363889896130774975e+09 7.969084086292080879e+08
3.636741932963493684e-01 -2.159077700366754055e+09 7.840319124918243885e+08
3.653367030162280593e-01 -1.952789895157480001e+09 7.716270197957954407e+08
3.669992127400752979e-01 -1.745447647572363138e+09 7.597875965957925320e+08
3.686617224678372939e-01 -1.537465564714989662e+09 7.486078693717544079e+08
3.703242321994613118e-01 -1.329251212527818918e+09 7.381810131819233894e+08
3.719867419348956150e-01 -1.121204652233304977e+09 7.285975308556866646e+08
3.736492516740893000e-01 -9.137179947903010845e+08 7.199434490037848949e+08
3.753117614169925176e-01 -7.071749737270804644e+08 7.122983767612421513e+08
3.769742711635561405e-01 -5.019505366594925523e+08 7.057334945329649448e+08
3.786367809137318741e-01 -2.984104557727586031e+08 7.003095599670772552e+08
3.802992906674724227e-01 -9.691095751104101539e+07 6.960750336997925043e+08
3.819618004247312126e-01 1.022016283247176558e+08 6.930644347245402336e+08
3.836243101854625026e-01 2.985911999028298259e+08 6.912970317979431152e+08
3.852868199496213841e-01 4.919321949706153870e+08 6.907759617663369179e+08
3.869493297171635593e-01 6.819098826657614708e+08 6.914878387605265379e+08
3.886118394880457849e-01 8.682206354444700480e+08 6.934028827148292065e+08
3.902743492622252064e-01 1.050572181119690299e+09 6.964755562557766438e+08
3.919368590396599683e-01 1.228683834992511749e+09 7.006456611390261650e+08
3.935993688203087704e-01 1.402286712127687693e+09 7.058398142484846115e+08
3.952618786041311449e-01 1.571123919830208063e+09 7.119732024235488176e+08
3.969243883910870685e-01 1.734950730425280094e+09 7.189515067220758200e+08
3.985868981811374612e-01 1.893534734463528395e+09 7.266728896381669044e+08
4.002494079742436872e-01 2.046655974513122559e+09 7.350299510642727613e+08
4.019119177703678880e-01 2.194107059713270187e+09 7.439115771959733963e+08
4.035744275694727046e-01 2.335693261302472115e+09 7.532046277357356548e+08
4.052369373715214440e-01 2.471232589353493214e+09 7.627954277093793154e+08
4.068994471764781906e-01 2.600555850974150658e+09 7.725710488243037462e+08
4.085619569843071952e-01 2.723506690247262478e+09 7.824203803351674080e+08
4.102244667949735413e-01 2.839941610225636959e+09 7.922350004316947460e+08
4.118869766084432005e-01 2.949729977285186291e+09 8.019098663712168932e+08
4.135494864246819224e-01 3.052754008196385384e+09 8.113438455256816149e+08
4.152119962436567890e-01 3.148908740258835316e+09 8.204401108648217916e+08
4.168745060653349932e-01 3.238101984880463123e+09 8.291064239165915251e+08
4.185370158896842829e-01 3.320254264993701458e+09 8.372553265419683456e+08
4.201995257166728504e-01 3.395298736710695744e+09 8.448042604901720285e+08
4.218620355462696647e-01 3.463181095633662224e+09 8.516756310265427828e+08
4.235245453784438063e-01 3.523859468254575253e+09 8.577968282541121244e+08
4.251870552131651881e-01 3.577304288877887249e+09 8.631002172187967300e+08
4.268495650504041117e-01 3.623498162522887707e+09 8.675231056366151571e+08
4.285120748901312115e-01 3.662435714246207237e+09 8.710076961067252159e+08
4.301745847323175664e-01 3.694123425371863365e+09 8.735010280322458744e+08
4.318370945769347546e-01 3.718579457064534664e+09 8.749549130906864405e+08
4.334996044239549096e-01 3.735833461758077145e+09 8.753258670086019039e+08
4.351621142733504422e-01 3.745926382868803024e+09 8.745750395040941238e+08
4.368246241250944295e-01 3.748910243320719242e+09 8.726681435952775478e+08
4.384871339791597822e-01 3.744847923312036514e+09 8.695753849327723980e+08
4.401496438355204099e-01 3.733812927848597527e+09 8.652713914443664551e+08
4.418121536941504446e-01 3.715889144477366447e+09 8.597351432699598074e+08
4.434746635550242400e-01 3.691170591738522530e+09 8.529499027875546217e+08
4.451371734181167605e-01 3.659761158765684605e+09 8.449031443675622940e+08
4.467996832834031928e-01 3.621774336552914143e+09 8.355864834308605194e+08
4.484621931508591675e-01 3.577332941293781281e+09 8.249956043118820190e+08
4.501247030204606481e-01 3.526568830322908878e+09 8.131301864348032475e+08
4.517872128921838204e-01 3.469622611037236214e+09 7.999938282863396406e+08
4.534497227660054253e-01 3.406643343324174881e+09 7.855939687155728340e+08
4.551122326419027031e-01 3.337788235854523182e+09 7.699418050891637802e+08
4.567747425198525613e-01 3.263222336763566971e+09 7.530522079054450989e+08
4.584372523998329063e-01 3.183118219045274258e+09 7.349436314719959497e+08
4.600997622818217003e-01 3.097655661185920238e+09 7.156380203447546959e+08
4.617622721657972384e-01 3.007021323328420162e+09 6.951607112260711193e+08
4.634247820517383154e-01 2.911408419492669106e+09 6.735403301221879721e+08
4.650872919396236149e-01 2.811016386099858284e+09 6.508086845519523621e+08
4.667498018294323758e-01 2.706050547345940590e+09 6.270006507158060074e+08
4.684123117211442255e-01 2.596721777600718498e+09 6.021540555036040545e+08
4.700748216147389580e-01 2.483246161423026562e+09 5.763095533606297970e+08
4.717373315101965336e-01 2.365844651274004936e+09 5.495104979697800875e+08
4.733998414074974126e-01 2.244742723584687710e+09 5.218028088783403635e+08
4.750623513066224435e-01 2.120170033141602039e+09 4.932348330979580879e+08
4.767248612075521974e-01 1.992360066549214602e+09 4.638572019184169769e+08
4.783873711102680226e-01 1.861549794559348822e+09 4.337226830234357119e+08
4.800498810147514894e-01 1.727979324204212666e+09 4.028860282790158391e+08
4.817123909209840571e-01 1.591891550251114368e+09 3.714038173314985037e+08
4.833749008289477955e-01 1.453531807236364603e+09 3.393342975756592751e+08
4.850374107386249412e-01 1.313147521113903046e+09 3.067372207022356987e+08
4.866999206499977859e-01 1.170987862401289225e+09 2.736736767841084003e+08
4.883624305630492324e-01 1.027303398928297639e+09 2.402059264567523301e+08
4.900249404777619611e-01 8.823457513983269930e+08 2.063972336455835700e+08
4.916874503941192631e-01 7.363672477389017344e+08 1.723117023179590404e+08
4.933499603121045407e-01 5.896205829497258663e+08 1.380141312240561843e+08
4.950124702317013070e-01 4.423584738708836436e+08 1.035699312345754653e+08
4.966749801528934083e-01 2.948333289915401340e+08 6.904534133502800763e+07
4.983374900756649684e-01 1.472968737041915357e+08 3.450992366274089366e+07
