# r [arcsec]	I [Jy/sr]	I_uncer [Jy/sr]
1.272617859314095550e-03 4.612891849284185028e+10 1.364417181168560505e+09
2.921189009106442414e-03 4.611707949674562073e+10 1.363627990559701681e+09
4.579495862547155495e-03 4.609578625817021942e+10 1.362311008106245041e+09
6.240002426697914550e-03 4.606504436549954224e+10 1.360432876679969788e+09
7.901343393063876494e-03 4.602486813646604156e+10 1.357988438583845854e+09
9.563088128690054243e-03 4.597527689729462433e+10 1.354978213674147606e+09
1.122505851373705593e-02 4.591629462069161987e+10 1.351404752772532940e+09
1.288716767388508287e-02 4.584794984461487579e+10 1.347271761302687883e+09
1.454936822595933807e-02 4.577027563573143768e+10 1.342583815701088905e+09
1.621163214106096165e-02 4.568330956135247040e+10 1.337346249307282448e+09
1.787394178310437384e-02 4.558709366186708832e+10 1.331565097431349993e+09
1.953628550253095827e-02 4.548167442141904449e+10 1.325247066230894089e+09
2.119865529577967186e-02 4.536710273612599182e+10 1.318399512152864218e+09
2.286104548286438387e-02 4.524343387955775452e+10 1.311030426353838921e+09
2.452345192144544592e-02 4.511072746540634155e+10 1.303148421526230335e+09
2.618587151961204035e-02 4.496904740730431366e+10 1.294762719858999729e+09
2.784830192283991451e-02 4.481846187582458496e+10 1.285883141476883173e+09
2.951074130657948408e-02 4.465904325264862061e+10 1.276520093013687611e+09
3.117318823511218417e-02 4.449086808196971893e+10 1.266684556135066509e+09
3.283564156322602012e-02 4.431401701913462067e+10 1.256388075917979479e+09
3.449810036628684490e-02 4.412857477659110260e+10 1.245642749046982288e+09
3.616056388957845924e-02 4.393463006715676880e+10 1.234461211817194939e+09
3.782303151098994481e-02 4.373227554468116760e+10 1.222856627954284191e+09
3.948550271312052662e-02 4.352160774212197113e+10 1.210842676272459745e+09
4.114797706214112089e-02 4.330272700710984039e+10 1.198433538201639652e+09
4.281045419157746001e-02 4.307573743503361511e+10 1.185643885215423584e+09
4.447293378972808769e-02 4.284074679971220398e+10 1.172488866201318026e+09
4.613541558980088775e-02 4.259786648170420074e+10 1.158984094809573412e+09
4.779789936210682849e-02 4.234721139431367493e+10 1.145145636822732925e+09
4.946038490782722619e-02 4.208889990734815979e+10 1.130989997583504915e+09
5.112287205399637657e-02 4.182305376870163727e+10 1.116534109523133039e+09
5.278536064943199074e-02 4.154979802380509949e+10 1.101795319823032618e+09
5.444785056141081270e-02 4.126926093303501892e+10 1.086791378246527910e+09
5.611034167293492414e-02 4.098157388711923218e+10 1.071540425168202400e+09
5.777283388046990098e-02 4.068687132063159943e+10 1.056060979826973557e+09
5.943532709206246489e-02 4.038529062362747955e+10 1.040371928818906188e+09
6.109782122576532665e-02 4.007697205149819946e+10 1.024492514840118408e+09
6.276031620831216962e-02 3.976205863311910248e+10 1.008442325678580761e+09
6.442281197399798987e-02 3.944069607735359192e+10 9.922412834413138628e+08
6.608530846372812073e-02 3.911303267800034332e+10 9.759096339883879423e+08
6.774780562420743002e-02 3.877921921725036621e+10 9.594679365280334949e+08
6.941030340724584080e-02 3.843940886773227692e+10 9.429370533036262989e+08
7.107280176916151715e-02 3.809375709322986603e+10 9.263381392799532413e+08
7.273530067026563739e-02 3.774242154813243866e+10 9.096926317059330940e+08
7.439780007441634813e-02 3.738556197572725677e+10 8.930222393954092264e+08
7.606029994863128252e-02 3.702334010537819672e+10 8.763489315272175074e+08
7.772280026274960840e-02 3.665591954870433807e+10 8.596949257208743095e+08
7.938530098913672284e-02 3.628346569481541443e+10 8.430826750884715319e+08
8.104780210242505667e-02 3.590614560470081329e+10 8.265348539071652889e+08
8.271030357928650656e-02 3.552412790485033417e+10 8.100743414845113754e+08
8.437280539823126257e-02 3.513758268018177032e+10 7.937242037204691172e+08
8.603530753943039455e-02 3.474668136638018799e+10 7.775076717844978571e+08
8.769780998455847798e-02 3.435159664170043564e+10 7.614481172422879934e+08
8.936031271665356712e-02 3.395250231834795761e+10 7.455690228771946430e+08
9.102281571999285004e-02 3.354957323350308609e+10 7.298939483583602905e+08
9.268531897998151525e-02 3.314298514007583237e+10 7.144464898211294413e+08
9.434782248305331742e-02 3.273291459728087997e+10 6.992502323432718515e+08
9.601032621658157906e-02 3.231953886110963440e+10 6.843286942356203794e+08
9.767283016879922675e-02 3.190303577478750610e+10 6.697052620224328041e+08
9.933533432872686253e-02 3.148358365929787445e+10 6.554031149763520956e+08
1.009978386861079547e-01 3.106136120405580902e+10 6.414451381111264229e+08
1.026603432313502873e-01 3.063654735781596375e+10 6.278538226284449100e+08
1.043228479554730720e-01 3.020932121989208603e+10 6.146511529868429899e+08
1.059853528500589448e-01 2.977986193177978134e+10 6.018584800168926716e+08
1.076478579072105424e-01 2.934834856924659729e+10 5.894963798691197634e+08
1.093103631195108394e-01 2.891496003499493408e+10 5.775844990520592928e+08
1.109728684799872744e-01 2.847987495194486237e+10 5.661413864062713385e+08
1.126353739820789568e-01 2.804327155725202560e+10 5.551843135621387959e+08
1.142978796196066349e-01 2.760532759710435867e+10 5.447290862256203890e+08
1.159603853867454265e-01 2.716622022240394974e+10 5.347898495051947832e+08
1.176228912779997832e-01 2.672612588538431168e+10 5.253788913838080168e+08
1.192853972881804531e-01 2.628522023726037598e+10 5.165064493016923070e+08
1.209479034123834701e-01 2.584367802696752167e+10 5.081805255703643560e+08
1.226104096459709192e-01 2.540167300107804489e+10 5.004067179126864076e+08
1.242729159845529646e-01 2.495937780494471359e+10 4.931880717316347361e+08
1.259354224239715991e-01 2.451696388517274475e+10 4.865249606856277585e+08
1.275979289602855449e-01 2.407460139345156097e+10 4.804150017298646569e+08
1.292604355897561952e-01 2.363245909184800720e+10 4.748530099558672309e+08
1.309229423088349165e-01 2.319070425960275650e+10 4.698309973293101192e+08
1.325854491141509606e-01 2.274950260150713348e+10 4.653382178513855934e+08
1.342479560025006402e-01 2.230901815791472244e+10 4.613612598396257162e+08
1.359104629708369483e-01 2.186941321645363617e+10 4.578841840695878267e+08
1.375729700162601765e-01 2.143084822550176620e+10 4.548887045829035044e+08
1.392354771360091448e-01 2.099348170946912766e+10 4.523544071961821318e+08
1.408979843274529020e-01 2.055747018596036530e+10 4.502589992751176357e+08
1.425604915880832879e-01 2.012296808485645676e+10 4.485785832648657560e+08
1.442229989155077718e-01 1.969012766937780762e+10 4.472879458593907356e+08
1.458855063074428748e-01 1.925909895917066574e+10 4.463608545559957623e+08
1.475480137617080634e-01 1.883002965547216415e+10 4.457703536556690931e+08
1.492105212762198374e-01 1.840306506839531708e+10 4.454890524619721770e+08
1.508730288489867621e-01 1.797834804637895203e+10 4.454893994178382158e+08
1.525355364781040279e-01 1.755601890784216309e+10 4.457439370929792523e+08
1.541980441617490649e-01 1.713621537509148979e+10 4.462255341963191628e+08
1.558605518981770188e-01 1.671907251050962639e+10 4.469075920433411598e+08
1.575230596857167542e-01 1.630472265505986404e+10 4.477642240846511722e+08
1.591855675227668576e-01 1.589329536915353775e+10 4.487704081444836259e+08
1.608480754077921959e-01 1.548491737589461899e+10 4.499021118915791512e+08
1.625105833393203636e-01 1.507971250674122047e+10 4.511363927586830854e+08
1.641730913159387406e-01 1.467780164960743713e+10 4.524514740386837125e+08
1.658355993362912173e-01 1.427930269942984581e+10 4.538267992300403118e+08
1.674981073990755853e-01 1.388433051122282410e+10 4.552430669018011689e+08
1.691606155030408176e-01 1.349299685564060020e+10 4.566822484231737256e+08
1.708231236469845982e-01 1.310541037706344986e+10 4.581275908796942830e+08
1.724856318297508795e-01 1.272167655422802353e+10 4.595636074021914005e+08
1.741481400502279120e-01 1.234189766341064072e+10 4.609760569888620973e+08
1.758106483073458848e-01 1.196617274417292595e+10 4.623519157204623222e+08
1.774731566000750660e-01 1.159459756768587112e+10 4.636793410743526816e+08
1.791356649274240265e-01 1.122726460763389206e+10 4.649476308416346312e+08
1.807981732884377246e-01 1.086426301369929504e+10 4.661471779548904300e+08
1.824606816821959798e-01 1.050567858763979530e+10 4.672694223480861187e+08
1.841231901078118072e-01 1.015159376194799232e+10 4.683068007976319194e+08
1.857856985644300296e-01 9.802087581096889496e+09 4.692526955376455784e+08
1.874482070512257237e-01 9.457235685364713669e+09 4.701013823048053384e+08
1.891107155674030538e-01 9.117110297232595444e+09 4.708479783466075063e+08
1.907732241121938566e-01 8.781780210345108032e+09 4.714883908230751753e+08
1.924357326848565586e-01 8.451310781024062157e+09 4.720192659433373809e+08
1.940982412846749550e-01 8.125763922321656227e+09 4.724379391042454839e+08
1.957607499109572380e-01 7.805198100596988678e+09 4.727423862363088727e+08
1.974232585630348313e-01 7.489668334599086761e+09 4.729311765118722320e+08
1.990857672402615297e-01 7.179226197038058281e+09 4.730034265300497413e+08
2.007482759420124996e-01 6.873919818620215416e+09 4.729587560597088933e+08
2.024107846676835298e-01 6.573793894526458740e+09 4.727972453974091411e+08
2.040732934166899215e-01 6.278889693307888031e+09 4.725193943767033219e+08
2.057358021884660160e-01 5.989245068169447899e+09 4.721260830519411564e+08
2.073983109824642512e-01 5.704894470616178513e+09 4.716185340674515963e+08
2.090608197981545235e-01 5.425868966425914764e+09 4.709982767174169421e+08
2.107233286350234380e-01 5.152196253923986435e+09 4.702671126957892179e+08
2.123858374925735870e-01 4.883900684513523102e+09 4.694270835332515836e+08
2.140483463703231337e-01 4.621003285439645767e+09 4.684804397168859243e+08
2.157108552678049240e-01 4.363521784735224724e+09 4.674296114880517721e+08
2.173733641845664311e-01 4.111470638322444916e+09 4.662771813142781258e+08
2.190358731201685061e-01 3.864861059216371536e+09 4.650258580324900150e+08
2.206983820741854618e-01 3.623701048801240444e+09 4.636784526611132026e+08
2.223608910462041566e-01 3.387995430123136520e+09 4.622378558808090091e+08
2.240234000358239386e-01 3.157745883164680481e+09 4.607070171837605238e+08
2.256859090426557024e-01 2.932950982046041012e+09 4.590889256921943426e+08
2.273484180663219723e-01 2.713606234113340855e+09 4.573865926479072571e+08
2.290109271064561247e-01 2.499704120856528282e+09 4.556030355726558566e+08
2.306734361627020280e-01 2.291234140614802361e+09 4.537412641004979014e+08
2.323359452347137921e-01 2.088182853011392593e+09 4.518042674797986746e+08
2.339984543221555469e-01 1.890533925071179152e+09 4.497950037422662973e+08
2.356609634247005536e-01 1.698268178963270187e+09 4.477163905324090123e+08
2.373234725420314828e-01 1.511363641317344666e+09 4.455712975886381865e+08
2.389859816738397480e-01 1.329795594056463242e+09 4.433625408625451922e+08
2.406484908198254224e-01 1.153536626693650723e+09 4.410928782590731382e+08
2.423109999796965175e-01 9.825566900300753117e+08 4.387650069750776887e+08
2.439735091531692601e-01 8.168231512045301199e+08 4.363815624086311460e+08
2.456360183399674824e-01 6.563008500296871662e+08 4.339451186050446033e+08
2.472985275398224547e-01 5.009521565613918304e+08 4.314581902005472779e+08
2.489610367524725254e-01 3.507370298383706212e+08 4.289232358167196512e+08
2.506235459776631203e-01 2.056130777360638380e+08 4.263426628531265259e+08
2.522860552151463542e-01 6.553561787155055255e+07 4.237188336183749437e+08
2.539485644646808371e-01 -6.954226049820522964e+07 4.210540727325527668e+08
2.556110737260313126e-01 -1.996696336461383700e+08 4.183506757273520231e+08
2.572735829989687417e-01 -3.248976796747871637e+08 4.156109187626278996e+08
2.589360922832700251e-01 -4.452796140039158463e+08 4.128370693709894419e+08
2.605986015787175591e-01 -5.608706241107159853e+08 4.100313981356009841e+08
2.622611108850994577e-01 -6.717278035798877478e+08 4.071961911974268556e+08
2.639236202022091082e-01 -7.779100855270948410e+08 4.043337634830216765e+08
2.655861295298450053e-01 -8.794781754554078579e+08 4.014464725351643562e+08
2.672486388678106950e-01 -9.764944836067988873e+08 3.985367328218878508e+08
2.689111482159146083e-01 -1.069023056865800858e+09 3.956070303922337294e+08
2.705736575739698391e-01 -1.157129510281062365e+09 3.926599377388971448e+08
2.722361669417941443e-01 -1.240880958259368896e+09 3.896981287208607793e+08
2.738986763192096108e-01 -1.320345945493725061e+09 3.867243933901042342e+08
2.755611857060425440e-01 -1.395594377687693357e+09 3.837416525594226122e+08
2.772236951021236906e-01 -1.466697452127972603e+09 3.807529719383031726e+08
2.788862045072874607e-01 -1.533727588169931650e+09 3.777615756557326317e+08
2.805487139213725944e-01 -1.596758357690142870e+09 3.747708589792888761e+08
2.822112233442213292e-01 -1.655864415562415838e+09 3.717844000297003388e+08
2.838737327756796214e-01 -1.711121430217678547e+09 3.688059702813270688e+08
2.855362422155972579e-01 -1.762606014336995840e+09 3.658395436275852919e+08
2.871987516638271343e-01 -1.810395655738461018e+09 3.628893037831528187e+08
2.888612611202258651e-01 -1.854568648508006334e+09 3.599596497835177779e+08
2.905237705846532292e-01 -1.895204024429165363e+09 3.570551993362492919e+08
2.921862800569720031e-01 -1.932381484763931274e+09 3.541807897720167637e+08
2.938487895370484604e-01 -1.966181332434228182e+09 3.513414763383752108e+08
2.955112990247516502e-01 -1.996684404656503677e+09 3.485425275804781914e+08
2.971738085199533974e-01 -2.023972006079003811e+09 3.457894175547876954e+08
2.988363180225286353e-01 -2.048125842466981173e+09 3.430878146311838031e+08
3.004988275323551283e-01 -2.069227954985185862e+09 3.404435666531760693e+08
3.021613370493130279e-01 -2.087360655125599146e+09 3.378626822493259311e+08
3.038238465732852611e-01 -2.102606460321182966e+09 3.353513081183487177e+08
3.054863561041573639e-01 -2.115048030292079449e+09 3.329157021526911855e+08
3.071488656418173702e-01 -2.124768104166104555e+09 3.305622023158848286e+08
3.088113751861554790e-01 -2.131849438416426182e+09 3.282971912525859475e+08
3.104738847370644983e-01 -2.136374745653036594e+09 3.261270566842234731e+08
3.121363942944395120e-01 -2.138426634310144186e+09 3.240581477295870781e+08
3.137989038581776025e-01 -2.138087549266603231e+09 3.220967273864503503e+08
3.154614134281782389e-01 -2.135439713433126211e+09 3.202489215154060721e+08
3.171239230043430002e-01 -2.130565070343513727e+09 3.185206647794657946e+08
3.187864325865753523e-01 -2.123545227784955740e+09 3.169176441080495119e+08
3.204489421747808708e-01 -2.114461402493283510e+09 3.154452403678771853e+08
3.221114517688670742e-01 -2.103394365952462435e+09 3.141084690311107635e+08
3.237739613687434237e-01 -2.090424391320618391e+09 3.129119207285626531e+08
3.254364709743211015e-01 -2.075631201515400410e+09 3.118597026534602046e+08
3.270989805855132326e-01 -2.059093918481605053e+09 3.109553818397988677e+08
3.287614902022346075e-01 -2.040891013670640230e+09 3.102019313660648465e+08
3.304239998244018484e-01 -2.021100259750312567e+09 3.096016805328782797e+08
3.320865094519330207e-01 -1.999798683572724104e+09 3.091562700239313841e+08
3.337490190847480775e-01 -1.977062520417242050e+09 3.088666129858010411e+08
3.354115287227684150e-01 -1.952967169530821323e+09 3.087328628521036506e+08
3.370740383659170392e-01 -1.927587150981116295e+09 3.087543885974111557e+08
3.387365480141183438e-01 -1.900996063843218565e+09 3.089297579370572567e+08
3.403990576672984991e-01 -1.873266545730623245e+09 3.092567288015449643e+08
3.420615673253846745e-01 -1.844470233688197613e+09 3.097322492142012119e+08
3.437240769883058711e-01 -1.814677726458481550e+09 3.103524654979708195e+08
3.453865866559921449e-01 -1.783958548131082296e+09 3.111127385394487977e+08
3.470490963283750507e-01 -1.752381113188310862e+09 3.120076676585110426e+08
3.487116060053874755e-01 -1.720012692952311754e+09 3.130311214687679410e+08
3.503741156869634166e-01 -1.686919383442707777e+09 3.141762749858677983e+08
3.520366253730383144e-01 -1.653166074650810719e+09 3.154356521377080083e+08
3.536991350635486642e-01 -1.618816421233695269e+09 3.168011727675905228e+08
3.553616447584322380e-01 -1.583932814632145405e+09 3.182642031878415346e+08
3.570241544576279180e-01 -1.548576356615563869e+09 3.198156093436003923e+08
3.586866641610758633e-01 -1.512806834252542019e+09 3.214458116743214726e+08
3.603491738687170098e-01 -1.476682696308043003e+09 3.231448408166446686e+08
3.620116835804937372e-01 -1.440261031066280842e+09 3.249023933631376624e+08
3.636741932963493684e-01 -1.403597545573470354e+09 3.267078869810286760e+08
3.653367030162280593e-01 -1.366746546300978422e+09 3.285505142892386317e+08
3.669992127400752979e-01 -1.329760921219750404e+09 3.304192949937222600e+08
3.686617224678372939e-01 -1.292692123282422066e+09 3.323031258781545162e+08
3.703242321994613118e-01 -1.255590155303835392e+09 3.341908283454701900e+08
3.719867419348956150e-01 -1.218503556234486818e+09 3.360711932915577888e+08
3.736492516740893000e-01 -1.181479388814475298e+09 3.379330231753476262e+08
3.753117614169925176e-01 -1.144563228599066734e+09 3.397651712171576619e+08
3.769742711635561405e-01 -1.107799154346440554e+09 3.415565777204253078e+08
3.786367809137318741e-01 -1.071229739750751138e+09 3.432963035576601624e+08
3.802992906674724227e-01 -1.034896046513149977e+09 3.449735609054324031e+08
3.819618004247312126e-01 -9.988376187319325209e+08 3.465777413391329050e+08
3.836243101854625026e-01 -9.630924785995085239e+08 3.480984414245014787e+08
3.852868199496213841e-01 -9.276971233914154768e+08 3.495254859534325600e+08
3.869493297171635593e-01 -8.926865237268867493e+08 3.508489489840091467e+08
3.886118394880457849e-01 -8.580941230895407200e+08 3.520591728433030844e+08
3.902743492622252064e-01 -8.239518385856300592e+08 3.531467852555418015e+08
3.919368590396599683e-01 -7.902900629233871698e+08 3.541027147479001880e+08
3.935993688203087704e-01 -7.571376675949240923e+08 3.549182044854481816e+08
3.952618786041311449e-01 -7.245220072383081913e+08 3.555848246716677547e+08
3.969243883910870685e-01 -6.924689251624617577e+08 3.560944836471945643e+08
3.985868981811374612e-01 -6.610027600127604008e+08 3.564394378029600978e+08
4.002494079742436872e-01 -6.301463535540579557e+08 3.566123004180202484e+08
4.019119177703678880e-01 -5.999210595521991253e+08 3.566060495172283053e+08
4.035744275694727046e-01 -5.703467537311135530e+08 3.564140348370562792e+08
4.052369373715214440e-01 -5.414418447784960270e+08 3.560299839733118415e+08
4.068994471764781906e-01 -5.132232863845086098e+08 3.554480077807859182e+08
4.085619569843071952e-01 -4.857065902822409868e+08 3.546626050781253576e+08
4.102244667949735413e-01 -4.589058402712038159e+08 3.536686667125023603e+08
4.118869766084432005e-01 -4.328337071967646480e+08 3.524614790206011534e+08
4.135494864246819224e-01 -4.075014648634866476e+08 3.510367267267355919e+08
4.152119962436567890e-01 -3.829190068543244600e+08 3.493904953019712567e+08
4.168745060653349932e-01 -3.590948642352903485e+08 3.475192728132969737e+08
4.185370158896842829e-01 -3.360362241149935722e+08 3.454199512771255374e+08
4.201995257166728504e-01 -3.137489490391562581e+08 3.430898275376283526e+08
4.218620355462696647e-01 -2.922375971906123161e+08 3.405266036756307483e+08
4.235245453784438063e-01 -2.715054433720830679e+08 3.377283869635772109e+08
4.251870552131651881e-01 -2.515545007437093556e+08 3.346936893655956388e+08
4.268495650504041117e-01 -2.323855432920266688e+08 3.314214265945528746e+08
4.285120748901312115e-01 -2.139981290024750233e+08 3.279109167203443050e+08
4.301745847323175664e-01 -1.963906237120635509e+08 3.241618783397602439e+08
4.318370945769347546e-01 -1.795602256150700450e+08 3.201744282984092832e+08
4.334996044239549096e-01 -1.635029903942335546e+08 3.159490789743339419e+08
4.351621142733504422e-01 -1.482138569581376910e+08 3.114867351118625402e+08
4.368246241250944295e-01 -1.336866737506337315e+08 3.067886902156023383e+08
4.384871339791597822e-01 -1.199142256145183742e+08 3.018566224912320971e+08
4.401496438355204099e-01 -1.068882611792324483e+08 2.966925903450717926e+08
4.418121536941504446e-01 -9.459952074970084429e+07 2.912990274272739887e+08
4.434746635550242400e-01 -8.303776466996134818e+07 2.856787372333468795e+08
4.451371734181167605e-01 -7.219180213904312253e+07 2.798348872479553819e+08
4.467996832834031928e-01 -6.204952044881969690e+07 2.737710026486082673e+08
4.484621931508591675e-01 -5.259791462910830230e+07 2.674909595523810387e+08
4.501247030204606481e-01 -4.382311746132712811e+07 2.609989778273825049e+08
4.517872128921838204e-01 -3.571042985391037166e+07 2.542996134508240819e+08
4.534497227660054253e-01 -2.824435153736152127e+07 2.473977504407534003e+08
4.551122326419027031e-01 -2.140861207242711633e+07 2.402985923406474292e+08
4.567747425198525613e-01 -1.518620213121204451e+07 2.330076532916979790e+08
4.584372523998329063e-01 -9.559405045078387484e+06 2.255307486679405272e+08
4.600997622818217003e-01 -4.509828578216401860e+06 2.178739853179547191e+08
4.617622721657972384e-01 -1.843692312524154113e+04 2.100437513838709891e+08
4.634247820517383154e-01 3.934417125361787155e+06 2.020467057523122728e+08
4.650872919396236149e-01 7.368959816776190884e+06 1.938897671013180912e+08
4.667498018294323758e-01 1.030596395970360003e+07 1.855801026136431694e+08
4.684123117211442255e-01 1.276671629808939435e+07 1.771251163101524413e+08
4.700748216147389580e-01 1.477298480393661931e+07 1.685324370966063440e+08
4.717373315101965336e-01 1.634698586761764623e+07 1.598099064639345109e+08
4.733998414074974126e-01 1.751135145436113700e+07 1.509655659701369703e+08
4.750623513066224435e-01 1.828909619139570370e+07 1.420076444279308915e+08
4.767248612075521974e-01 1.870358447411595285e+07 1.329445449855507165e+08
4.783873711102680226e-01 1.877849752833605185e+07 1.237848320136243552e+08
4.800498810147514894e-01 1.853780055023205653e+07 1.145372181040579528e+08
4.817123909209840571e-01 1.800570981912396848e+07 1.052105511206806898e+08
4.833749008289477955e-01 1.720665995764063299e+07 9.581380190374660492e+07
4.850374107386249412e-01 1.616527116032000631e+07 8.635605280799546838e+07
4.866999206499977859e-01 1.490631666676982678e+07 7.684648866228953004e+07
4.883624305630492324e-01 1.345469015664589405e+07 6.729439185088683665e+07
4.900249404777619611e-01 1.183537355063711293e+07 5.770914795430210978e+07
4.916874503941192631e-01 1.007340456610960141e+07 4.810027527560927719e+07
4.933499603121045407e-01 8.193845061256131157e+06 3.847752460952238739e+07
4.950124702317013070e-01 6.221748481002820656e+06 2.885120917237924784e+07
4.966749801528934083e-01 4.182129543513509445e+06 1.923357406855849549e+07
4.983374900756649684e-01 2.099926735901921522e+06 9.648179872828966007e+06
