# r [arcsec]	I [Jy/sr]	I_uncer [Jy/sr]
3.817853577942286001e-03 7.905075512353427124e+10 1.127211295964062929e+09
8.763567027319327241e-03 7.897868669648562622e+10 1.123816484649543524e+09
1.373848758764146562e-02 7.884920667214064026e+10 1.117730323410625219e+09
1.872000728009374365e-02 7.866258827988050842e+10 1.108984907307124138e+09
2.370403017919163122e-02 7.841926291588375854e+10 1.097628829934069395e+09
2.868926438607016446e-02 7.811979605441403198e+10 1.083725557141861916e+09
3.367517554121116780e-02 7.776488318934771729e+10 1.067353006624931574e+09
3.866150302165524688e-02 7.735534706460940552e+10 1.048603196069551945e+09
4.364810467787801074e-02 7.689213476460531616e+10 1.027581871335066438e+09
4.863489642318288148e-02 7.637631445504664612e+10 1.004408110193650484e+09
5.362182534931311806e-02 7.580907173794911194e+10 9.792139112022234201e+08
5.860885650759287135e-02 7.519170562126260376e+10 9.521437823219040632e+08
6.359596588733901212e-02 7.452562411432524109e+10 9.233543474425662756e+08
6.858313644859315161e-02 7.381233946461592102e+10 8.930139923707712889e+08
7.357035576433633428e-02 7.305346305371055603e+10 8.613025754126554728e+08
7.855761455883611410e-02 7.225069997205734253e+10 8.284112314520747662e+08
8.354490576851973660e-02 7.140584329361697388e+10 7.945423021313335896e+08
8.853222391973845917e-02 7.052076807263868713e+10 7.599094278237234354e+08
9.351956470533653865e-02 6.959742508597712708e+10 7.247378383862001896e+08
9.850692468967806037e-02 6.863783434533879089e+10 6.892648770558151007e+08
1.034943010988605139e-01 6.764407840475039673e+10 6.537407815093352795e+08
1.084816916687353777e-01 6.661829548931939697e+10 6.184297216008843184e+08
1.134690945329698275e-01 6.556267247204651642e+10 5.836110441822237968e+08
1.184565081393615799e-01 6.447943772599623108e+10 5.495805856906480789e+08
1.234439311864233557e-01 6.337085387961455536e+10 5.166517605087798238e+08
1.284313625747323662e-01 6.223921050328977966e+10 4.851558909549604654e+08
1.334188013691842700e-01 6.108681675550875092e+10 4.554408929818670750e+08
1.384062467694026355e-01 5.991599401703480530e+10 4.278669839827836156e+08
1.433936980863204647e-01 5.872906854154891205e+10 4.027976375079038143e+08
1.483811547234816508e-01 5.752836415103711700e+10 3.805838414133126140e+08
1.533686161619891020e-01 5.631619500398917389e+10 3.615402992668461800e+08
1.583560819482959792e-01 5.509485846406128693e+10 3.459141112906376719e+08
1.633435516842324520e-01 5.386662809642473602e+10 3.338498457783320546e+08
1.683310250188047585e-01 5.263374681836240387e+10 3.253587861304325461e+08
1.733185016414096891e-01 5.139842023001613617e+10 3.203021318921502233e+08
1.783059812761873808e-01 5.016281015032103729e+10 3.183955702080459595e+08
1.832934636772959591e-01 4.892902838225348663e+10 3.192358882774697542e+08
1.882809486249364950e-01 4.769913073048437500e+10 3.223426448526027799e+08
1.932684359219939418e-01 4.647511129337803650e+10 3.272038362123336196e+08
1.982559253911843622e-01 4.525889705006504822e+10 3.333156767769523859e+08
2.032434168726222901e-01 4.405234276198966217e+10 3.402111219726991057e+08
2.082309102217375085e-01 4.285722620692566681e+10 3.474764198187267780e+08
2.132184053074845376e-01 4.167524376198783875e+10 3.547578674597847462e+08
2.182059020107968983e-01 4.050800635058129120e+10 3.617618896709214449e+08
2.231934002232490444e-01 3.935703576666590118e+10 3.682512651942133904e+08
2.281808998458938198e-01 3.822376138797072601e+10 3.740395668009274602e+08
2.331684007882487975e-01 3.710951728813265228e+10 3.789851175825811625e+08
2.381559029674101546e-01 3.601553975591455078e+10 3.829851815893505216e+08
2.431434063072751561e-01 3.494296522789054108e+10 3.859707223062284589e+08
2.481309107378594780e-01 3.389282863914138412e+10 3.879018358909092546e+08
2.531184161946937738e-01 3.286606219465514374e+10 3.887638460092771053e+08
2.581059226182911837e-01 3.186349456229921341e+10 3.885639916417914033e+08
2.630934299536754062e-01 3.088585048633145905e+10 3.873286197329804301e+08
2.680809381499607014e-01 2.993375081862508392e+10 3.851007932290477753e+08
2.730684471599785779e-01 2.900771296291370392e+10 3.819382315871793628e+08
2.780559569399445041e-01 2.810815172557958221e+10 3.779115096249433160e+08
2.830434674491599245e-01 2.723538056474382782e+10 3.731024487508596182e+08
2.880309786497447511e-01 2.638961322768576813e+10 3.676026408730705380e+08
2.930184905063976664e-01 2.557096576495420837e+10 3.615120492210041881e+08
2.980060029861805737e-01 2.477945890792257309e+10 3.549376320761107802e+08
3.029935160583238640e-01 2.401502079499200821e+10 3.479919355798075199e+08
3.079810296940508341e-01 2.327749003018887711e+10 3.407916013947222829e+08
3.129685438664192021e-01 2.256661905650492859e+10 3.334557355982509851e+08
3.179560585501768344e-01 2.188207782505069733e+10 3.261040889326096773e+08
3.229435737216315716e-01 2.122345773987255859e+10 3.188550081336508393e+08
3.279310893585324904e-01 2.059027585721046448e+10 3.118231364647789598e+08
3.329186054399617678e-01 1.998197931695446396e+10 3.051168713685131073e+08
3.379061219462368704e-01 1.939794998321072769e+10 2.988356293369780183e+08
3.428936388588199047e-01 1.883750927009317780e+10 2.930670207140290737e+08
3.478811561602362934e-01 1.829992312824361038e+10 2.878840938575431108e+08
3.528686738339993356e-01 1.778440716703426743e+10 2.833428578059494495e+08
3.578561918645413176e-01 1.729013188703686142e+10 2.794803209035425186e+08
3.628437102371503964e-01 1.681622799705526161e+10 2.763132758347906470e+08
3.678312289379127020e-01 1.636179178988858986e+10 2.738380112038793564e+08
3.728187479536588800e-01 1.592589055096623611e+10 2.720310390553795099e+08
3.778062672719147974e-01 1.550756797413380241e+10 2.708508118929175138e+08
3.827937868808565791e-01 1.510584955907766151e+10 2.702402861257936954e+08
3.877813067692685856e-01 1.471974796527640533e+10 2.701300970003232360e+08
3.927688269265047216e-01 1.434826829782986259e+10 2.704420611317096353e+08
3.977563473424529095e-01 1.399041330114100838e+10 2.710927221569244266e+08
4.027438680075018929e-01 1.364518843714030457e+10 2.719966953810964823e+08
4.077313889125108171e-01 1.331160682558757973e+10 2.730696329539651871e+08
4.127189100487804740e-01 1.298869402492226791e+10 2.742307045510606766e+08
4.177064314080274343e-01 1.267549263317762184e+10 2.754045554781616926e+08
4.226939529823587338e-01 1.237106668961697197e+10 2.765227560990695953e+08
4.276814747642498915e-01 1.207450585897628975e+10 2.775247907701581120e+08
4.326689967465233155e-01 1.178492938150674438e+10 2.783586524649025202e+08
4.376565189223286523e-01 1.150148977339261818e+10 2.789811145850036740e+08
4.426440412851241901e-01 1.122337626357898521e+10 2.793577482157948017e+08
4.476315638286594845e-01 1.094981795454141617e+10 2.794627449701947570e+08
4.526190865469603142e-01 1.068008669609740257e+10 2.792785953764440417e+08
4.576066094343120838e-01 1.041349966295361137e+10 2.787956623458001018e+08
4.625941324852472225e-01 1.014942162832666206e+10 2.780116796852809191e+08
4.675816556945310287e-01 9.887266927616832733e+09 2.769311974058275819e+08
4.725691790571502904e-01 9.626501107793378830e+09 2.755649888627489805e+08
4.775567025683005173e-01 9.366642259835464478e+09 2.739294295061528683e+08
4.825442262233765600e-01 9.107262033222503662e+09 2.720458530693854690e+08
4.875317500179611185e-01 8.847986333152723312e+09 2.699398882318902612e+08
4.925192739478161941e-01 8.588495702790323257e+09 2.676407770196664631e+08
4.975067980088735964e-01 8.328525394456841469e+09 2.651806753549893498e+08
5.024943221972267837e-01 8.067865135251462936e+09 2.625939361671207249e+08
5.074818465091224251e-01 7.806358594105186462e+09 2.599163763010461032e+08
5.124693709409537945e-01 7.543902558740985870e+09 2.571845300613063276e+08
5.174568954892526662e-01 7.280445832422899246e+09 2.544348945599592626e+08
5.224444201506837082e-01 7.015987861702850342e+09 2.517031749839950204e+08
5.274319449220377098e-01 6.750577107639880180e+09 2.490235412666531503e+08
5.324194698002251425e-01 6.484309174143925667e+09 2.464279111528091729e+08
5.374069947822720517e-01 6.217324708180189133e+09 2.439452778830919862e+08
5.423945198653131738e-01 5.949807087566777229e+09 2.416011032135912478e+08
5.473820450465878285e-01 5.681979913002399445e+09 2.394167977204783261e+08
5.523695703234354770e-01 5.414104321745470047e+09 2.374093098568661213e+08
5.573570956932899501e-01 5.146476141067305565e+09 2.355908427225462794e+08
5.623446211536771155e-01 4.879422900180416107e+09 2.339687129097682834e+08
5.673321467022091058e-01 4.613300719815273285e+09 2.325453593403529227e+08
5.723196723365815419e-01 4.348491098985031128e+09 2.313185022575036585e+08
5.773071980545696480e-01 4.085397618722918034e+09 2.302814442733419836e+08
5.822947238540248094e-01 3.824442582721104622e+09 2.294234975138965547e+08
5.872822497328716862e-01 3.566063614818170071e+09 2.287305143181895912e+08
5.922697756891045495e-01 3.310710233207439899e+09 2.281854943206078708e+08
5.972573017207846169e-01 3.058840421037952900e+09 2.277692384514043927e+08
6.022448278260374988e-01 2.810917212786457062e+09 2.274610204635299444e+08
6.072323540030505340e-01 2.567405315372131824e+09 2.272392487622767687e+08
6.122198802500696813e-01 2.328767782490834236e+09 2.270820950697098672e+08
6.172074065653979646e-01 2.095462760037194967e+09 2.269680711994859576e+08
6.221949329473926982e-01 1.867940319807886124e+09 2.268765403285230100e+08
6.271824593944635984e-01 1.646639397892435312e+09 2.267881541294740140e+08
6.321699859050702308e-01 1.431984853313260794e+09 2.266852115727125704e+08
6.371575124777206778e-01 1.224384661537193775e+09 2.265519389090273082e+08
6.421450391109693179e-01 1.024227256494697213e+09 2.263746932001021802e+08
6.471325658034148276e-01 8.318790336687315702e+08 2.261420938073724508e+08
6.521200925536991821e-01 6.476820257176665068e+08 2.258450875608314574e+08
6.571076193605055460e-01 4.719517609151348472e+08 2.254769540536950827e+08
6.620951462225563855e-01 3.049753135081948638e+08 2.250332577825330198e+08
6.670826731386124697e-01 1.470095538368578553e+08 2.245117538229907155e+08
6.720702001074717602e-01 -1.720395183339659590e+06 2.239122535167531371e+08
6.770577271279670795e-01 -1.410224899093571007e+08 2.232364563455849290e+08
6.820452541989658890e-01 -2.707388821216844916e+08 2.224877538591465354e+08
6.870327813193682909e-01 -3.907468167517758608e+08 2.216710112509737015e+08
6.920203084881060285e-01 -5.009593097418956161e+08 2.207923319762634039e+08
6.970078357041413764e-01 -6.013256058736957312e+08 2.198588106783342659e+08
7.019953629664664740e-01 -6.918314176562063694e+08 2.188782796388958395e+08
7.069828902741016607e-01 -7.724989475977222919e+08 2.178590539665842652e+08
7.119704176260943651e-01 -8.433866973824049234e+08 2.168096807612944841e+08
7.169579450215193273e-01 -9.045890686333792210e+08 2.157386974995679557e+08
7.219454724594762673e-01 -9.562357610562633276e+08 2.146544048383274674e+08
7.269329999390895525e-01 -9.984909748215553761e+08 2.135646588911580443e+08
7.319205274595077526e-01 -1.031552425049344778e+09 2.124766877477745712e+08
7.369080550199024193e-01 -1.055650177204304218e+09 2.113969365647377670e+08
7.418955826194673087e-01 -1.071045313089422703e+09 2.103309449258082509e+08
7.468831102574174929e-01 -1.078028437932612896e+09 2.092832593598273993e+08
7.518706379329892497e-01 -1.076918039797667027e+09 2.082573829227631986e+08
7.568581656454390627e-01 -1.068058713205866694e+09 2.072557626358458996e+08
7.618456933940425113e-01 -1.051819259436239719e+09 2.062798143663350642e+08
7.668332211780939378e-01 -1.028590676463530898e+09 2.053299835054709315e+08
7.718207489969062252e-01 -9.987840519117176533e+08 2.044058385977861881e+08
7.768082768498100199e-01 -9.628283727228517532e+08 2.035061939743210375e+08
7.817958047361527329e-01 -9.211682654907091856e+08 2.026292564919739068e+08
7.867833326552983175e-01 -8.742616815591449738e+08 2.017727907246419191e+08
7.917708606066273802e-01 -8.225775410646996498e+08 2.009342964169949293e+08
7.967583885895350715e-01 -7.665933500879092216e+08 2.001111917079517543e+08
8.017459166034320850e-01 -7.067928049861962795e+08 1.993009955505996644e+08
8.067334446477437693e-01 -6.436633978041284084e+08 1.985015028829882443e+08
8.117209727219093507e-01 -5.776940364102271795e+08 1.977109464085392952e+08
8.167085008253823775e-01 -5.093726926731491685e+08 1.969281393005675375e+08
8.216960289576287213e-01 -4.391840915970102549e+08 1.961525937174407542e+08
8.266835571181275766e-01 -3.676074538619375825e+08 1.953846106843622923e+08
8.316710853063710163e-01 -2.951143036811038256e+08 1.946253376449283957e+08
8.366586135218624376e-01 -2.221663532934005857e+08 1.938767908033801913e+08
8.416461417641176723e-01 -1.492134747561536729e+08 1.931418402695277631e+08
8.466336700326639875e-01 -7.669176900075596571e+07 1.924241569852433205e+08
8.516211983270388641e-01 -5.021741365386690944e+06 1.917281214674872160e+08
8.566087266467917738e-01 6.539340797357118875e+07 1.910586955503640473e+08
8.615962549914814028e-01 1.341693710735073984e+08 1.904212595491807461e+08
8.665837833606774288e-01 2.009421900617069006e+08 1.898214185847812295e+08
8.715713117539596322e-01 2.653695798745737076e+08 1.892647831660930514e+08
8.765588401709160093e-01 3.271321109431910515e+08 1.887567304743813276e+08
8.815463686111453256e-01 3.859342477751508951e+08 1.883021540524550676e+08
8.865338970742548952e-01 4.415052403097078204e+08 1.879052106782557666e+08
8.915214255598600257e-01 4.935998658378970623e+08 1.875690739948201478e+08
8.965089540675857949e-01 5.419990202064234018e+08 1.872957048742442727e+08
9.014964825970653850e-01 5.865101579220759869e+08 1.870856484286437333e+08
9.064840111479389728e-01 6.269675816782772541e+08 1.869378669931236207e+08
9.114715397198557278e-01 6.632325826900641918e+08 1.868496172842262089e+08
9.164590683124720361e-01 6.951934340812834501e+08 1.868163783277458549e+08
9.214465969254520550e-01 7.227652403792948723e+08 1.868318347463048697e+08
9.264341255584663815e-01 7.458896469656107426e+08 1.868879177369719744e+08
9.314216542111933839e-01 7.645344140727453232e+08 1.869749037243464589e+08
9.364091828833184250e-01 7.786928606247470379e+08 1.870815684120291770e+08
9.413967115745327519e-01 7.883831838775089979e+08 1.871953919434261322e+08
9.463842402845346058e-01 7.936476614271992445e+08 1.873028092390251756e+08
9.513717690130290006e-01 7.945517427087510824e+08 1.873894983869782686e+08
9.563592977597260569e-01 7.911830376149309874e+08 1.874406992517315149e+08
9.613468265243425570e-01 7.836502103139053583e+08 1.874415542053493559e+08
9.663343553066010561e-01 7.720817867249388695e+08 1.873774630211896598e+08
9.713218841062303266e-01 7.566248844542137384e+08 1.872344443986857831e+08
9.763094129229632490e-01 7.374438742464045286e+08 1.869994972100667953e+08
9.812969417565396979e-01 7.147189822300859690e+08 1.866609552620644569e+08
9.862844706067037670e-01 6.886448423685864210e+08 1.862088300432400405e+08
9.912719994732055451e-01 6.594290086224318743e+08 1.856351364913510084e+08
9.962595283557990067e-01 6.272904363497163057e+08 1.849341971906510592e+08
1.001247057254244233e+00 5.924579424369422197e+08 1.841029205316679478e+08
1.006234586168305301e+00 5.551686535595078468e+08 1.831410481988674700e+08
1.011222115097751173e+00 5.156664518262865543e+08 1.820513668590402305e+08
1.016209644042354920e+00 4.742004268509344459e+08 1.808398780980205238e+08
1.021197173001895608e+00 4.310233430454530120e+08 1.795159195058075190e+08
1.026184701976153857e+00 3.863901306223196387e+08 1.780922283820838034e+08
1.031172230964917613e+00 3.405564084418277144e+08 1.765849379202605188e+08
1.036159759967976379e+00 2.937770464453195333e+08 1.750134940866104364e+08
1.041147288985125208e+00 2.463047749856204391e+08 1.734004799955551922e+08
1.046134818016162260e+00 1.983888478886505961e+08 1.717713337557592392e+08
1.051122347060890139e+00 1.502737655862366855e+08 1.701539460161052942e+08
1.056109876119114777e+00 1.021980641216287911e+08 1.685781253611449897e+08
1.061097405190645881e+00 5.439317527974604070e+07 1.670749239349257648e+08
1.066084934275296714e+00 7.082362517601825297e+06 1.656758227575885355e+08
1.071072463372883643e+00 -3.952026322439343482e+07 1.644117864263699651e+08
1.076059992483227479e+00 -8.521064434525650740e+07 1.633122100280588567e+08
1.081047521606151030e+00 -1.297955911719915718e+08 1.624037961580647528e+08
1.086035050741481101e+00 -1.730935080565164089e+08 1.617094150961296558e+08
1.091022579889048050e+00 -2.149350293338959217e+08 1.612470138221345544e+08
1.096010109048684011e+00 -2.551635641075211167e+08 1.610286467098684609e+08
1.100997638220225783e+00 -2.936357494198057055e+08 1.610596998250441551e+08
1.105985167403511937e+00 -3.302218119568795562e+08 1.613383704072043598e+08
1.110972696598383935e+00 -3.648058390025497675e+08 1.618554438429706693e+08
1.115960225804686790e+00 -3.972859599091699719e+08 1.625943848166004419e+08
1.120947755022267955e+00 -4.275744398757180572e+08 1.635317314960830510e+08
1.125935284250977553e+00 -4.555976883265703917e+08 1.646377562493001521e+08
1.130922813490668366e+00 -4.812961846561136246e+08 1.658773374563120902e+08
1.135910342741195622e+00 -5.046243245403332114e+08 1.672109767999722958e+08
1.140897872002417213e+00 -5.255501904283944964e+08 1.685958952627132535e+08
1.145885401274193693e+00 -5.440552501922096014e+08 1.699871474618850350e+08
1.150872930556387619e+00 -5.601339882495223284e+08 1.713387053982788920e+08
1.155860459848864208e+00 -5.737934737686909437e+08 1.726044764013156891e+08
1.160847989151490678e+00 -5.850528708164964914e+08 1.737392336578338742e+08
1.165835518464137355e+00 -5.939428955294452906e+08 1.746994495793834925e+08
1.170823047786675675e+00 -6.005052255572651625e+08 1.754440315657914579e+08
1.175810577118979738e+00 -6.047918671618058681e+08 1.759349662954610288e+08
1.180798106460926311e+00 -6.068644854479753971e+08 1.761378827954845428e+08
1.185785635812393490e+00 -6.067937032490320206e+08 1.760225467219512165e+08
1.190773165173261150e+00 -6.046583742064721584e+08 1.755632990819048285e+08
1.195760694543412272e+00 -6.005448355519466400e+08 1.747394525645115077e+08
1.200748223922731173e+00 -5.945461460351678133e+08 1.735356581363332868e+08
1.205735753311103498e+00 -5.867613143433643579e+08 1.719422538816822767e+08
1.210723282708418003e+00 -5.772945232206909657e+08 1.699556073915276527e+08
1.215710812114564332e+00 -5.662543543263230324e+08 1.675784623623554707e+08
1.220698341529434350e+00 -5.537530186815431118e+08 1.648202993467519283e+08
1.225685870952921253e+00 -5.399055973189699650e+08 1.616977195263802707e+08
1.230673400384920457e+00 -5.248292965087398887e+08 1.582348584330982864e+08
1.235660929825329379e+00 -5.086427216544200778e+08 1.544638328695631325e+08
1.240648459274045878e+00 -4.914651736672143936e+08 1.504252175218833089e+08
1.245635988730970478e+00 -4.734159713076796532e+08 1.461685358913784623e+08
1.250623518196004813e+00 -4.546138026717717052e+08 1.417527303541450799e+08
1.255611047669052738e+00 -4.351761086505857110e+08 1.372465447662256658e+08
1.260598577150018551e+00 -4.152185008613480330e+08 1.327287062612461299e+08
1.265586106638808772e+00 -3.948542161882681251e+08 1.282877285401169807e+08
1.270573636135331475e+00 -3.741936097274993658e+08 1.240210803367791325e+08
1.275561165639495398e+00 -3.533436875736869574e+08 1.200333854138119072e+08
1.280548695151212168e+00 -3.324076805423772335e+08 1.164332807631582320e+08
1.285536224670393413e+00 -3.114846595734524131e+08 1.133286195589263141e+08
1.290523754196952311e+00 -2.906691932343704700e+08 1.108199401895303279e+08
1.295511283730804264e+00 -2.700510474090887308e+08 1.089925762489820719e+08
1.300498813271864673e+00 -2.497149269542116523e+08 1.079083908380634338e+08
1.305486342820051382e+00 -2.297402588061377406e+08 1.075986534832278043e+08
1.310473872375283122e+00 -2.102010157413216829e+08 1.080597044533693343e+08
1.315461401937479291e+00 -1.911655797337540388e+08 1.092525430414688289e+08
1.320448931506561285e+00 -1.726966436145780385e+08 1.111064511678601950e+08
1.325436461082451389e+00 -1.548511495135244131e+08 1.135256835303747654e+08
1.330423990665072775e+00 -1.376802623757822812e+08 1.163976225231382251e+08
1.335411520254350393e+00 -1.212293766636350155e+08 1.196008092274523079e+08
1.340399049850209634e+00 -1.055381542122157365e+08 1.230117480291583538e+08
1.345386579452577447e+00 -9.064059108150117099e+07 1.265100047390759587e+08
1.350374109061381667e+00 -7.656511114348796010e+07 1.299816145674174577e+08
1.355361638676551461e+00 -6.333468407765094936e+07 1.333210922004674375e+08
1.360349168298016442e+00 -5.096696538728559017e+07 1.364324217829346657e+08
1.365336697925707776e+00 -3.947445603188805282e+07 1.392293753021633923e+08
1.370324227559557517e+00 -2.886467926267182827e+07 1.416354311973470151e+08
1.375311757199498608e+00 -1.914037227135600522e+07 1.435834827553640902e+08
1.380299286845465101e+00 -1.029969030242030695e+07 1.450154570135502517e+08
1.385286816497391715e+00 -2.336420942227967083e+06 1.458819143365285099e+08
1.390274346155214724e+00 4.759793621622933075e+06 1.461416648573322892e+08
1.395261875818870623e+00 1.100322847748900577e+07 1.457614166732218266e+08
1.400249405488297016e+00 1.641184399484333396e+07 1.447154582494041324e+08
1.405236935163432621e+00 2.100705182279932499e+07 1.429853707987599075e+08
1.410224464844216596e+00 2.481348060195551068e+07 1.405597633218072951e+08
1.415211994530589656e+00 2.785874295967555046e+07 1.374340219892498255e+08
1.420199524222492293e+00 3.017320519892324135e+07 1.336100657582174391e+08
1.425187053919866997e+00 3.178976091986653581e+07 1.290961008919281960e+08
1.430174583622656481e+00 3.274360964751948044e+07 1.239063681467833221e+08
1.435162113330804123e+00 3.307204135589536652e+07 1.180608775168943405e+08
1.440149643044254413e+00 3.281422761362197623e+07 1.115851265925900042e+08
1.445137172762952060e+00 3.201101989128212631e+07 1.045097996156260967e+08
1.450124702486843331e+00 3.070475541272450238e+07 9.687044533817778528e+07
1.455112232215874490e+00 2.893907075025232136e+07 8.870713261340868473e+07
1.460099761949993358e+00 2.675872322716461495e+07 8.006408351508094370e+07
1.465087291689147531e+00 2.420942001277674362e+07 7.098928439193147421e+07
1.470074821433285939e+00 2.133765468848849460e+07 6.153407604725307226e+07
1.475062351182357734e+00 1.819055089029991254e+07 5.175272466370497644e+07
1.480049880936313622e+00 1.481571258272271790e+07 4.170197613995451480e+07
1.485037410695103866e+00 1.126108030559671111e+07 3.144059778091672808e+07
1.490024940458680058e+00 7.574792854983591475e+06 2.102892051630398631e+07
1.495012470226994683e+00 3.805053243035859894e+06 1.052846906831655279e+07
