# r [arcsec]	I [Jy/sr]	I_uncer [Jy/sr]
3.817853577942286001e-03 1.962312969946545410e+11 1.249283699326794386e+09
8.763567027319327241e-03 1.953963065581283875e+11 1.225159221778748751e+09
1.373848758764146562e-02 1.939056529181323853e+11 1.182567294420212507e+09
1.872000728009374365e-02 1.917785805326950073e+11 1.122863225774459124e+09
2.370403017919163122e-02 1.890428273420611877e+11 1.047975894034590483e+09
2.868926438607016446e-02 1.857338272969960938e+11 9.603636833871136904e+08
3.367517554121116780e-02 1.818940071523369141e+11 8.629837834497705698e+08
3.866150302165524688e-02 1.775719753075940552e+11 7.592886729240086079e+08
4.364810467787801074e-02 1.728216046334397278e+11 6.532853418467992544e+08
4.863489642318288148e-02 1.677010277653377075e+11 5.497189683000696898e+08
5.362182534931311806e-02 1.622715671712676086e+11 4.544623289583579302e+08
5.860885650759287135e-02 1.565966239415857849e+11 3.750667989505286813e+08
6.359596588733901212e-02 1.507405499647088623e+11 3.206064434441314340e+08
6.858313644859315161e-02 1.447675281623684998e+11 2.981387754522273540e+08
7.357035576433633428e-02 1.387404848237739258e+11 3.057660464350570440e+08
7.855761455883611410e-02 1.327200568399940796e+11 3.322708454378130436e+08
8.354490576851973660e-02 1.267636348456622772e+11 3.652891259895995855e+08
8.853222391973845917e-02 1.209245009843684082e+11 3.963215523760594726e+08
9.351956470533653865e-02 1.152510772985269775e+11 4.206386835042392612e+08
9.850692468967806037e-02 1.097862976863552551e+11 4.359997753774839640e+08
1.034943010988605139e-01 1.045671130581656799e+11 4.417224632563019395e+08
1.084816916687353777e-01 9.962413585706216431e+10 4.381515919442383051e+08
1.134690945329698275e-01 9.498142658354283142e+10 4.263594493001114726e+08
1.184565081393615799e-01 9.065642147687380981e+10 4.079638485300158858e+08
1.234439311864233557e-01 8.665999715273800659e+10 3.850020078454861045e+08
1.284313625747323662e-01 8.299666486432672119e+10 3.598199288204520345e+08
1.334188013691842700e-01 7.966488422222602844e+10 3.349362062988469005e+08
1.384062467694026355e-01 7.665748374530770874e+10 3.128274837444425821e+08
1.433936980863204647e-01 7.396217357624174500e+10 2.955890776681641340e+08
1.483811547234816508e-01 7.156213412260519409e+10 2.845012363428403735e+08
1.533686161619891020e-01 6.943666330471568298e+10 2.796855615133084655e+08
1.583560819482959792e-01 6.756186451528082275e+10 2.801067521604949832e+08
1.633435516842324520e-01 6.591135732003203583e+10 2.839759953190897703e+08
1.683310250188047585e-01 6.445699333365373993e+10 2.893162972000364065e+08
1.733185016414096891e-01 6.316956055960633850e+10 2.944056914351170659e+08
1.783059812761873808e-01 6.201946074098392487e+10 2.979970022192731500e+08
1.832934636772959591e-01 6.097734587780360413e+10 2.993644757643441558e+08
1.882809486249364950e-01 6.001470196071739197e+10 2.982590860498842597e+08
1.932684359219939418e-01 5.910437008301077271e+10 2.948268791878825426e+08
1.982559253911843622e-01 5.822099734928733826e+10 2.895144539836109281e+08
2.032434168726222901e-01 5.734141232648767853e+10 2.829682546640227437e+08
2.082309102217375085e-01 5.644492210853260803e+10 2.759279620969097018e+08
2.132184053074845376e-01 5.551353032093714142e+10 2.691154117445206046e+08
2.182059020107968983e-01 5.453207751299703217e+10 2.631269020992581546e+08
2.231934002232490444e-01 5.348830731698821259e+10 2.583452442822591662e+08
2.281808998458938198e-01 5.237286344921359253e+10 2.548922553315168023e+08
2.331684007882487975e-01 5.117922405033586121e+10 2.526361278699268103e+08
2.381559029674101546e-01 4.990358098598068237e+10 2.512513375210795403e+08
2.431434063072751561e-01 4.854467253866076660e+10 2.503110160553068221e+08
2.481309107378594780e-01 4.710357841472770691e+10 2.493841950690986216e+08
2.531184161946937738e-01 4.558348617231655121e+10 2.481155146978307366e+08
2.581059226182911837e-01 4.398943806488545990e+10 2.462763617185549140e+08
2.630934299536754062e-01 4.232806691516247559e+10 2.437862707202900350e+08
2.680809381499607014e-01 4.060732901920637512e+10 2.407085836483604014e+08
2.730684471599785779e-01 3.883624126800604248e+10 2.372257189995427430e+08
2.780559569399445041e-01 3.702462870759147644e+10 2.335992403108888268e+08
2.830434674491599245e-01 3.518288768285306549e+10 2.301200710513816476e+08
2.880309786497447511e-01 3.332176857089174652e+10 2.270554302237652540e+08
2.930184905063976664e-01 3.145218095148147964e+10 2.246008689744957387e+08
2.980060029861805737e-01 2.958502292726276398e+10 2.228466036814664304e+08
3.029935160583238640e-01 2.773103523283042526e+10 2.217654051076072752e+08
3.079810296940508341e-01 2.590067979334075928e+10 2.212242032816260159e+08
3.129685438664192021e-01 2.410404153692311859e+10 2.210151414626848996e+08
3.179560585501768344e-01 2.235075155211603165e+10 2.208970990217297673e+08
3.229435737216315716e-01 2.064992912578481293e+10 2.206376493398439288e+08
3.279310893585324904e-01 1.901013980591369247e+10 2.200476354392962456e+08
3.329186054399617678e-01 1.743936640784967041e+10 2.190041337964721620e+08
3.379061219462368704e-01 1.594498981652741051e+10 2.174607648505219817e+08
3.428936388588199047e-01 1.453377651972814560e+10 2.154463383738517165e+08
3.478811561602362934e-01 1.321187002269413757e+10 2.130538161074817181e+08
3.528686738339993356e-01 1.198478362269458961e+10 2.104220129433256686e+08
3.578561918645413176e-01 1.085739244090671539e+10 2.077127677968564928e+08
3.628437102371503964e-01 9.833923093950195312e+09 2.050866794449337721e+08
3.678312289379127020e-01 8.917939913524301529e+09 2.026808215694696307e+08
3.728187479536588800e-01 8.112327165053883553e+09 2.005918122284937799e+08
3.778062672719147974e-01 7.419267251398318291e+09 1.988668789865757227e+08
3.827937868808565791e-01 6.840215393682002068e+09 1.975040377124761343e+08
3.877813067692685856e-01 6.375871739072109222e+09 1.964605176086093187e+08
3.927688269265047216e-01 6.026152238622621536e+09 1.956667706684207618e+08
3.977563473424529095e-01 5.790159954488550186e+09 1.950424261704022288e+08
4.027438680075018929e-01 5.666158685712346077e+09 1.945106399486700892e+08
4.077313889125108171e-01 5.651550939944009781e+09 1.940082424597344398e+08
4.127189100487804740e-01 5.742862322979533195e+09 1.934904594952482283e+08
4.177064314080274343e-01 5.935734370253082275e+09 1.929303351879909933e+08
4.226939529823587338e-01 6.224927708946991920e+09 1.923140608685755432e+08
4.276814747642498915e-01 6.604337223247949600e+09 1.916340904924672246e+08
4.326689967465233155e-01 7.067020607874356270e+09 1.908821717470874786e+08
4.376565189223286523e-01 7.605241347460767746e+09 1.900442470808761418e+08
4.426440412851241901e-01 8.210526764140228271e+09 1.890986275589421690e+08
4.476315638286594845e-01 8.873741346023639679e+09 1.880180257175925672e+08
4.526190865469603142e-01 9.585175118959232330e+09 1.867751255471055806e+08
4.576066094343120838e-01 1.033464636673538589e+10 1.853505618042267859e+08
4.625941324852472225e-01 1.111161755423256302e+10 1.837416260775724053e+08
4.675816556945310287e-01 1.190532287679486847e+10 1.819697770298849046e+08
4.725691790571502904e-01 1.270490545931214714e+10 1.800850942089875042e+08
4.775567025683005173e-01 1.349956187119738770e+10 1.781661393262034357e+08
4.825442262233765600e-01 1.427869131831978989e+10 1.763142632332262695e+08
4.875317500179611185e-01 1.503204662860991287e+10 1.746422483638362885e+08
4.925192739478161941e-01 1.574988397141292763e+10 1.732583170589366853e+08
4.975067980088735964e-01 1.642310814739178658e+10 1.722478467319713235e+08
5.024943221972267837e-01 1.704341025980813217e+10 1.716562624512810707e+08
5.074818465091224251e-01 1.760339463174792862e+10 1.714769933970982432e+08
5.124693709409537945e-01 1.809669196799671555e+10 1.716476492379153371e+08
5.174568954892526662e-01 1.851805597381673050e+10 1.720557393144274056e+08
5.224444201506837082e-01 1.886344093301659012e+10 1.725529648944019973e+08
5.274319449220377098e-01 1.913005810991072845e+10 1.729752671534548104e+08
5.324194698002251425e-01 1.931640926761897278e+10 1.731650147343620956e+08
5.374069947822720517e-01 1.942229608050094604e+10 1.729919631243405342e+08
5.423945198653131738e-01 1.944880475141377640e+10 1.723704598321386874e+08
5.473820450465878285e-01 1.939826571339903641e+10 1.712712776020909846e+08
5.523695703234354770e-01 1.927418888716078186e+10 1.697271107279043794e+08
5.573570956932899501e-01 1.908117556602449036e+10 1.678311154486594498e+08
5.623446211536771155e-01 1.882480859342665863e+10 1.657280728724958897e+08
5.673321467022091058e-01 1.851152306834041214e+10 1.635980872710227668e+08
5.723196723365815419e-01 1.814846034491271973e+10 1.616335241074866951e+08
5.773071980545696480e-01 1.774330856771905136e+10 1.600113325833664834e+08
5.822947238540248094e-01 1.730413338784752655e+10 1.588647887674419582e+08
5.872822497328716862e-01 1.683920282299355698e+10 1.582602504309306741e+08
5.922697756891045495e-01 1.635681044427341080e+10 1.581845786793846488e+08
5.972573017207846169e-01 1.586510118304326057e+10 1.585467412735842764e+08
6.022448278260374988e-01 1.537190404498920631e+10 1.591933386080734730e+08
6.072323540030505340e-01 1.488457589171696472e+10 1.599341212202358544e+08
6.122198802500696813e-01 1.440986020110358620e+10 1.605716664737750590e+08
6.172074065653979646e-01 1.395376434978308105e+10 1.609296803169839084e+08
6.221949329473926982e-01 1.352145848128667641e+10 1.608760648661171198e+08
6.271824593944635984e-01 1.311719844249537468e+10 1.603387625831299722e+08
6.321699859050702308e-01 1.274427460393762016e+10 1.593136994442229867e+08
6.371575124777206778e-01 1.240498764442913055e+10 1.578647574385533035e+08
6.421450391109693179e-01 1.210065159890458298e+10 1.561158636635822654e+08
6.471325658034148276e-01 1.183162366389087296e+10 1.542353980217596591e+08
6.521200925536991821e-01 1.159735945340330696e+10 1.524136116487441063e+08
6.571076193605055460e-01 1.139649162551387215e+10 1.508349050509570539e+08
6.620951462225563855e-01 1.122692908276880264e+10 1.496485785289406478e+08
6.670826731386124697e-01 1.108597331331467056e+10 1.489433874758528769e+08
6.720702001074717602e-01 1.097044790735017967e+10 1.487317545567018092e+08
6.770577271279670795e-01 1.087683687567079926e+10 1.489478520485417843e+08
6.820452541989658890e-01 1.080142713023121643e+10 1.494601842303988039e+08
6.870327813193682909e-01 1.074045037269242477e+10 1.500953564119580686e+08
6.920203084881060285e-01 1.069021968277956581e+10 1.506672904713743031e+08
6.970078357041413764e-01 1.064725630502700615e+10 1.510060179240349829e+08
7.019953629664664740e-01 1.060840249563969612e+10 1.509817140570944250e+08
7.069828902741016607e-01 1.057091680022222710e+10 1.505215940287975073e+08
7.119704176260943651e-01 1.053254877208522415e+10 1.496187663803018928e+08
7.169579450215193273e-01 1.049159088852750778e+10 1.483328753877970576e+08
7.219454724594762673e-01 1.044690625335249710e+10 1.467825853481744826e+08
7.269329999390895525e-01 1.039793155874914551e+10 1.451301023429577351e+08
7.319205274595077526e-01 1.034465568678211212e+10 1.435584545126499236e+08
7.369080550199024193e-01 1.028757522709173775e+10 1.422434840564508438e+08
7.418955826194673087e-01 1.022762903973368263e+10 1.413243709424550235e+08
7.468831102574174929e-01 1.016611476835374069e+10 1.408782842478024364e+08
7.518706379329892497e-01 1.010459087949254036e+10 1.409051884269075990e+08
7.568581656454390627e-01 1.004476834270129204e+10 1.413269523753658235e+08
7.618456933940425113e-01 9.988396452024332047e+09 1.420010790269136429e+08
7.668332211780939378e-01 9.937147506516073227e+09 1.427453736155116260e+08
7.718207489969062252e-01 9.892505106373556137e+09 1.433676253178613186e+08
7.768082768498100199e-01 9.855660679261850357e+09 1.436945259517279863e+08
7.817958047361527329e-01 9.827422532737846375e+09 1.435957686088233888e+08
7.867833326552983175e-01 9.808141244367431641e+09 1.430012450535587072e+08
7.917708606066273802e-01 9.797654568813838959e+09 1.419106172813484669e+08
7.967583885895350715e-01 9.795254284190135956e+09 1.403950753629515767e+08
8.017459166034320850e-01 9.799676546834236145e+09 1.385910623296929896e+08
8.067334446477437693e-01 9.809116406637790680e+09 1.366856031291705966e+08
8.117209727219093507e-01 9.821266189226491928e+09 1.348931631179541945e+08
8.167085008253823775e-01 9.833376512954441071e+09 1.334252042759630531e+08
8.216960289576287213e-01 9.842337814072608948e+09 1.324559815153889805e+08
8.266835571181275766e-01 9.844779437261499405e+09 1.320909330069836080e+08
8.316710853063710163e-01 9.837182642770559311e+09 1.323455230242903084e+08
8.366586135218624376e-01 9.816003313242092133e+09 1.331407683953511864e+08
8.416461417641176723e-01 9.777799735324983597e+09 1.343168552078133523e+08
8.466336700326639875e-01 9.719360599442291260e+09 1.356606438759196401e+08
8.516211983270388641e-01 9.637828315032665253e+09 1.369395585221559107e+08
8.566087266467917738e-01 9.530812880209127426e+09 1.379345609630343616e+08
8.615962549914814028e-01 9.396491869106153488e+09 1.384674182485527098e+08
8.665837833606774288e-01 9.233692594769901276e+09 1.384202784290784001e+08
8.715713117539596322e-01 9.041953151626846313e+09 1.377474112747995853e+08
8.765588401709160093e-01 8.821559814545646667e+09 1.364796336741638780e+08
8.815463686111453256e-01 8.573559141718111992e+09 1.347217779458817840e+08
8.865338970742548952e-01 8.299744062861751556e+09 1.326430539359054118e+08
8.915214255598600257e-01 8.002614196779245377e+09 1.304597713194286525e+08
8.965089540675857949e-01 7.685311596587851524e+09 1.284101334558125883e+08
9.014964825970653850e-01 7.351534030661997795e+09 1.267221953633458465e+08
9.064840111479389728e-01 7.005428738234891891e+09 1.255787388068279922e+08
9.114715397198557278e-01 6.651470319407081604e+09 1.250858988067595810e+08
9.164590683124720361e-01 6.294327003330829620e+09 1.252538275227374882e+08
9.214465969254520550e-01 5.938719963995323181e+09 1.259954951672680527e+08
9.264341255584663815e-01 5.589280605163575172e+09 1.271441241830611974e+08
9.314216542111933839e-01 5.250410805927066803e+09 1.284837685809321254e+08
9.364091828833184250e-01 4.926151004474762917e+09 1.297845953376526982e+08
9.413967115745327519e-01 4.620060705346908569e+09 1.308353822106347829e+08
9.463842402845346058e-01 4.335115536639865875e+09 1.314688632469581664e+08
9.513717690130290006e-01 4.073624376579236507e+09 1.315785648427859992e+08
9.563592977597260569e-01 3.837169337093584061e+09 1.311275233618810624e+08
9.613468265243425570e-01 3.626570563528835297e+09 1.301497669233568907e+08
9.663343553066010561e-01 3.441876915707740784e+09 1.287451928376803100e+08
9.713218841062303266e-01 3.282382669635303974e+09 1.270680196568111926e+08
9.763094129229632490e-01 3.146669455336510658e+09 1.253087901785610914e+08
9.812969417565396979e-01 3.032671758471185207e+09 1.236703412061592191e+08
9.862844706067037670e-01 2.937763493253293037e+09 1.223394993359841257e+08
9.912719994732055451e-01 2.858862431044138432e+09 1.214583471025809348e+08
9.962595283557990067e-01 2.792548667719815731e+09 1.211008103883610070e+08
1.001247057254244233e+00 2.735192853948496819e+09 1.212605505072078407e+08
1.006234586168305301e+00 2.683089610572584629e+09 1.218537101343163401e+08
1.011222115097751173e+00 2.632591415350084782e+09 1.227356977896052897e+08
1.016209644042354920e+00 2.580238280010100365e+09 1.237271863711709678e+08
1.021197173001895608e+00 2.522878734678940773e+09 1.246428729035062790e+08
1.026184701976153857e+00 2.457777990832054138e+09 1.253175230396943837e+08
1.031172230964917613e+00 2.382709649434189320e+09 1.256261008163150400e+08
1.036159759967976379e+00 2.296027938265110970e+09 1.254968976331460774e+08
1.041147288985125208e+00 2.196718178149886131e+09 1.249178067837236524e+08
1.046134818016162260e+00 2.084423965277425051e+09 1.239362615011395514e+08
1.051122347060890139e+00 1.959450387405664444e+09 1.226532256730145663e+08
1.056109876119114777e+00 1.822743435791530132e+09 1.212114068565406799e+08
1.061097405190645881e+00 1.675846602579770803e+09 1.197779196140845716e+08
1.066084934275296714e+00 1.520836436578774929e+09 1.185222597457821965e+08
1.071072463372883643e+00 1.360239542401502132e+09 1.175917538719189614e+08
1.076059992483227479e+00 1.196934125304273844e+09 1.170882817596423775e+08
1.081047521606151030e+00 1.034039686883435965e+09 1.170511327750041187e+08
1.086035050741481101e+00 8.747988494764950275e+08 1.174502935118460506e+08
1.091022579889048050e+00 7.224555188574213982e+08 1.181919513411644101e+08
1.096010109048684011e+00 5.801336796620935202e+08 1.191345513466922790e+08
1.100997638220225783e+00 4.507210551794421673e+08 1.201111191081863940e+08
1.105985167403511937e+00 3.367616568140165806e+08 1.209528982197657824e+08
1.110972696598383935e+00 2.403609076115692556e+08 1.215104408646463454e+08
1.115960225804686790e+00 1.631065619297741055e+08 1.216700739740407914e+08
1.120947755022267955e+00 1.060080767671598047e+08 1.213651712231754512e+08
1.125935284250977553e+00 6.945643955508127809e+07 1.205824774707685411e+08
1.130922813490668366e+00 5.320574515613097697e+07 1.193639030110318214e+08
1.135910342741195622e+00 5.637706566009371728e+07 1.178039624049168825e+08
1.140897872002417213e+00 7.748439557340128720e+07 1.160426297439808995e+08
1.145885401274193693e+00 1.144817073708682656e+08 1.142530783754761815e+08
1.150872930556387619e+00 1.648294425944905579e+08 1.126238820285680592e+08
1.155860459848864208e+00 2.255781146445063055e+08 1.113361194224840105e+08
1.160847989151490678e+00 2.934661318753536940e+08 1.105375897164590657e+08
1.165835518464137355e+00 3.650284813613032699e+08 1.103185422535677701e+08
1.170823047786675675e+00 4.367125593540908098e+08 1.106946772120963484e+08
1.175810577118979738e+00 5.049972046553481817e+08 1.116022597581664324e+08
1.180798106460926311e+00 5.665108926890796423e+08 1.129068110620339066e+08
1.185785635812393490e+00 6.181450833905459642e+08 1.144226803868131489e+08
1.190773165173261150e+00 6.571588834765410423e+08 1.159382066413891166e+08
1.195760694543412272e+00 6.812714772674632072e+08 1.172411874626064301e+08
1.200748223922731173e+00 6.887391902378244400e+08 1.181411994923813045e+08
1.205735753311103498e+00 6.784145623388714790e+08 1.184874555641743839e+08
1.210723282708418003e+00 6.497854073318586349e+08 1.181823392409058958e+08
1.215710812114564332e+00 6.029925004194211960e+08 1.171912987089731097e+08
1.220698341529434350e+00 5.388252480851567984e+08 1.155496048645208627e+08
1.225685870952921253e+00 4.586954282128737569e+08 1.133658132622545660e+08
1.230673400384920457e+00 3.645898217674395442e+08 1.108207398065918833e+08
1.235660929825329379e+00 2.590032657371476591e+08 1.081594783885963857e+08
1.240648459274045878e+00 1.448543177991847992e+08 1.056728601448452175e+08
1.245635988730970478e+00 2.538631448972385749e+07 1.036648863400199711e+08
1.250623518196004813e+00 -9.594289293324050307e+07 1.024058737110172808e+08
1.255611047669052738e+00 -2.155788442813488841e+08 1.020783577817531377e+08
1.260598577150018551e+00 -3.299920603330836296e+08 1.027313435974880457e+08
1.265586106638808772e+00 -4.357992120919243693e+08 1.042607825652364939e+08
1.270573636135331475e+00 -5.298797530524245501e+08 1.064248505164054185e+08
1.275561165639495398e+00 -6.094840239378815889e+08 1.088870732077452987e+08
1.280548695151212168e+00 -6.723290997753314972e+08 1.112707060366496593e+08
1.285536224670393413e+00 -7.166790372104985714e+08 1.132094265191183239e+08
1.290523754196952311e+00 -7.414066841035981178e+08 1.143872577657004595e+08
1.295511283730804264e+00 -7.460348185277673006e+08 1.145675325339209139e+08
1.300498813271864673e+00 -7.307550711877844334e+08 1.136138480021467358e+08
1.305486342820051382e+00 -6.964238322740465403e+08 1.115061971583893895e+08
1.310473872375283122e+00 -6.445351262502499819e+08 1.083542618043343723e+08
1.315461401937479291e+00 -5.771712303516757488e+08 1.044077494594897330e+08
1.320448931506561285e+00 -4.969325875456424952e+08 1.000600721891838461e+08
1.325436461082451389e+00 -4.068492958957327008e+08 9.583551288851831853e+07
1.330423990665072775e+00 -3.102771176272674203e+08 9.234203636913210154e+07
1.335411520254350393e+00 -2.107815190254788399e+08 9.017018179173634946e+07
1.340399049850209634e+00 -1.120137051164881885e+08 8.974120468766558170e+07
1.345386579452577447e+00 -1.758293354184040055e+07 9.116027392823135853e+07
1.350374109061381667e+00 6.907043372076459229e+07 9.416318402190485597e+07
1.355361638676551461e+00 1.447966622189494073e+08 9.819277437104773521e+07
1.360349168298016442e+00 2.068488202163287401e+08 1.025480188952839375e+08
1.365336697925707776e+00 2.529813507036768794e+08 1.065224656615052372e+08
1.370324227559557517e+00 2.815314357327246666e+08 1.094933554220016897e+08
1.375311757199498608e+00 2.914801248802332282e+08 1.109669552503177971e+08
1.380299286845465101e+00 2.824908925393868685e+08 1.105990876218050122e+08
1.385286816497391715e+00 2.549240743044882715e+08 1.082057885566219836e+08
1.390274346155214724e+00 2.098264849313225448e+08 1.037727713962709904e+08
1.395261875818870623e+00 1.488964081571078598e+08 9.746917400784291327e+07
1.400249405488297016e+00 7.442504131155006588e+07 8.967089658028815687e+07
1.405236935163432621e+00 -1.078365900531880371e+07 8.099950502718283236e+07
1.410224464844216596e+00 -1.035119806856948137e+08 7.237654932101140916e+07
1.415211994530589656e+00 -2.002428492502384484e+08 6.505463489615884423e+07
1.420199524222492293e+00 -2.972855581810474992e+08 6.047302106944426149e+07
1.425187053919866997e+00 -3.909083369014354944e+08 5.970521338140820712e+07
1.430174583622656481e+00 -4.774729702309639454e+08 6.272156776201926172e+07
1.435162113330804123e+00 -5.535665736008712053e+08 6.835138853982053697e+07
1.440149643044254413e+00 -6.161256982769260406e+08 7.501156165608757734e+07
1.445137172762952060e+00 -6.625481946729989052e+08 8.130546328017666936e+07
1.450124702486843331e+00 -6.907886861543356180e+08 8.618914089878003299e+07
1.455112232215874490e+00 -6.994340934017684460e+08 8.893794198130330443e+07
1.460099761949993358e+00 -6.877563704383132458e+08 8.908524259752145410e+07
1.465087291689147531e+00 -6.557404530986707211e+08 8.637778745561480522e+07
1.470074821433285939e+00 -6.040863320814876556e+08 8.074693274710212648e+07
1.475062351182357734e+00 -5.341851324695382118e+08 7.228812422657439113e+07
1.480049880936313622e+00 -4.480700421721548438e+08 6.124280611463686079e+07
1.485037410695103866e+00 -3.483438923206026554e+08 4.797943471937751770e+07
1.490024940458680058e+00 -2.380860390651219487e+08 3.297203892120909318e+07
1.495012470226994683e+00 -1.207420487182977945e+08 1.677594485904740542e+07
