# r [arcsec]	I [Jy/sr]	I_uncer [Jy/sr]
1.272617859314095550e-03 7.498700017807386780e+10 3.578003500178763866e+09
2.921189009106442414e-03 7.496978738750949097e+10 3.576423715053150177e+09
4.579495862547155495e-03 7.493882830112117004e+10 3.573621806019053936e+09
6.240002426697914550e-03 7.489412982231677246e+10 3.569586300345052242e+09
7.901343393063876494e-03 7.483571100549691772e+10 3.564317706869765759e+09
9.563088128690054243e-03 7.476359764892872620e+10 3.557819526783276558e+09
1.122505851373705593e-02 7.467782177182092285e+10 3.550096822497473240e+09
1.288716767388508287e-02 7.457842150038130188e+10 3.541155873479727745e+09
1.454936822595933807e-02 7.446544101964503479e+10 3.531004063013329029e+09
1.621163214106096165e-02 7.433893053839831543e+10 3.519649830400403500e+09
1.787394178310437384e-02 7.419894625559390259e+10 3.507102645667887688e+09
1.953628550253095827e-02 7.404555032497529602e+10 3.493372993036402702e+09
2.119865529577967186e-02 7.387881081687571716e+10 3.478472358051295280e+09
2.286104548286438387e-02 7.369880167677479553e+10 3.462413216227880478e+09
2.452345192144544592e-02 7.350560268049954224e+10 3.445209022243298531e+09
2.618587151961204035e-02 7.329929938600091553e+10 3.426874199214348316e+09
2.784830192283991451e-02 7.307998308172732544e+10 3.407424127829725742e+09
2.951074130657948408e-02 7.284775073158441162e+10 3.386875135238504887e+09
3.117318823511218417e-02 7.260270491653616333e+10 3.365244483653254509e+09
3.283564156322602012e-02 7.234495377286117554e+10 3.342550358671711445e+09
3.449810036628684490e-02 7.207461092713003540e+10 3.318811857333406448e+09
3.616056388957845924e-02 7.179179542791036987e+10 3.294048975950001717e+09
3.782303151098994481e-02 7.149663167429872131e+10 3.268282597757624149e+09
3.948550271312052662e-02 7.118924934126541138e+10 3.241534480443120956e+09
4.114797706214112089e-02 7.086978330193386841e+10 3.213827243607977390e+09
4.281045419157746001e-02 7.053837354678518677e+10 3.185184356228983402e+09
4.447293378972808769e-02 7.019516509989308167e+10 3.155630124198031425e+09
4.613541558980088775e-02 6.984030793221838379e+10 3.125189678002561092e+09
4.779789936210682849e-02 6.947395687204154968e+10 3.093888960634521008e+09
4.946038490782722619e-02 6.909627151258024597e+10 3.061754715815949917e+09
5.112287205399637657e-02 6.870741611688070679e+10 3.028814476611150265e+09
5.278536064943199074e-02 6.830755952001535034e+10 2.995096554540260315e+09
5.444785056141081270e-02 6.789687502869680786e+10 2.960630029273724079e+09
5.611034167293492414e-02 6.747554031833567047e+10 2.925444739019629002e+09
5.777283388046990098e-02 6.704373732765267181e+10 2.889571271697810173e+09
5.943532709206246489e-02 6.660165215089189148e+10 2.853040957022730350e+09
6.109782122576532665e-02 6.614947492771878052e+10 2.815885859595061302e+09
6.276031620831216962e-02 6.568739973089169312e+10 2.778138773132979393e+09
6.442281197399798987e-02 6.521562445175998688e+10 2.739833215945564747e+09
6.608530846372812073e-02 6.473435068369513702e+10 2.701003427788450718e+09
6.774780562420743002e-02 6.424378360351452637e+10 2.661684368215218544e+09
6.941030340724584080e-02 6.374413185099496460e+10 2.621911716553132534e+09
7.107280176916151715e-02 6.323560740655461121e+10 2.581721873626776695e+09
7.273530067026563739e-02 6.271842546717218781e+10 2.541151965351488113e+09
7.439780007441634813e-02 6.219280432067108154e+10 2.500239848318448544e+09
7.606029994863128252e-02 6.165896521839533997e+10 2.459024117469368458e+09
7.772280026274960840e-02 6.111713224642675781e+10 2.417544115970244884e+09
7.938530098913672284e-02 6.056753219537903595e+10 2.375839947355156898e+09
8.104780210242505667e-02 6.001039442889440155e+10 2.333952489999742508e+09
8.271030357928650656e-02 5.944595075091854858e+10 2.291923413956943989e+09
8.437280539823126257e-02 5.887443527183277893e+10 2.249795200131655693e+09
8.603530753943039455e-02 5.829608427357224274e+10 2.207611161739639282e+09
8.769780998455847798e-02 5.771113607376580811e+10 2.165415467923524380e+09
8.936031271665356712e-02 5.711983088904576874e+10 2.123253169308610678e+09
9.102281571999285004e-02 5.652241069758435059e+10 2.081170225202476978e+09
9.268531897998151525e-02 5.591911910095948029e+10 2.039213532003397942e+09
9.434782248305331742e-02 5.531020118544683838e+10 1.997430952234303236e+09
9.601032621658157906e-02 5.469590338282930756e+10 1.955871343444975615e+09
9.767283016879922675e-02 5.407647333081325531e+10 1.914584586008269072e+09
9.933533432872686253e-02 5.345215973314988708e+10 1.873621608566910982e+09
1.009978386861079547e-01 5.282321221955336761e+10 1.833034409602356911e+09
1.026603432313502873e-01 5.218988120550926971e+10 1.792876073235431194e+09
1.043228479554730720e-01 5.155241775206217194e+10 1.753200776970208168e+09
1.059853528500589448e-01 5.091107342568913269e+10 1.714063788638508320e+09
1.076478579072105424e-01 5.026610015832427216e+10 1.675521449303545475e+09
1.093103631195108394e-01 4.961775010766631317e+10 1.637631138330833912e+09
1.109728684799872744e-01 4.896627551781463623e+10 1.600451216271394491e+09
1.126353739820789568e-01 4.831192858036898041e+10 1.564040940618960619e+09
1.142978796196066349e-01 4.765496129604837036e+10 1.528460348951467752e+09
1.159603853867454265e-01 4.699562533694728851e+10 1.493770103492923737e+09
1.176228912779997832e-01 4.633417190949046326e+10 1.460031290775130749e+09
1.192853972881804531e-01 4.567085161820241547e+10 1.427305169941854477e+09
1.209479034123834701e-01 4.500591433035622406e+10 1.395652863390787125e+09
1.226104096459709192e-01 4.433960904161371613e+10 1.365134984001210213e+09
1.242729159845529646e-01 4.367218374270256042e+10 1.335811194265349865e+09
1.259354224239715991e-01 4.300388528727261353e+10 1.307739694327235222e+09
1.275979289602855449e-01 4.233495926095268250e+10 1.280976638323156834e+09
1.292604355897561952e-01 4.166564985174199677e+10 1.255575481580086470e+09
1.309229423088349165e-01 4.099619972178691101e+10 1.231586265136682272e+09
1.325854491141509606e-01 4.032684988063805389e+10 1.209054848621494055e+09
1.342479560025006402e-01 3.965783956005564117e+10 1.188022107549749136e+09
1.359104629708369483e-01 3.898940609045062256e+10 1.168523116269721985e+09
1.375729700162601765e-01 3.832178477903901672e+10 1.150586342648231268e+09
1.392354771360091448e-01 3.765520878976846313e+10 1.134232884618282557e+09
1.408979843274529020e-01 3.698990902510993958e+10 1.119475781337224722e+09
1.425604915880832879e-01 3.632611400977598572e+10 1.106319432387359142e+09
1.442229989155077718e-01 3.566404977643377686e+10 1.094759156776399612e+09
1.458855063074428748e-01 3.500393975349028778e+10 1.084780919259318352e+09
1.475480137617080634e-01 3.434600465500751114e+10 1.076361244796886921e+09
1.492105212762198374e-01 3.369046237282092285e+10 1.069467333187606454e+09
1.508730288489867621e-01 3.303752787091900635e+10 1.064057375747598529e+09
1.525355364781040279e-01 3.238741308214082718e+10 1.060081065299118876e+09
1.541980441617490649e-01 3.174032680727128220e+10 1.057480280634948969e+09
1.558605518981770188e-01 3.109647461656986237e+10 1.056189918026898265e+09
1.575230596857167542e-01 3.045605875379222870e+10 1.056138835971438169e+09
1.591855675227668576e-01 2.981927804278076172e+10 1.057250875691372991e+09
1.608480754077921959e-01 2.918632779664422989e+10 1.059445919039486408e+09
1.625105833393203636e-01 2.855739972960001373e+10 1.062640947193374991e+09
1.641730913159387406e-01 2.793268187151903915e+10 1.066751067419977307e+09
1.658355993362912173e-01 2.731235848521530151e+10 1.071690480602010489e+09
1.674981073990755853e-01 2.669660998653627396e+10 1.077373368497197628e+09
1.691606155030408176e-01 2.608561286728211975e+10 1.083714686187225103e+09
1.708231236469845982e-01 2.547953962100049210e+10 1.090630851361353636e+09
1.724856318297508795e-01 2.487855867169927216e+10 1.098040327569260120e+09
1.741481400502279120e-01 2.428283430550298691e+10 1.105864103130316257e+09
1.758106483073458848e-01 2.369252660528999329e+10 1.114026070918522835e+09
1.774731566000750660e-01 2.310779138834453964e+10 1.122453316754156113e+09
1.791356649274240265e-01 2.252878014705534744e+10 1.131076325719394445e+09
1.807981732884377246e-01 2.195563999266966248e+10 1.139829116506315947e+09
1.824606816821959798e-01 2.138851360215577698e+10 1.148649314080345631e+09
1.841231901078118072e-01 2.082753916816894150e+10 1.157478170625478745e+09
1.857856985644300296e-01 2.027285035215869141e+10 1.166260544101759911e+09
1.874482070512257237e-01 1.972457624062682724e+10 1.174944842898406982e+09
1.891107155674030538e-01 1.918284130455516815e+10 1.183482944110963345e+09
1.907732241121938566e-01 1.864776536201478577e+10 1.191830091985800505e+09
1.924357326848565586e-01 1.811946354396635056e+10 1.199944782106632948e+09
1.940982412846749550e-01 1.759804626326464081e+10 1.207788635996703386e+09
1.957607499109572380e-01 1.708361918686992645e+10 1.215326269979239941e+09
1.974232585630348313e-01 1.657628321126881599e+10 1.222525161408171654e+09
1.990857672402615297e-01 1.607613444111493301e+10 1.229355514741132498e+09
2.007482759420124996e-01 1.558326417107744217e+10 1.235790129376818419e+09
2.024107846676835298e-01 1.509775887090340042e+10 1.241804270720996857e+09
2.040732934166899215e-01 1.461970017368850136e+10 1.247375545558600187e+09
2.057358021884660160e-01 1.414916486734294701e+10 1.252483782499581099e+09
2.073983109824642512e-01 1.368622488925194931e+10 1.257110918007123470e+09
2.090608197981545235e-01 1.323094732410984612e+10 1.261240888321256638e+09
2.107233286350234380e-01 1.278339440492771912e+10 1.264859527425752163e+09
2.123858374925735870e-01 1.234362351718007851e+10 1.267954471087989569e+09
2.140483463703231337e-01 1.191168720609408569e+10 1.270515066909005404e+09
2.157108552678049240e-01 1.148763318704109383e+10 1.272532290249094725e+09
2.173733641845664311e-01 1.107150435902601624e+10 1.273998665852158785e+09
2.190358731201685061e-01 1.066333882123453522e+10 1.274908194953560829e+09
2.206983820741854618e-01 1.026316989262722206e+10 1.275256287638950348e+09
2.223608910462041566e-01 9.871026134537996292e+09 1.275039700211436510e+09
2.240234000358239386e-01 9.486931376260051727e+09 1.274256477322664261e+09
2.256859090426557024e-01 9.110904743572694778e+09 1.272905898619644165e+09
2.273484180663219723e-01 8.742960690191774368e+09 1.270988429676887989e+09
2.290109271064561247e-01 8.383109032089480400e+09 1.268505676983184099e+09
2.306734361627020280e-01 8.031354984663035393e+09 1.265460346771944761e+09
2.323359452347137921e-01 7.687699202695875168e+09 1.261856207491946936e+09
2.339984543221555469e-01 7.352137823086437225e+09 1.257698055735415459e+09
2.356609634247005536e-01 7.024662510285156250e+09 1.252991685448867321e+09
2.373234725420314828e-01 6.705260504406829834e+09 1.247743860271284103e+09
2.389859816738397480e-01 6.393914671964511871e+09 1.241962288857306242e+09
2.406484908198254224e-01 6.090603559179765701e+09 1.235655603054506779e+09
2.423109999796965175e-01 5.795301447816229820e+09 1.228833338820659876e+09
2.439735091531692601e-01 5.507978413488935471e+09 1.221505919775195599e+09
2.456360183399674824e-01 5.228600386391196251e+09 1.213684643291179895e+09
2.472985275398224547e-01 4.957129214388234138e+09 1.205381669044336796e+09
2.489610367524725254e-01 4.693522728418982506e+09 1.196610009941771269e+09
2.506235459776631203e-01 4.437734810150093079e+09 1.187383525359319210e+09
2.522860552151463542e-01 4.189715461819899559e+09 1.177716916622251749e+09
2.539485644646808371e-01 3.949410878216753960e+09 1.167625724662501335e+09
2.556110737260313126e-01 3.716763520726199627e+09 1.157126329786306620e+09
2.572735829989687417e-01 3.491712193384715080e+09 1.146235953481329679e+09
2.589360922832700251e-01 3.274192120877898216e+09 1.134972662183078051e+09
2.605986015787175591e-01 3.064135028415651321e+09 1.123355372908752680e+09
2.622611108850994577e-01 2.861469223418099403e+09 1.111403860646613121e+09
2.639236202022091082e-01 2.666119678948672771e+09 1.099138767367285013e+09
2.655861295298450053e-01 2.478008118818644524e+09 1.086581612488512039e+09
2.672486388678106950e-01 2.297053104301271915e+09 1.073754804588947058e+09
2.689111482159146083e-01 2.123170122382302761e+09 1.060681654112821698e+09
2.705736575739698391e-01 1.956271675472898722e+09 1.047386386749823570e+09
2.722361669417941443e-01 1.796267372519331932e+09 1.033894157099853516e+09
2.738986763192096108e-01 1.643064021433605671e+09 1.020231062143460870e+09
2.755611857060425440e-01 1.496565722767055035e+09 1.006424153937004447e+09
2.772236951021236906e-01 1.356673964565763712e+09 9.925014508292915821e+08
2.788862045072874607e-01 1.223287718318699837e+09 9.784919463556625843e+08
2.805487139213725944e-01 1.096303535934505463e+09 9.644256148069720268e+08
2.822112233442213292e-01 9.756156476667907238e+08 9.503334122902370691e+08
2.838737327756796214e-01 8.611160609122607708e+08 9.362472718991756439e+08
2.855362422155972579e-01 7.526946598074407578e+08 9.222000913960881233e+08
2.871987516638271343e-01 6.502393055464177132e+08 9.082257115808782578e+08
2.888612611202258651e-01 5.536359373437633514e+08 8.943588832830562592e+08
2.905237705846532292e-01 4.627686739628363848e+08 8.806352206877899170e+08
2.921862800569720031e-01 3.775199157391343117e+08 8.670911384885877371e+08
2.938487895370484604e-01 2.977704470134038925e+08 8.537637701823153496e+08
2.955112990247516502e-01 2.233995389053168297e+08 8.406908647030320168e+08
2.971738085199533974e-01 1.542850523435203433e+08 8.279106585545314550e+08
2.988363180225286353e-01 9.030354128242318332e+07 8.154617206862825155e+08
3.004988275323551283e-01 3.133035602317043394e+07 8.033827675939716101e+08
3.021613370493130279e-01 -2.276025343452322483e+07 7.917124465561673641e+08
3.038238465732852611e-01 -7.209503408798708022e+07 7.804890855708091259e+08
3.054863561041573639e-01 -1.168016267469071895e+08 7.697504094682707787e+08
3.071488656418173702e-01 -1.570084630485394001e+08 7.595332228582329750e+08
3.088113751861554790e-01 -1.928446627456332445e+08 7.498730620217067003e+08
3.104738847370644983e-01 -2.244399313396809697e+08 7.408038195533114672e+08
3.121363942944395120e-01 -2.519244581377343237e+08 7.323573474371756315e+08
3.137989038581776025e-01 -2.754288148043202162e+08 7.245630462064210176e+08
3.154614134281782389e-01 -2.950838544788397551e+08 7.174474497575606108e+08
3.171239230043430002e-01 -3.110206115346768498e+08 7.110338171119425297e+08
3.187864325865753523e-01 -3.233702020518900752e+08 7.053417437532671690e+08
3.204489421747808708e-01 -3.322637250650380850e+08 7.003868059451099634e+08
3.221114517688670742e-01 -3.378321646721223593e+08 6.961802514893049002e+08
3.237739613687434237e-01 -3.402062930550729036e+08 6.927287496181553602e+08
3.254364709743211015e-01 -3.395165744968554378e+08 6.900342110735911131e+08
3.270989805855132326e-01 -3.358930704465277791e+08 6.880936869763934612e+08
3.287614902022346075e-01 -3.294653457132737041e+08 6.868993519499632120e+08
3.304239998244018484e-01 -3.203623758397980928e+08 6.864385733676856756e+08
3.320865094519330207e-01 -3.087124557306923866e+08 6.866940648107373714e+08
3.337490190847480775e-01 -2.946431095897249579e+08 6.876441181596261263e+08
3.354115287227684150e-01 -2.782810022344586253e+08 6.892629054877829552e+08
3.370740383659170392e-01 -2.597518518396142125e+08 6.915208393219587803e+08
3.387365480141183438e-01 -2.391803441778035164e+08 6.943849780469131470e+08
3.403990576672984991e-01 -2.166900484070765376e+08 6.978194623365738392e+08
3.420615673253846745e-01 -1.924033344648003578e+08 7.017859684754023552e+08
3.437240769883058711e-01 -1.664412921221900582e+08 7.062441651949760914e+08
3.453865866559921449e-01 -1.389236517519766986e+08 7.111521620354377031e+08
3.470490963283750507e-01 -1.099687068604329228e+08 7.164669390737566948e+08
3.487116060053874755e-01 -7.969323843569745123e+07 7.221447499284040928e+08
3.503741156869634166e-01 -4.821244115778519958e+07 7.281414920994421244e+08
3.520366253730383144e-01 -1.563985152047501132e+07 7.344130407609264851e+08
3.536991350635486642e-01 1.791272209217581153e+07 7.409155439962203503e+08
3.553616447584322380e-01 5.233526733073194325e+07 7.476056790709310770e+08
3.570241544576279180e-01 8.751963376311737299e+07 7.544408706465594769e+08
3.586866641610758633e-01 1.233595966765495390e+08 7.613794728353066444e+08
3.603491738687170098e-01 1.597509187617143095e+08 7.683809177089246511e+08
3.620116835804937372e-01 1.965914096385329366e+08 7.754058333251730204e+08
3.636741932963493684e-01 2.337809831931061447e+08 7.824161345692968369e+08
3.653367030162280593e-01 2.712217126894595027e+08 7.893750901680674553e+08
3.669992127400752979e-01 3.088178836276928782e+08 7.962473691575287580e+08
3.686617224678372939e-01 3.464760443163235784e+08 8.029990699132534266e+08
3.703242321994613118e-01 3.841050541358147264e+08 8.095977346186981201e+08
3.719867419348956150e-01 4.216161294618427753e+08 8.160123517724887133e+08
3.736492516740893000e-01 4.589228872307654023e+08 8.222133490478444099e+08
3.753117614169925176e-01 4.959413861224304438e+08 8.281725785266057253e+08
3.769742711635561405e-01 5.325901653391470313e+08 8.338632960534129143e+08
3.786367809137318741e-01 5.687902809695174694e+08 8.392601361907299757e+08
3.802992906674724227e-01 6.044653399121965170e+08 8.443390840214784145e+08
3.819618004247312126e-01 6.395415313545415401e+08 8.490774448272534609e+08
3.836243101854625026e-01 6.739476557891912460e+08 8.534538124846295118e+08
3.852868199496213841e-01 7.076151515583708286e+08 8.574480372549718618e+08
3.869493297171635593e-01 7.404781189247751236e+08 8.610411935040127039e+08
3.886118394880457849e-01 7.724733416525187492e+08 8.642155477637451887e+08
3.902743492622252064e-01 8.035403061045838594e+08 8.669545274527773857e+08
3.919368590396599683e-01 8.336212178486500978e+08 8.692426904810355902e+08
3.935993688203087704e-01 8.626610157727442980e+08 8.710656959010429382e+08
3.952618786041311449e-01 8.906073837165244818e+08 8.724102757060967684e+08
3.969243883910870685e-01 9.174107596154603958e+08 8.732642078338510990e+08
3.985868981811374612e-01 9.430243421699601412e+08 8.736162903947041035e+08
4.002494079742436872e-01 9.674040950452532768e+08 8.734563171161220074e+08
4.019119177703678880e-01 9.905087486124248505e+08 8.727750539735192060e+08
4.035744275694727046e-01 1.012299799239673138e+09 8.715642169585931301e+08
4.052369373715214440e-01 1.032741506154870152e+09 8.698164509256384373e+08
4.068994471764781906e-01 1.051800885886058688e+09 8.675253094480446577e+08
4.085619569843071952e-01 1.069447704303915501e+09 8.646852356077593565e+08
4.102244667949735413e-01 1.085654466284703970e+09 8.612915436432329416e+08
4.118869766084432005e-01 1.100396403012876749e+09 8.573404013718357086e+08
4.135494864246819224e-01 1.113651456947023630e+09 8.528288133107757568e+08
4.152119962436567890e-01 1.125400264479259729e+09 8.477546044143261909e+08
4.168745060653349932e-01 1.135626136303521156e+09 8.421164043524886370e+08
4.185370158896842829e-01 1.144315035536659241e+09 8.359136322549668550e+08
4.201995257166728504e-01 1.151455553607828140e+09 8.291464818506178856e+08
4.218620355462696647e-01 1.157038883959238052e+09 8.218159069314711094e+08
4.235245453784438063e-01 1.161058793583603144e+09 8.139236070804152489e+08
4.251870552131651881e-01 1.163511592442101717e+09 8.054720135975786448e+08
4.268495650504041117e-01 1.164396100791383982e+09 7.964642755725076199e+08
4.285120748901312115e-01 1.163713614464462996e+09 7.869042460442105532e+08
4.301745847323175664e-01 1.161467868142037630e+09 7.767964682050675154e+08
4.318370945769347546e-01 1.157664996656219006e+09 7.661461615968664885e+08
4.334996044239549096e-01 1.152313494374637127e+09 7.549592082627422810e+08
4.351621142733504422e-01 1.145424172698549509e+09 7.432421388108234406e+08
4.368246241250944295e-01 1.137010115733995438e+09 7.310021183603897095e+08
4.384871339791597822e-01 1.127086634173631907e+09 7.182469323320848942e+08
4.401496438355204099e-01 1.115671217440777302e+09 7.049849720613427162e+08
4.418121536941504446e-01 1.102783484148948193e+09 6.912252202010350227e+08
4.434746635550242400e-01 1.088445130920699835e+09 6.769772358996890783e+08
4.451371734181167605e-01 1.072679879625592351e+09 6.622511397271862030e+08
4.467996832834031928e-01 1.055513423087055326e+09 6.470575983392075300e+08
4.484621931508591675e-01 1.036973369309591293e+09 6.314078088581017256e+08
4.501247030204606481e-01 1.017089184291237950e+09 6.153134829667893648e+08
4.517872128921838204e-01 9.958921334663584232e+08 5.987868306980440617e+08
4.534497227660054253e-01 9.734152218454917669e+08 5.818405439215190411e+08
4.551122326419027031e-01 9.496931329053485394e+08 5.644877795129021406e+08
4.567747425198525613e-01 9.247621662915637493e+08 5.467421422159628868e+08
4.584372523998329063e-01 8.986601743911499977e+08 5.286176671823869348e+08
4.600997622818217003e-01 8.714264978383837938e+08 5.101288022069963217e+08
4.617622721657972384e-01 8.431019000143069029e+08 4.912903896454657912e+08
4.634247820517383154e-01 8.137285006020456553e+08 4.721176480383137465e+08
4.650872919396236149e-01 7.833497082618265152e+08 4.526261534287062287e+08
4.667498018294323758e-01 7.520101524871504307e+08 4.328318204074308276e+08
4.684123117211442255e-01 7.197556147076001167e+08 4.127508828694298267e+08
4.700748216147389580e-01 6.866329587039567232e+08 3.923998745284999013e+08
4.717373315101965336e-01 6.526900603944056034e+08 3.717956091697072983e+08
4.733998414074974126e-01 6.179757370673942566e+08 3.509551607038876414e+08
4.750623513066224435e-01 5.825396761114379168e+08 3.298958429981883168e+08
4.767248612075521974e-01 5.464323633278095722e+08 3.086351895741043687e+08
4.783873711102680226e-01 5.097050108661690354e+08 2.871909331447386146e+08
4.800498810147514894e-01 4.724094848786190152e+08 2.655809851342538893e+08
4.817123909209840571e-01 4.345982329243283868e+08 2.438234151643372774e+08
4.833749008289477955e-01 3.963242112328022718e+08 2.219364307812495232e+08
4.850374107386249412e-01 3.576408118346542120e+08 1.999383575116197169e+08
4.866999206499977859e-01 3.186017897023445368e+08 1.778476199502035677e+08
4.883624305630492324e-01 2.792611898654994965e+08 1.556827246269284189e+08
4.900249404777619611e-01 2.396732747017895281e+08 1.334622474621436000e+08
4.916874503941192631e-01 1.998924512733336389e+08 1.112048315984622091e+08
4.933499603121045407e-01 1.599731990744686723e+08 8.892921573917575181e+07
4.950124702317013070e-01 1.199699977429344952e+08 6.665436237746245414e+07
4.966749801528934083e-01 7.993725574507686496e+07 4.440003761110466719e+07
4.983374900756649684e-01 3.992923722921698540e+07 2.219089229397230223e+07
