# r [arcsec]	I [Jy/sr]	I_uncer [Jy/sr]
1.272617859314095550e-03 5.439162601092011261e+10 1.810714419797105789e+09
2.921189009106442414e-03 5.434417199240306091e+10 1.807497203997515917e+09
4.579495862547155495e-03 5.425887890962336731e+10 1.801796893874389410e+09
6.240002426697914550e-03 5.413586529172191620e+10 1.793605417484997272e+09
7.901343393063876494e-03 5.397532702494399261e+10 1.782945191501045465e+09
9.563088128690054243e-03 5.377752203460221863e+10 1.769850811983339548e+09
1.122505851373705593e-02 5.354276831466233063e+10 1.754366203895850182e+09
1.288716767388508287e-02 5.327144296409665680e+10 1.736543860853051901e+09
1.454936822595933807e-02 5.296398128516135406e+10 1.716444493626196623e+09
1.621163214106096165e-02 5.262087580065776825e+10 1.694136783736752033e+09
1.787394178310437384e-02 5.224267516064078522e+10 1.669697167029247522e+09
1.953628550253095827e-02 5.182998293246736145e+10 1.643209624833524704e+09
2.119865529577967186e-02 5.138345627445454407e+10 1.614765476258326769e+09
2.286104548286438387e-02 5.090380449558814240e+10 1.584463171145905495e+09
2.452345192144544592e-02 5.039178750468998718e+10 1.552408085925622940e+09
2.618587151961204035e-02 4.984821415300302124e+10 1.518712326049431324e+09
2.784830192283991451e-02 4.927394047453411102e+10 1.483494539621349812e+09
2.951074130657948408e-02 4.866986782881464386e+10 1.446879747511397600e+09
3.117318823511218417e-02 4.803694095099829865e+10 1.408999195794770718e+09
3.283564156322602012e-02 4.737614591447714996e+10 1.369990236794205904e+09
3.449810036628684490e-02 4.668850801139604187e+10 1.329996245301429987e+09
3.616056388957845924e-02 4.597508955666778564e+10 1.289166576636710882e+09
3.782303151098994481e-02 4.523698762125774384e+10 1.247656572939614773e+09
3.948550271312052662e-02 4.447533170067523956e+10 1.205627623264025450e+09
4.114797706214112089e-02 4.369128132475935364e+10 1.163247281373755455e+09
4.281045419157746001e-02 4.288602361495519257e+10 1.120689442145652533e+09
4.447293378972808769e-02 4.206077079540385437e+10 1.078134572572896957e+09
4.613541558980088775e-02 4.121675766423226166e+10 1.035769985636551619e+09
4.779789936210682849e-02 4.035523903151860046e+10 9.937901336536808014e+08
4.946038490782722619e-02 3.947748713043365479e+10 9.523968806660428047e+08
5.112287205399637657e-02 3.858478900810934448e+10 9.117996893581563234e+08
5.278536064943199074e-02 3.767844390276817322e+10 8.722156252434749603e+08
5.444785056141081270e-02 3.675976061366548920e+10 8.338690383734009266e+08
5.611034167293492414e-02 3.583005487033372498e+10 7.969907311548198462e+08
5.777283388046990098e-02 3.489064670760387421e+10 7.618163639224414825e+08
5.943532709206246489e-02 3.394285785277919006e+10 7.285837974618310928e+08
6.109782122576532665e-02 3.298800913127381516e+10 6.975290421878533363e+08
6.276031620831216962e-02 3.202741789691974640e+10 6.688805061772501469e+08
6.442281197399798987e-02 3.106239549301819229e+10 6.428513465132365227e+08
6.608530846372812073e-02 3.009424475008388519e+10 6.196299673203294277e+08
6.774780562420743002e-02 2.912425752607786179e+10 5.993690888825582266e+08
6.941030340724584080e-02 2.815371229474670410e+10 5.821742999847042561e+08
7.107280176916151715e-02 2.718387178752079010e+10 5.680934895714715719e+08
7.273530067026563739e-02 2.621598069420395660e+10 5.571088544068208933e+08
7.439780007441634813e-02 2.525126342750761032e+10 5.491331071020603180e+08
7.606029994863128252e-02 2.429092195622807312e+10 5.440109675890350342e+08
7.772280026274960840e-02 2.333613371166085815e+10 5.415260987576738596e+08
7.938530098913672284e-02 2.238804957157906723e+10 5.414126160250886679e+08
8.104780210242505667e-02 2.144779192586735916e+10 5.433695014585348368e+08
8.271030357928650656e-02 2.051645282762590408e+10 5.470759257974872589e+08
8.437280539823126257e-02 1.959509223329520798e+10 5.522056596276791096e+08
8.603530753943039455e-02 1.868473633507909393e+10 5.584392834196438789e+08
8.769780998455847798e-02 1.778637598864213562e+10 5.654735523806015253e+08
8.936031271665356712e-02 1.690096523879334068e+10 5.730278397953230143e+08
9.102281571999285004e-02 1.602941994555514336e+10 5.808479697209593058e+08
9.268531897998151525e-02 1.517261651272529793e+10 5.887079444964377880e+08
9.434782248305331742e-02 1.433139072075007248e+10 5.964101160754460096e+08
9.601032621658157906e-02 1.350653666541362190e+10 6.037843003621940613e+08
9.767283016879922675e-02 1.269880580355628014e+10 6.106862408750575781e+08
9.933533432872686253e-02 1.190890610673689270e+10 6.169957264898159504e+08
1.009978386861079547e-01 1.113750132344647789e+10 6.226145765397901535e+08
1.026603432313502873e-01 1.038521035019879341e+10 6.274646327617756128e+08
1.043228479554730720e-01 9.652606711516147614e+09 6.314858423881840706e+08
1.059853528500589448e-01 8.940218148555513382e+09 6.346344777689169645e+08
1.076478579072105424e-01 8.248526315823341370e+09 6.368815118606992960e+08
1.093103631195108394e-01 7.577966585161470413e+09 6.382111523804457188e+08
1.109728684799872744e-01 6.928927955906446457e+09 6.386195275498031378e+08
1.126353739820789568e-01 6.301753069868759155e+09 6.381135109661170244e+08
1.142978796196066349e-01 5.696738329516324997e+09 6.367096706118203402e+08
1.159603853867454265e-01 5.114134117505591393e+09 6.344333262468041182e+08
1.176228912779997832e-01 4.554145115458140373e+09 6.313176996453173161e+08
1.192853972881804531e-01 4.016930719663434982e+09 6.274031428515049219e+08
1.209479034123834701e-01 3.502605551157479286e+09 6.227364305148338079e+08
1.226104096459709192e-01 3.011240057434442997e+09 6.173701032407859564e+08
1.242729159845529646e-01 2.542861202836956978e+09 6.113618496476060152e+08
1.259354224239715991e-01 2.097453244504804134e+09 6.047739154109498262e+08
1.275979289602855449e-01 1.674958590570407391e+09 5.976725280036826134e+08
1.292604355897561952e-01 1.275278737148314714e+09 5.901273261293840408e+08
1.309229423088349165e-01 8.982752805028885603e+08 5.822107830684812069e+08
1.325854491141509606e-01 5.437710006571736336e+08 5.739976134032812119e+08
1.342479560025006402e-01 2.115510125745835006e+08 5.655641529808362722e+08
1.359104629708369483e-01 -9.863601905568373203e+07 5.569877026762905121e+08
1.375729700162601765e-01 -3.870766054984081388e+08 5.483458277061874866e+08
1.392354771360091448e-01 -6.540911042642508745e+08 5.397156061209461689e+08
1.408979843274529020e-01 -9.000323382322629690e+08 5.311728228630439043e+08
1.425604915880832879e-01 -1.125284167873884678e+09 5.227911095838082433e+08
1.442229989155077718e-01 -1.330260020892985106e+09 5.146410353409081697e+08
1.458855063074428748e-01 -1.515401383625840902e+09 5.067891593104802370e+08
1.475480137617080634e-01 -1.681176258559179544e+09 4.992970635078743696e+08
1.492105212762198374e-01 -1.828077592330964565e+09 4.922203907610200644e+08
1.508730288489867621e-01 -1.956621678568686724e+09 4.856079201255444884e+08
1.525355364781040279e-01 -2.067346539897630692e+09 4.795007176629672647e+08
1.541980441617490649e-01 -2.160810293424981594e+09 4.739314040183467865e+08
1.558605518981770188e-01 -2.237589503954331398e+09 4.689235805696377754e+08
1.575230596857167542e-01 -2.298277529137607098e+09 4.644914523794796467e+08
1.591855675227668576e-01 -2.343482860703749180e+09 4.606396785166881084e+08
1.608480754077921959e-01 -2.373827465828611374e+09 4.573634688883924484e+08
1.625105833393203636e-01 -2.389945132625841618e+09 4.546489325283601880e+08
1.641730913159387406e-01 -2.392479823647699833e+09 4.524736668417513371e+08
1.658355993362912173e-01 -2.382084041179674149e+09 4.508075624041667581e+08
1.674981073990755853e-01 -2.359417208005730629e+09 4.496137853068575859e+08
1.691606155030408176e-01 -2.325144067200028896e+09 4.488498901102818251e+08
1.708231236469845982e-01 -2.279933104382775784e+09 4.484690119990113378e+08
1.724856318297508795e-01 -2.224454995739323616e+09 4.484210868112081885e+08
1.741481400502279120e-01 -2.159381084973887920e+09 4.486540517046896815e+08
1.758106483073458848e-01 -2.085381892218324184e+09 4.491149863261164427e+08
1.774731566000750660e-01 -2.003125657780897379e+09 4.497511632633450031e+08
1.791356649274240265e-01 -1.913276923457225561e+09 4.505109860865426660e+08
1.807981732884377246e-01 -1.816495153983193636e+09 4.513448024154244661e+08
1.824606816821959798e-01 -1.713433401043034554e+09 4.522055874651301503e+08
1.841231901078118072e-01 -1.604737012093388557e+09 4.530495000040755868e+08
1.857856985644300296e-01 -1.491042386096083879e+09 4.538363174615903497e+08
1.874482070512257237e-01 -1.372975778094075680e+09 4.545297601196717620e+08
1.891107155674030538e-01 -1.251152154398115396e+09 4.550977161096625924e+08
1.907732241121938566e-01 -1.126174099987371683e+09 4.555123795841022134e+08
1.924357326848565586e-01 -9.986307795618520975e+08 4.557503142280148268e+08
1.940982412846749550e-01 -8.690969535214548111e+08 4.557924534787646532e+08
1.957607499109572380e-01 -7.381320499808031321e+08 4.556240476633663774e+08
1.974232585630348313e-01 -6.062792937675848007e+08 4.552345669150207639e+08
1.990857672402615297e-01 -4.740648931903458238e+08 4.546175673318474889e+08
2.007482759420124996e-01 -3.419972852048482299e+08 4.537705264781147242e+08
2.024107846676835298e-01 -2.105664394473801255e+08 4.526946530691349506e+08
2.040732934166899215e-01 -8.024322145514030755e+07 4.513946745545497537e+08
2.057358021884660160e-01 4.852118476344223320e+07 4.498786053478213549e+08
2.073983109824642512e-01 1.752957947851675749e+08 4.481574976438239813e+08
2.090608197981545235e-01 2.996702825862976909e+08 4.462451761325523257e+08
2.107233286350234380e-01 4.212553803729252219e+08 4.441579574472804070e+08
2.123858374925735870e-01 5.396832198343262672e+08 4.419143548861355782e+08
2.140483463703231337e-01 6.546076153471400738e+08 4.395347688127743602e+08
2.157108552678049240e-01 7.657042897922159433e+08 4.370411631765460372e+08
2.173733641845664311e-01 8.726710437634925842e+08 4.344567287946124673e+08
2.190358731201685061e-01 9.752278690686392784e+08 4.318055344043032527e+08
2.206983820741854618e-01 1.073117007530544877e+09 4.291121670177858472e+08
2.223608910462041566e-01 1.166102956207784176e+09 4.264013637767381668e+08
2.240234000358239386e-01 1.253972420252133608e+09 4.236976382911702991e+08
2.256859090426557024e-01 1.336534214717301369e+09 4.210249053152114153e+08
2.273484180663219723e-01 1.413619116724993229e+09 4.184061085180804729e+08
2.290109271064561247e-01 1.485079669477385759e+09 4.158628569873832464e+08
2.306734361627020280e-01 1.550789939684816122e+09 4.134150768837601542e+08
2.323359452347137921e-01 1.610645230053480387e+09 4.110806852701917887e+08
2.339984543221555469e-01 1.664561748540010691e+09 4.088752934895278811e+08
2.356609634247005536e-01 1.712476236149740219e+09 4.068119474875374436e+08
2.373234725420314828e-01 1.754345555103792667e+09 4.049009121240615845e+08
2.389859816738397480e-01 1.790146239259085178e+09 4.031495057545017004e+08
2.406484908198254224e-01 1.819874008699913263e+09 4.015619902044287920e+08
2.423109999796965175e-01 1.843543250472796202e+09 4.001395197462078333e+08
2.439735091531692601e-01 1.861186467456240177e+09 3.988801508963799477e+08
2.456360183399674824e-01 1.872853697394843102e+09 3.977789128959772587e+08
2.472985275398224547e-01 1.878611904146915674e+09 3.968279367445173860e+08
2.489610367524725254e-01 1.878544343211179733e+09 3.960166387615299225e+08
2.506235459776631203e-01 1.872749903612298489e+09 3.953319529810433388e+08
2.522860552151463542e-01 1.861342428231123447e+09 3.947586053400861621e+08
2.539485644646808371e-01 1.844450014668164730e+09 3.942794216809688807e+08
2.556110737260313126e-01 1.822214298724392891e+09 3.938756610757988691e+08
2.572735829989687417e-01 1.794789722578467131e+09 3.935273659007046223e+08
2.589360922832700251e-01 1.762342789724954128e+09 3.932137203936781287e+08
2.605986015787175591e-01 1.725051308720654011e+09 3.929134100610627532e+08
2.622611108850994577e-01 1.683103627769683838e+09 3.926049751713323593e+08
2.639236202022091082e-01 1.636697862144895077e+09 3.922671526033775806e+08
2.655861295298450053e-01 1.586041116421653032e+09 3.918792014155237079e+08
2.672486388678106950e-01 1.531348703460958958e+09 3.914212085956711173e+08
2.689111482159146083e-01 1.472843362045182705e+09 3.908743724802154303e+08
2.705736575739698391e-01 1.410754475027739048e+09 3.902212622465345263e+08
2.722361669417941443e-01 1.345317289814533949e+09 3.894460526571430564e+08
2.738986763192096108e-01 1.276772142948927402e+09 3.885347338532565832e+08
2.755611857060425440e-01 1.205363690520511150e+09 3.874752964505854845e+08
2.772236951021236906e-01 1.131340146066686630e+09 3.862578924918841124e+08
2.788862045072874607e-01 1.054952527579983711e+09 3.848749729634499550e+08
2.805487139213725944e-01 9.764539151781992912e+08 3.833214026059778333e+08
2.822112233442213292e-01 8.960987209303128719e+08 3.815945526514627337e+08
2.838737327756796214e-01 8.141419722763475180e+08 3.796943719223335385e+08
2.855362422155972579e-01 7.308386104080158472e+08 3.776234364391176105e+08
2.871987516638271343e-01 6.464428049175626040e+08 3.753869773254545927e+08
2.888612611202258651e-01 5.612072859537801743e+08 3.729928863774539232e+08
2.905237705846532292e-01 4.753826950534745455e+08 3.704516982002127767e+08
2.921862800569720031e-01 3.892169557539644241e+08 3.677765473227028251e+08
2.938487895370484604e-01 3.029546650150282383e+08 3.649830982041543126e+08
2.955112990247516502e-01 2.168365064141583741e+08 3.620894455718746781e+08
2.971738085199533974e-01 1.310986860043949336e+08 3.591159821149635315e+08
2.988363180225286353e-01 4.597239165445221215e+07 3.560852302505280375e+08
3.004988275323551283e-01 -3.831672338225030154e+07 3.530216345346356034e+08
3.021613370493130279e-01 -1.215490319922530055e+08 3.499513113814100027e+08
3.038238465732852611e-01 -2.035113992178487182e+08 3.469017531510730386e+08
3.054863561041573639e-01 -2.839976222278877497e+08 3.439014844605918527e+08
3.071488656418173702e-01 -3.628088437834315300e+08 3.409796698216354847e+08
3.088113751861554790e-01 -4.397539388023749590e+08 3.381656734823269844e+08
3.104738847370644983e-01 -5.146498737015252113e+08 3.354885746497147083e+08
3.121363942944395120e-01 -5.873220382577887774e+08 3.329766440662279129e+08
3.137989038581776025e-01 -6.576045498027827740e+08 3.306567910868590474e+08
3.154614134281782389e-01 -7.253405296247711182e+08 3.285539937585043907e+08
3.171239230043430002e-01 -7.903823515230182409e+08 3.266907276512631774e+08
3.187864325865753523e-01 -8.525918625170028210e+08 3.250864119807072878e+08
3.204489421747808708e-01 -9.118405757796404362e+08 3.237568934953359365e+08
3.221114517688670742e-01 -9.680098359189953804e+08 3.227139893203298450e+08
3.237739613687434237e-01 -1.020990956796838403e+09 3.219651091570773721e+08
3.254364709743211015e-01 -1.070685332122856975e+09 3.215129748077878952e+08
3.270989805855132326e-01 -1.117004519123811007e+09 3.213554509900593758e+08
3.287614902022346075e-01 -1.159870295635956526e+09 3.214854961096385121e+08
3.304239998244018484e-01 -1.199214691021801710e+09 3.218912355415796638e+08
3.320865094519330207e-01 -1.234979991360408545e+09 3.225561536350203753e+08
3.337490190847480775e-01 -1.267118719408727169e+09 3.234593947297728062e+08
3.354115287227684150e-01 -1.295593589872112989e+09 3.245761585316149592e+08
3.370740383659170392e-01 -1.320377440573069096e+09 3.258781716439555883e+08
3.387365480141183438e-01 -1.341453140135818243e+09 3.273342151154881120e+08
3.403990576672984991e-01 -1.358813472855836153e+09 3.289106875310918093e+08
3.420615673253846745e-01 -1.372461001447799444e+09 3.305721842643775344e+08
3.437240769883058711e-01 -1.382407908408723116e+09 3.322820757013298273e+08
3.453865866559921449e-01 -1.388675816756560564e+09 3.340030701651586890e+08
3.470490963283750507e-01 -1.391295590943555117e+09 3.356977505341614485e+08
3.487116060053874755e-01 -1.390307118757926702e+09 3.373290768223982453e+08
3.503741156869634166e-01 -1.385759075069259167e+09 3.388608500291970968e+08
3.520366253730383144e-01 -1.377708668276374102e+09 3.402581351925954223e+08
3.536991350635486642e-01 -1.366221370357619762e+09 3.414876437153650522e+08
3.553616447584322380e-01 -1.351370631420418262e+09 3.425180766561962962e+08
3.570241544576279180e-01 -1.333237579685747862e+09 3.433204318151393533e+08
3.586866641610758633e-01 -1.311910707832704544e+09 3.438682781606652141e+08
3.603491738687170098e-01 -1.287485546665884733e+09 3.441380015084968805e+08
3.620116835804937372e-01 -1.260064327052491665e+09 3.441090254536498189e+08
3.636741932963493684e-01 -1.229755631105493069e+09 3.437640114355182648e+08
3.653367030162280593e-01 -1.196674033577837944e+09 3.430890415467935205e+08
3.669992127400752979e-01 -1.160939734448472500e+09 3.420737873078825474e+08
3.686617224678372939e-01 -1.122678183670631409e+09 3.407116671593183875e+08
3.703242321994613118e-01 -1.082019699064530611e+09 3.389999948694094419e+08
3.719867419348956150e-01 -1.039099078320470929e+09 3.369401204201478362e+08
3.736492516740893000e-01 -9.940552060872033834e+08 3.345375641884491444e+08
3.753117614169925176e-01 -9.470306570997426510e+08 3.318021443573250771e+08
3.769742711635561405e-01 -8.981712963084166050e+08 3.287480964133033752e+08
3.786367809137318741e-01 -8.476258769416996241e+08 3.253941822601200938e+08
3.802992906674724227e-01 -7.955456374457174540e+08 3.217637848237848282e+08
3.819618004247312126e-01 -7.420838982055048943e+08 3.178849819733531475e+08
3.836243101854625026e-01 -6.873956589631224871e+08 3.137905910568635464e+08
3.852868199496213841e-01 -6.316371978059680462e+08 3.095181723138522506e+08
3.869493297171635593e-01 -5.749656726051349640e+08 3.051099758713613153e+08
3.886118394880457849e-01 -5.175387257406764627e+08 3.006128130603123903e+08
3.902743492622252064e-01 -4.595140929523601532e+08 2.960778286379067898e+08
3.919368590396599683e-01 -4.010492171095321774e+08 2.915601466228066087e+08
3.935993688203087704e-01 -3.423008676955809593e+08 2.871183595685076714e+08
3.952618786041311449e-01 -2.834247667498612404e+08 2.828138302645438313e+08
3.969243883910870685e-01 -2.245752220158086717e+08 2.787097774238555431e+08
3.985868981811374612e-01 -1.659047679838937521e+08 2.748701244226645827e+08
4.002494079742436872e-01 -1.075638155266254246e+08 2.713581040378429294e+08
4.019119177703678880e-01 -4.970031075615150481e+07 2.682346331971580088e+08
4.035744275694727046e-01 7.540596251672488637e+06 2.655564996010932922e+08
4.052369373715214440e-01 6.401687229871068150e+07 2.633744343686424196e+08
4.068994471764781906e-01 1.195899108837700337e+08 2.617311770596501827e+08
4.085619569843071952e-01 1.741248304952699840e+08 2.606596650389730930e+08
4.102244667949735413e-01 2.274907608496655226e+08 2.601814910268451571e+08
4.118869766084432005e-01 2.795611166358448863e+08 2.603057649832179248e+08
4.135494864246819224e-01 3.302138582990621328e+08 2.610284870673237741e+08
4.152119962436567890e-01 3.793317394920830727e+08 2.623324902583661675e+08
4.168745060653349932e-01 4.268025407885541320e+08 2.641879524392333031e+08
4.185370158896842829e-01 4.725192893540070057e+08 2.665534194088198841e+08
4.201995257166728504e-01 5.163804642325255275e+08 2.693772333907229900e+08
4.218620355462696647e-01 5.582901870122550726e+08 2.725992336705679297e+08
4.235245453784438063e-01 5.981583975908151865e+08 2.761525895342931747e+08
4.251870552131651881e-01 6.359010148717080355e+08 2.799656380407828689e+08
4.268495650504041117e-01 6.714400821742590666e+08 2.839636244920194745e+08
4.285120748901312115e-01 7.047038972584908009e+08 2.880702746368130445e+08
4.301745847323175664e-01 7.356271268041163683e+08 2.922091585811561346e+08
4.318370945769347546e-01 7.641509053178607225e+08 2.963048327319492102e+08
4.334996044239549096e-01 7.902229183624831438e+08 3.002837659298712611e+08
4.351621142733504422e-01 8.137974701526879072e+08 3.040750688139457703e+08
4.368246241250944295e-01 8.348355354652127028e+08 3.076110524113486409e+08
4.384871339791597822e-01 8.533047959767807722e+08 3.108276441980901957e+08
4.401496438355204099e-01 8.691796610297181606e+08 3.136646890656760931e+08
4.418121536941504446e-01 8.824412730066791773e+08 3.160661598486215472e+08
4.434746635550242400e-01 8.930774973613386154e+08 3.179802984993567467e+08
4.451371734181167605e-01 9.010828975570451021e+08 3.193597050967680216e+08
4.467996832834031928e-01 9.064586950009849072e+08 3.201613882941555977e+08
4.484621931508591675e-01 9.092127142973358631e+08 3.203467875195640326e+08
4.501247030204606481e-01 9.093593139407662153e+08 3.198817745970335007e+08
4.517872128921838204e-01 9.069193028491797447e+08 3.187366401710783243e+08
4.534497227660054253e-01 9.019198428819812536e+08 3.168860686659417748e+08
4.551122326419027031e-01 8.943943378196895123e+08 3.143091040861588717e+08
4.567747425198525613e-01 8.843823089694143534e+08 3.109891080784893632e+08
4.584372523998329063e-01 8.719292579529393911e+08 3.069137108403832316e+08
4.600997622818217003e-01 8.570865168459948301e+08 3.020747550866627693e+08
4.617622721657972384e-01 8.399110863172329664e+08 2.964682328076097369e+08
4.634247820517383154e-01 8.204654619217352867e+08 2.900942145015695691e+08
4.650872919396236149e-01 7.988174493009277582e+08 2.829567702749493718e+08
4.667498018294323758e-01 7.750399684096857309e+08 2.750638823603376746e+08
4.684123117211442255e-01 7.492108476445637941e+08 2.664273483856367171e+08
4.700748216147389580e-01 7.214126079266393185e+08 2.570626750345620215e+08
4.717373315101965336e-01 6.917322377698324919e+08 2.469889615142018497e+08
4.733998414074974126e-01 6.602609592679970264e+08 2.362287726839701533e+08
4.750623513066224435e-01 6.270939862482328415e+08 2.248080014057400525e+08
4.767248612075521974e-01 5.923302743175042868e+08 2.127557202638808787e+08
4.783873711102680226e-01 5.560722643693032265e+08 2.001040223725828528e+08
4.800498810147514894e-01 5.184256189271901250e+08 1.868878517951750457e+08
4.817123909209840571e-01 4.794989533965864182e+08 1.731448234414014220e+08
4.833749008289477955e-01 4.394035609861977696e+08 1.589150335009001493e+08
4.850374107386249412e-01 3.982531342475578785e+08 1.442408604623199403e+08
4.866999206499977859e-01 3.561634808235892653e+08 1.291667587923641652e+08
4.883624305630492324e-01 3.132522380798045993e+08 1.137390459946683049e+08
4.900249404777619611e-01 2.696385816971279383e+08 9.800568844958452880e+07
4.916874503941192631e-01 2.254429368920373321e+08 8.201609240468055010e+07
4.933499603121045407e-01 1.807866807698386610e+08 6.582092964140924066e+07
4.950124702317013070e-01 1.357918567133530974e+08 4.947208927688141167e+07
4.966749801528934083e-01 9.058086408750054240e+07 3.302325921653420478e+07
4.983374900756649684e-01 4.527623565533512831e+07 1.653530456990036741e+07
