# r [arcsec]	I [Jy/sr]	I_uncer [Jy/sr]
7.635707155884572869e-04 1.914794420252997208e+10 1.906369679028813601e+09
1.752713405463865535e-03 1.913508769350256729e+10 1.904333149160624027e+09
2.747697517528293124e-03 1.911197235136058807e+10 1.901234950321711540e+09
3.744001456018748210e-03 1.907861787304632950e+10 1.896888768465690613e+09
4.740806035838325549e-03 1.903505945625777054e+10 1.891262870339025974e+09
5.737852877214032199e-03 1.898134371752227783e+10 1.884355361348739147e+09
6.735035108242233212e-03 1.891752824619733429e+10 1.876174238132290125e+09
7.732300604331049723e-03 1.884368145122734833e+10 1.866732641949330807e+09
8.729620935575603535e-03 1.875988244435793304e+10 1.856047314138962030e+09
9.726979284636576642e-03 1.866622092064528656e+10 1.844137962585248709e+09
1.072436506986262396e-02 1.856279702775629044e+10 1.831026948040273428e+09
1.172177130151857462e-02 1.844972122183920670e+10 1.816739100470412254e+09
1.271919317746780104e-02 1.832711410940689850e+10 1.801301593720048189e+09
1.371662728971862963e-02 1.819510627520178986e+10 1.784743848015385389e+09
1.471407115286726616e-02 1.805383809622316742e+10 1.767097446233179808e+09
1.571152291176722282e-02 1.790345954218820953e+10 1.748396057078341961e+09
1.670898115370394663e-02 1.774412996274385071e+10 1.728675361735698700e+09
1.770644478394769322e-02 1.757601786180228806e+10 1.707972982290509939e+09
1.870391294106731050e-02 1.739930065937974548e+10 1.686328411120973349e+09
1.970138493793561346e-02 1.721416444135663605e+10 1.663782940969655275e+09
2.069886021977210624e-02 1.702080369759618568e+10 1.640379595686709166e+09
2.169633833374707416e-02 1.681942104887724876e+10 1.616163061803077936e+09
2.269381890659396411e-02 1.661022696311572075e+10 1.591179621189895153e+09
2.369130162787231458e-02 1.639343946136968994e+10 1.565477085117002249e+09
2.468878623728467184e-02 1.616928381413792992e+10 1.539104730049474716e+09
2.568627251494647393e-02 1.593799222847487068e+10 1.512113235530387640e+09
2.668376027383684984e-02 1.569980352646689606e+10 1.484554624489354372e+09
2.768124935388052710e-02 1.545496281561480713e+10 1.456482206290441513e+09
2.867873961726409571e-02 1.520372115169585991e+10 1.427950522794826269e+09
2.967623094469632947e-02 1.494633519467249489e+10 1.399015297652155399e+09
3.067372323239781970e-02 1.468306685824056435e+10 1.369733388955325127e+09
3.167121638965919583e-02 1.441418295360234070e+10 1.340162745284455776e+09
3.266871033684648484e-02 1.413995482807402611e+10 1.310362365027597189e+09
3.366620500376094755e-02 1.386065799912282944e+10 1.280392258685157537e+09
3.466370032828192810e-02 1.357657178445707321e+10 1.250313413639374971e+09
3.566119625523747616e-02 1.328797892877344704e+10 1.220187760584140301e+09
3.665869273545918627e-02 1.299516522778345680e+10 1.190078140457947493e+09
3.765618972498729899e-02 1.269841915013563538e+10 1.160048270288234711e+09
3.865368718439879392e-02 1.239803145785057831e+10 1.130162705826620579e+09
3.965118507823686689e-02 1.209429482588425636e+10 1.100486798223098516e+09
4.064868337452445801e-02 1.178750346143321228e+10 1.071086641240022540e+09
4.164618204434750171e-02 1.147795272359130287e+10 1.042029004639931202e+09
4.264368106149690751e-02 1.116593874396145630e+10 1.013381248400549531e+09
4.364118040215938382e-02 1.085175804881934166e+10 9.852112113304946423e+08
4.463868004464980471e-02 1.053570718342324066e+10 9.575870665151019096e+08
4.563617996917876396e-02 1.021808233904686737e+10 9.305771348803677559e+08
4.663368015764976504e-02 9.899178983312957764e+09 9.042496471168384552e+08
4.763118059348202954e-02 9.579291494385251999e+09 8.786724434001495838e+08
4.862868126145503123e-02 9.258712799571781158e+09 8.539125999725117683e+08
4.962618214757189700e-02 8.937734018877296448e+09 8.300359719541033506e+08
5.062368323893875338e-02 8.616644114025686264e+09 8.071066430280964375e+08
5.162118452365822840e-02 8.295729543468362808e+09 7.851862752063200474e+08
5.261868599073508262e-02 7.975273923865212440e+09 7.643333560362247229e+08
5.361618762999213750e-02 7.655557698522961617e+09 7.446023465876406431e+08
5.461368943199571002e-02 7.336857813250272751e+09 7.260427414222724438e+08
5.561119138798890221e-02 7.019447400069939613e+09 7.086980613171405792e+08
5.660869348983198907e-02 6.703595469219926834e+09 6.926048102348195314e+08
5.760619572994894744e-02 6.389566609843642235e+09 6.777914389531958103e+08
5.860369810127952911e-02 6.077620699760210037e+09 6.642773675227936506e+08
5.960120059723610780e-02 5.768012624679904938e+09 6.520721256596384048e+08
6.059870321166476587e-02 5.460992007211135864e+09 6.411746726199707985e+08
6.159620593881016265e-02 5.156802945983345985e+09 6.315729546458948851e+08
6.259370877328383764e-02 4.855683765192455292e+09 6.232437480235432386e+08
6.359121171003537243e-02 4.557866774846296310e+09 6.161528194540400505e+08
6.458871474432631432e-02 4.263578041973927498e+09 6.102554142407728434e+08
6.558621787170648698e-02 3.973037173034523487e+09 6.054970591749360561e+08
6.658372108799234801e-02 3.686457107741452694e+09 6.018146439703791142e+08
6.758122438924737962e-02 3.404043924494110107e+09 5.991377256797215939e+08
6.857872777176397816e-02 3.125996657587479591e+09 5.973899871149817705e+08
6.957623123204725868e-02 2.852507126347554207e+09 5.964907742391065359e+08
7.057373476679987268e-02 2.583759776315324306e+09 5.963566388725742102e+08
7.157123837290825519e-02 2.319931532582808495e+09 5.969028208350734711e+08
7.256874204743007928e-02 2.061191665361484289e+09 5.980446159911198616e+08
7.356624578758252930e-02 1.807701667837289810e+09 5.996985914541913271e+08
7.456374959073178155e-02 1.559615146351396799e+09 6.017836243809362650e+08
7.556125345438295671e-02 1.317077722915965319e+09 6.042217547313231230e+08
7.655875737617132137e-02 1.080226950060712576e+09 6.069388540018557310e+08
7.755626135385371156e-02 8.491922379772003889e+08 6.098651207514418364e+08
7.855376538530094155e-02 6.240947939132913351e+08 6.129354196826959848e+08
7.955126946849057357e-02 4.050475737463149428e+08 6.160894844016280174e+08
8.054877360150038135e-02 1.921552456434729993e+08 6.192720052184932232e+08
8.154627778250216064e-02 -1.448583429799742438e+07 6.224326230058230162e+08
8.254378200975610869e-02 -2.147876345628869236e+08 6.255258486966371536e+08
8.354128628160548131e-02 -4.086704490257122517e+08 6.285109259300736189e+08
8.453879059647173566e-02 -5.960628862230036259e+08 6.313516519731456041e+08
8.553629495284996442e-02 -7.769018472676993608e+08 6.340161696153435707e+08
8.653379934930466311e-02 -9.511324926075593233e+08 6.364767404184274673e+08
8.753130378446571935e-02 -1.118708197840351105e+09 6.387095076027286053e+08
8.852880825702483247e-02 -1.279590498813823462e+09 6.406942550148805380e+08
8.952631276573190522e-02 -1.433749026256695747e+09 6.424141670638011694e+08
9.052381730939206006e-02 -1.581161430194874287e+09 6.438555932198895216e+08
9.152132188686240566e-02 -1.721813294425426245e+09 6.450078196278189421e+08
9.251882649704942785e-02 -1.855698041328875542e+09 6.458628495525633097e+08
9.351633113890620019e-02 -1.982816827314026356e+09 6.464151937310017347e+08
9.451383581143003865e-02 -2.103178429198749542e+09 6.466616712081471682e+08
9.551134051366011457e-02 -2.216799121841547966e+09 6.466012208679096699e+08
9.650884524467530368e-02 -2.323702547345704079e+09 6.462347235984913111e+08
9.750635000359221538e-02 -2.423919576167325497e+09 6.455648348428856134e+08
9.850385478956324992e-02 -2.517488160465365887e+09 6.445958271555806398e+08
9.950135960177472483e-02 -2.604453180039245129e+09 6.433334423034700155e+08
1.004988644394453484e-01 -2.684866281203991413e+09 6.417847524033708572e+08
1.014963693018244850e-01 -2.758785708958809376e+09 6.399580295648946762e+08
1.024938741881907395e-01 -2.826276132808774471e+09 6.378626235065659285e+08
1.034913790978505138e-01 -2.887408466604564667e+09 6.355088466221768856e+08
1.044888840301367444e-01 -2.942259682763712406e+09 6.329078659933283329e+08
1.054863889844075281e-01 -2.990912621243767738e+09 6.300716018687865734e+08
1.064838939600450257e-01 -3.033455793635382175e+09 6.270126321582040787e+08
1.074813989564544214e-01 -3.069983182746746540e+09 6.237441025168056488e+08
1.084789039730626181e-01 -3.100594038046353817e+09 6.202796416255357265e+08
1.094764090093175851e-01 -3.125392667336129189e+09 6.166332813000664711e+08
1.104739140646870815e-01 -3.144488225020239830e+09 6.128193810875502825e+08
1.114714191386579900e-01 -3.157994497335890293e+09 6.088525570354851484e+08
1.124689242307354287e-01 -3.166029684907782555e+09 6.047476143395880461e+08
1.134664293404418212e-01 -3.168716182987341881e+09 6.005194835993691683e+08
1.144639344673163139e-01 -3.166180359729436398e+09 5.961831604286588430e+08
1.154614396109139296e-01 -3.158552332860805035e+09 5.917536481873830557e+08
1.164589447708049563e-01 -3.145965745083321571e+09 5.872459036164158583e+08
1.174564499465743372e-01 -3.128557538555516720e+09 5.826747851737211943e+08
1.184539551378208933e-01 -3.106467728785010338e+09 5.780550038843191862e+08
1.194514603441569067e-01 -3.079839178262866020e+09 5.734010765311607122e+08
1.204489655652074831e-01 -3.048817370158870220e+09 5.687272810279111862e+08
1.214464708006100929e-01 -3.013550182396962643e+09 5.640476138296675682e+08
1.224439760500139196e-01 -2.974187662412797451e+09 5.593757492511700392e+08
1.234414813130795957e-01 -2.930881802899769306e+09 5.547250005791331530e+08
1.244389865894785369e-01 -2.883786318829146862e+09 5.501082828798539639e+08
1.254364918788927197e-01 -2.833056426032190800e+09 5.455380774221630096e+08
1.264339971810140573e-01 -2.778848621618218899e+09 5.410263976532590389e+08
1.274315024955441356e-01 -2.721320466493493557e+09 5.365847566847736835e+08
1.284290078221938525e-01 -2.660630370240342140e+09 5.322241362670854330e+08
1.294265131606829600e-01 -2.596937378604207993e+09 5.279549572514618039e+08
1.304240185107398697e-01 -2.530400963826493740e+09 5.237870515606019497e+08
1.314215238721010981e-01 -2.461180818055541039e+09 5.197296357120898366e+08
1.324190292445112660e-01 -2.389436650053153992e+09 5.157912859587066174e+08
1.334165346277224884e-01 -2.315327985409909725e+09 5.119799151327126026e+08
1.344140400214943465e-01 -2.239013970468847275e+09 5.083027512985646725e+08
1.354115454255934159e-01 -2.160653180149872780e+09 5.047663183369829059e+08
1.364090508397931834e-01 -2.080403429857259512e+09 5.013764185968378186e+08
1.374065562638736582e-01 -1.998421591641038895e+09 4.981381177616109252e+08
1.384040616976211779e-01 -1.914863414777482986e+09 4.950557320841345787e+08
1.394015671408282697e-01 -1.829883350919463873e+09 4.921328181442046165e+08
1.403990725932932893e-01 -1.743634383962152004e+09 4.893721652802119851e+08
1.413965780548203099e-01 -1.656267864757520437e+09 4.867757908370903134e+08
1.423940835252188730e-01 -1.567933350802529335e+09 4.843449383581053615e+08
1.433915890043038488e-01 -1.478778451016996384e+09 4.820800788291622996e+08
1.443890944918952424e-01 -1.388948675717984676e+09 4.799809150587665439e+08
1.453865999878178883e-01 -1.298587291886138439e+09 4.780463892500891089e+08
1.463841054919015339e-01 -1.207835183816230297e+09 4.762746937884009480e+08
1.473816110039804783e-01 -1.116830719226902485e+09 4.746632852340352535e+08
1.483791165238934340e-01 -1.025709620905343175e+09 4.732089014760916829e+08
1.493766220514834986e-01 -9.346048439458540678e+08 4.719075819667036533e+08
1.503741275865978499e-01 -8.436464586387305260e+08 4.707546909220845103e+08
1.513716331290878014e-01 -7.529615390543236732e+08 4.697449433453704715e+08
1.523691386788084967e-01 -6.626740573613833189e+08 4.688724336973903775e+08
1.533666442356187709e-01 -5.729047839087250233e+08 4.681306670187578201e+08
1.543641497993812339e-01 -4.837711930935506821e+08 4.675125922859776616e+08
1.553616553699620206e-01 -3.953873750312654972e+08 4.670106377717296481e+08
1.563591609472305133e-01 -3.078639530345038176e+08 4.666167481700311899e+08
1.573566665310596746e-01 -2.213080069020932615e+08 4.663224232443851233e+08
1.583541721213254649e-01 -1.358230020107211173e+08 4.661187577587079406e+08
1.593516777179069810e-01 -5.150872419836813956e+07 4.659964824582422376e+08
1.603491833206864003e-01 3.153877958346896619e+07 4.659460058775792122e+08
1.613466889295487594e-01 1.132272548711539656e+08 4.659574567687658668e+08
1.623441945443818979e-01 1.934682875796699822e+08 4.660207269581589103e+08
1.633417001650764866e-01 2.721773462186548710e+08 4.661255144618107080e+08
1.643392057915257498e-01 3.492738184787043929e+08 4.662613667074075341e+08
1.653367114236255209e-01 4.246810422386321425e+08 4.664177237344604135e+08
1.663342170612742144e-01 4.983263310475064516e+08 4.665839612628486753e+08
1.673317227043724653e-01 5.701409941433438063e+08 4.667494335425103307e+08
1.683292283528235456e-01 6.400603510740308762e+08 4.669035159144299626e+08
1.693267340065327808e-01 7.080237409900614023e+08 4.670356470323154926e+08
1.703242396654077728e-01 7.739745266873735189e+08 4.671353707098416686e+08
1.713217453293583437e-01 8.378600934764449596e+08 4.671923773722333312e+08
1.723192509982962584e-01 8.996318429664825201e+08 4.671965451042289734e+08
1.733167566721355024e-01 9.592451818502202034e+08 4.671379802959468961e+08
1.743142623507919209e-01 1.016659505783692837e+09 4.670070578963399529e+08
1.753117680341831908e-01 1.071838178458589911e+09 4.667944612920005918e+08
1.763092737222290707e-01 1.124748505965534210e+09 4.664912218306117058e+08
1.773067794148509846e-01 1.175361706554975510e+09 4.660887580155208707e+08
1.783042851119720495e-01 1.223652875901958704e+09 4.655789143951755166e+08
1.793017908135171867e-01 1.269600947986134291e+09 4.649540001745660305e+08
1.802992965194130659e-01 1.313188651700069904e+09 4.642068275713748932e+08
1.812968022295878001e-01 1.354402463305408001e+09 4.633307499402861595e+08
1.822943079439711400e-01 1.393232554853327274e+09 4.623196996802060008e+08
1.832918136624944183e-01 1.429672738694368839e+09 4.611682259382464886e+08
1.842893193850904110e-01 1.463720408200692415e+09 4.598715321126511097e+08
1.852868251116932818e-01 1.495376474829822063e+09 4.584255131516481638e+08
1.862843308422386934e-01 1.524645301657225609e+09 4.568267926303151250e+08
1.872818365766636961e-01 1.551534633510458708e+09 4.550727595769619346e+08
1.882793423149065615e-01 1.576055523838075876e+09 4.531616050013728142e+08
1.892768480569069489e-01 1.598222258447496891e+09 4.510923580585613251e+08
1.902743538026057946e-01 1.618052276248955488e+09 4.488649217553231120e+08
1.912718595519452003e-01 1.635566087143120527e+09 4.464801080789179802e+08
1.922693653048685170e-01 1.650787187192462444e+09 4.439396723889374137e+08
1.932668710613202334e-01 1.663741971214173317e+09 4.412463468715839982e+08
1.942643768212460598e-01 1.674459642940161943e+09 4.384038728030793667e+08
1.952618825845926498e-01 1.682972122880697012e+09 4.354170313065620661e+08
1.962593883513079340e-01 1.689313954040007830e+09 4.322916722146388888e+08
1.972568941213407590e-01 1.693522205622759819e+09 4.290347405634967089e+08
1.982543998946410813e-01 1.695636374877475262e+09 4.256543001442310810e+08
1.992519056711598013e-01 1.695698287219822645e+09 4.221595534238225222e+08
2.002494114508488188e-01 1.693751994781039476e+09 4.185608570161131620e+08
2.012469172336610601e-01 1.689843673522686481e+09 4.148697317380561829e+08
2.022444230195502013e-01 1.684021519065711975e+09 4.110988661264966130e+08
2.032419288084710007e-01 1.676335641373907804e+09 4.072621121162697077e+08
2.042394346003791050e-01 1.666837958436519146e+09 4.033744714015119672e+08
2.052369403952307714e-01 1.655582089091892242e+09 3.994520708185774088e+08
2.062344461929835060e-01 1.642623245136874199e+09 3.955121249166114330e+08
2.072319519935952870e-01 1.628018122856571674e+09 3.915728837270920873e+08
2.082294577970250082e-01 1.611824794124765635e+09 3.876535636337794065e+08
2.092269636032324520e-01 1.594102597202731609e+09 3.837742591852508187e+08
2.102244694121780666e-01 1.574912027385604620e+09 3.799558337297190428e+08
2.112219752238229664e-01 1.554314627623980284e+09 3.762197868909000158e+08
2.122194810381292096e-01 1.532372879262989998e+09 3.725880971997916102e+08
2.132169868550592984e-01 1.509150093028270721e+09 3.690830386551640034e+08
2.142144926745767619e-01 1.484710300394811392e+09 3.657269706554545164e+08
2.152119984966454902e-01 1.459118145465494871e+09 3.625421016161969304e+08
2.162095043212301781e-01 1.432438777493244648e+09 3.595502276903511286e+08
2.172070101482962146e-01 1.404737744168317318e+09 3.567724492904161215e+08
2.182045159778095988e-01 1.376080885800874233e+09 3.542288695621687770e+08
2.192020218097368300e-01 1.346534230517059326e+09 3.519382804649015665e+08
2.201995276440451843e-01 1.316163890594748020e+09 3.499178436091508865e+08
2.211970334807023542e-01 1.285035960050693274e+09 3.481827743154157996e+08
2.221945393196767815e-01 1.253216413602774620e+09 3.467460383941129446e+08
2.231920451609373524e-01 1.220771007113233328e+09 3.456180717086442113e+08
2.241895510044535356e-01 1.187765179631592035e+09 3.448065326135667562e+08
2.251870568501955217e-01 1.154263957138053894e+09 3.443160967111011147e+08
2.261845626981336677e-01 1.120331858100997686e+09 3.441483020984579921e+08
2.271820685482391355e-01 1.086032800943084717e+09 3.443014513559098840e+08
2.281795744004834203e-01 1.051430013524781466e+09 3.447705741645938754e+08
2.291770802548387109e-01 1.016585944733450055e+09 3.455474517309055328e+08
2.301745861112774738e-01 9.815621782806662321e+08 3.466207014558268189e+08
2.311720919697728416e-01 9.464193487901477814e+08 3.479759176459716558e+08
2.321695978302980856e-01 9.112170602727476358e+08 3.495958618437253237e+08
2.331671036928274487e-01 8.760138070634502172e+08 3.514606945971637964e+08
2.341646095573350905e-01 8.408668973115837574e+08 3.535482394262109399e+08
2.351621154237959754e-01 8.058323790914483070e+08 3.558342692533342838e+08
2.361596212921852345e-01 7.709649692181804180e+08 3.582928057671043277e+08
2.371571271624786648e-01 7.363179848287495375e+08 3.608964228196819425e+08
2.381546330346522300e-01 7.019432778061306477e+08 3.636165460682632327e+08
2.391521389086824767e-01 6.678911720989110470e+08 3.664237423366745710e+08
2.401496447845462012e-01 6.342104040072274208e+08 3.692879936470286846e+08
2.411471506622206995e-01 6.009480654797744751e+08 3.721789522419341207e+08
2.421446565416836005e-01 5.681495504856725931e+08 3.750661742937724590e+08
2.431421624229128386e-01 5.358585044964297414e+08 3.779193311066204309e+08
2.441396683058868478e-01 5.041167771372427344e+08 3.807083976463456154e+08
2.451371741905842838e-01 4.729643780309751034e+08 3.834038189331609607e+08
2.461346800769841359e-01 4.424394358900239468e+08 3.859766554645386934e+08
2.471321859650658925e-01 4.125781608682855368e+08 3.883987091445143223e+08
2.481296918548091535e-01 3.834148102218348384e+08 3.906426315005868673e+08
2.491271977461940457e-01 3.549816572820351124e+08 3.926820159876145720e+08
2.501247036392009737e-01 3.273089637817274332e+08 3.944914762653830647e+08
2.511222095338105365e-01 3.004249555283280015e+08 3.960467121770358086e+08
2.521197154300036658e-01 2.743558014591312408e+08 3.973245651297463179e+08
2.531172213277617655e-01 2.491255960600528419e+08 3.983030643296850920e+08
2.541147272270662394e-01 2.247563451791779995e+08 3.989614652633134127e+08
2.551122331278991018e-01 2.012679552037554383e+08 3.992802815348679423e+08
2.561097390302424781e-01 1.786782256266706884e+08 3.992413111225569248e+08
2.571072449340786603e-01 1.570028449595367014e+08 3.988276578326452374e+08
2.581047508393904955e-01 1.362553900132702887e+08 3.980237487207362056e+08
2.591022567461608306e-01 1.164473284906238765e+08 3.968153479762648344e+08
2.600997626543729568e-01 9.758802490766172111e+07 3.951895678037195802e+08
2.610972685640102764e-01 7.968474977465465665e+07 3.931348765724011660e+08
2.620947744750566355e-01 6.274269205085899681e+07 3.906411045932016969e+08
2.630922803874958804e-01 4.676497478893285245e+07 3.876994476240221858e+08
2.640897863013121905e-01 3.175267398131053150e+07 3.843024683429986835e+08
2.650872922164902445e-01 1.770484050886202604e+07 3.804440957659878135e+08
2.660847981330145551e-01 4.618525203913881443e+06 3.761196227733853459e+08
2.670823040508700785e-01 -7.511193089532138780e+06 3.713257016332961321e+08
2.680798099700419379e-01 -1.869117644423680380e+07 3.660603376478000283e+08
2.690773158905154783e-01 -2.893019390379316360e+07 3.603228807445671558e+08
2.700748218122763222e-01 -3.823888464287725836e+07 3.541140151320511699e+08
2.710723277353102589e-01 -4.662971839344339073e+07 3.474357467912573218e+08
2.720698336596032996e-01 -5.411695310826509446e+07 3.402913889384037256e+08
2.730673395851415663e-01 -6.071659004881592095e+07 3.326855451894183159e+08
2.740648455119114590e-01 -6.644632625372522324e+07 3.246240905998530984e+08
2.750623514398997105e-01 -7.132550460752771795e+07 3.161141502698999643e+08
2.760598573690930535e-01 -7.537506144434233010e+07 3.071640757486247420e+08
2.770573632994783875e-01 -7.861747194611498713e+07 2.977834188817073703e+08
2.780548692310430003e-01 -8.107669323827795684e+07 2.879829034222881794e+08
2.790523751637741245e-01 -8.277810549339225888e+07 2.777743939906876087e+08
2.800498810976593811e-01 -8.374845090034027398e+07 2.671708628234406710e+08
2.810473870326865020e-01 -8.401577087616869807e+07 2.561863538163991570e+08
2.820448929688433304e-01 -8.360934131076914072e+07 2.448359444748891592e+08
2.830423989061179313e-01 -8.255960631604301929e+07 2.331357051640167236e+08
2.840399048444984809e-01 -8.089811016551728547e+07 2.211026565301367640e+08
2.850374107839733773e-01 -7.865742803503851593e+07 2.087547243375908136e+08
2.860349167245312962e-01 -7.587109506967841089e+07 1.961106930135298371e+08
2.870324226661608025e-01 -7.257353459741851687e+07 1.831901569738377035e+08
2.880299286088508492e-01 -6.879998475761283934e+07 1.700134718123945892e+08
2.890274345525903898e-01 -6.458642470728921890e+07 1.566017043675372899e+08
2.900249404973686551e-01 -5.996949922854919732e+07 1.429765855479094386e+08
2.910224464431749314e-01 -5.498644350985798240e+07 1.291604657691144943e+08
2.920199523899986160e-01 -4.967500608897046745e+07 1.151762823558198363e+08
2.930174583378294950e-01 -4.407337293577670306e+07 1.010475455295239091e+08
2.940149642866571877e-01 -3.822008888384608924e+07 8.679837758294871449e+07
2.950124702364715357e-01 -3.215398219010875374e+07 7.245366826549871266e+07
2.960099761872627133e-01 -2.591408379229952395e+07 5.803958627716874331e+07
2.970074821390207842e-01 -1.953955569258959591e+07 4.358525623492311686e+07
2.980049880917360339e-01 -1.306960238495225087e+07 2.912976332786509395e+07
2.990024940453989144e-01 -6.543444467708174139e+06 1.476919129915468022e+07
