# r [arcsec]	I [Jy/sr]	I_uncer [Jy/sr]
1.272617859314095550e-03 1.866520271579221497e+11 2.740152129243981361e+09
2.921189009106442414e-03 1.865512708039862976e+11 2.735610284832044601e+09
4.579495862547155495e-03 1.863701147197438660e+11 2.727502583885230064e+09
6.240002426697914550e-03 1.861087109703324280e+11 2.715831916725144863e+09
7.901343393063876494e-03 1.857673320735018616e+11 2.700626231561752796e+09
9.563088128690054243e-03 1.853463390049743958e+11 2.681925685066187859e+09
1.122505851373705593e-02 1.848461776968696899e+11 2.659780639889399052e+09
1.288716767388508287e-02 1.842673778289791870e+11 2.634251106218386173e+09
1.454936822595933807e-02 1.836105519042246399e+11 2.605406460585139275e+09
1.621163214106096165e-02 1.828763943013677368e+11 2.573325230782166958e+09
1.787394178310437384e-02 1.820656802383396912e+11 2.538094895363483906e+09
1.953628550253095827e-02 1.811792646287117920e+11 2.499811683063093185e+09
2.119865529577967186e-02 1.802180808269584351e+11 2.458580368596084118e+09
2.286104548286438387e-02 1.791831392622265320e+11 2.414514065582415581e+09
2.452345192144544592e-02 1.780755259619909058e+11 2.367734019453693867e+09
2.618587151961204035e-02 1.768964009677026978e+11 2.318369404558902264e+09
2.784830192283991451e-02 1.756469966449253845e+11 2.266557130795381546e+09
2.951074130657948408e-02 1.743286158907865601e+11 2.212441666207563877e+09
3.117318823511218417e-02 1.729426302417626343e+11 2.156174883210597515e+09
3.283564156322602012e-02 1.714904778850289612e+11 2.097915937512867212e+09
3.449810036628684490e-02 1.699736615767834167e+11 2.037831190493487835e+09
3.616056388957845924e-02 1.683937464710991821e+11 1.976094187811561584e+09
3.782303151098994481e-02 1.667523578630466614e+11 1.912885709470227957e+09
3.948550271312052662e-02 1.650511788499189758e+11 1.848393909493314028e+09
4.114797706214112089e-02 1.632919479146092834e+11 1.782814566880754709e+09
4.281045419157746001e-02 1.614764564352112732e+11 1.716351473653507948e+09
4.447293378972808769e-02 1.596065461251607971e+11 1.649216990581356049e+09
4.613541558980088775e-02 1.576841064082056274e+11 1.581632806508670092e+09
4.779789936210682849e-02 1.557110717327431946e+11 1.513830942773942947e+09
4.946038490782722619e-02 1.536894188300129395e+11 1.446055049386326551e+09
5.112287205399637657e-02 1.516211639208615417e+11 1.378562043070428848e+09
5.278536064943199074e-02 1.495083598757222290e+11 1.311624136620098114e+09
5.444785056141081270e-02 1.473530933326926880e+11 1.245531299991235018e+09
5.611034167293492414e-02 1.451574817784636536e+11 1.180594169107648134e+09
5.777283388046990098e-02 1.429236705970841980e+11 1.117147366986339092e+09
5.943532709206246489e-02 1.406538300914446411e+11 1.055553105895521283e+09
6.109782122576532665e-02 1.383501524824791260e+11 9.962047737012389898e+08
6.276031620831216962e-02 1.360148488910864105e+11 9.395299404221282005e+08
6.442281197399798987e-02 1.336501463077501373e+11 8.859918207796230316e+08
6.608530846372812073e-02 1.312582845549067688e+11 8.360876851343065500e+08
6.774780562420743002e-02 1.288415132470431976e+11 7.903420813940086365e+08
6.941030340724584080e-02 1.264020887535229034e+11 7.492922129890089035e+08
7.107280176916151715e-02 1.239422711691277466e+11 7.134628352145711184e+08
7.273530067026563739e-02 1.214643212972071075e+11 6.833292274751600027e+08
7.439780007441634813e-02 1.189704976503921204e+11 6.592697743217780590e+08
7.606029994863128252e-02 1.164630534736570282e+11 6.415143512660858631e+08
7.772280026274960840e-02 1.139442337945567932e+11 6.300995005807836056e+08
7.938530098913672284e-02 1.114162725053273773e+11 6.248433125571391582e+08
8.104780210242505667e-02 1.088813894815070496e+11 6.253493772866282463e+08
8.271030357928650656e-02 1.063417877416265717e+11 6.310405747800391912e+08
8.437280539823126257e-02 1.037996506524099426e+11 6.412140246717970371e+08
8.603530753943039455e-02 1.012571391839030914e+11 6.551032690949956179e+08
8.769780998455847798e-02 9.871638921869140625e+10 6.719346971682183743e+08
8.936031271665356712e-02 9.617950891943112183e+10 6.909703523828696012e+08
9.102281571999285004e-02 9.364857615865327454e+10 7.115350547373564243e+08
9.268531897998151525e-02 9.112563601472604370e+10 7.330297908341765404e+08
9.434782248305331742e-02 8.861269833774032593e+10 7.549350407661961317e+08
9.601032621658157906e-02 8.611173538890148926e+10 7.768077543303924799e+08
9.767283016879922675e-02 8.362467955687882996e+10 7.982749335489379168e+08
9.933533432872686253e-02 8.115342115441888428e+10 8.190258499268785715e+08
1.009978386861079547e-01 7.869980629834727478e+10 8.388041303629295826e+08
1.026603432313502873e-01 7.626563487593231201e+10 8.574003732703084946e+08
1.043228479554730720e-01 7.385265860040515137e+10 8.746455881813752651e+08
1.059853528500589448e-01 7.146257915827000427e+10 8.904055362248040438e+08
1.076478579072105424e-01 6.909704645082640076e+10 9.045759342381840944e+08
1.093103631195108394e-01 6.675765693219865417e+10 9.170784326017982960e+08
1.109728684799872744e-01 6.444595204590407562e+10 9.278572594769494534e+08
1.126353739820789568e-01 6.216341676188948822e+10 9.368764252748440504e+08
1.142978796196066349e-01 5.991147821569455719e+10 9.441173910014625788e+08
1.159603853867454265e-01 5.769150445126976776e+10 9.495771171195858717e+08
1.176228912779997832e-01 5.550480326872484589e+10 9.532664228535708189e+08
1.192853972881804531e-01 5.335262117814134979e+10 9.552085980824940205e+08
1.209479034123834701e-01 5.123614246034156799e+10 9.554382205777848959e+08
1.226104096459709192e-01 4.915648833533345795e+10 9.540001402401497364e+08
1.242729159845529646e-01 4.711471623892313385e+10 9.509485992786723375e+08
1.259354224239715991e-01 4.511181920784248352e+10 9.463464631282861233e+08
1.275979289602855449e-01 4.314872537345820618e+10 9.402645415181328058e+08
1.292604355897561952e-01 4.122629756402233887e+10 9.327809826665356159e+08
1.309229423088349165e-01 3.934533301515113068e+10 9.239807262374175787e+08
1.325854491141509606e-01 3.750656318807608795e+10 9.139550025786448717e+08
1.342479560025006402e-01 3.571065369498356628e+10 9.028008669622560740e+08
1.359104629708369483e-01 3.395820433059977722e+10 8.906207581380455494e+08
1.375729700162601765e-01 3.224974920896472168e+10 8.775220705354880095e+08
1.392354771360091448e-01 3.058575700416754913e+10 8.636167289620746374e+08
1.408979843274529020e-01 2.896663129363119125e+10 8.490207536704061031e+08
1.425604915880832879e-01 2.739271100236078262e+10 8.338538022729260921e+08
1.442229989155077718e-01 2.586427094639254761e+10 8.182386732443745136e+08
1.458855063074428748e-01 2.438152247350684738e+10 8.023007538032195568e+08
1.475480137617080634e-01 2.294461419912614822e+10 7.861673930174795389e+08
1.492105212762198374e-01 2.155363283513052368e+10 7.699671793385304213e+08
1.508730288489867621e-01 2.020860410919226456e+10 7.538291008703806400e+08
1.525355364781040279e-01 1.890949377206980133e+10 7.378815670943810940e+08
1.541980441617490649e-01 1.765620869017516708e+10 7.222512732025405169e+08
1.558605518981770188e-01 1.644859802057390594e+10 7.070618934146704674e+08
1.575230596857167542e-01 1.528645446545207977e+10 6.924325984355561733e+08
1.591855675227668576e-01 1.416951560298517418e+10 6.784764051017829180e+08
1.608480754077921959e-01 1.309746529138403320e+10 6.652983834003772736e+08
1.625105833393203636e-01 1.206993514282589531e+10 6.529937668085041046e+08
1.641730913159387406e-01 1.108650606385171509e+10 6.416460347381153107e+08
1.658355993362912173e-01 1.014670985872166443e+10 6.313250580913046598e+08
1.674981073990755853e-01 9.250030892140008926e+09 6.220854169145537615e+08
1.691606155030408176e-01 8.395907807673984528e+09 6.139650087710703611e+08
1.708231236469845982e-01 7.583735298115851402e+09 6.069840640027477741e+08
1.724856318297508795e-01 6.812865923989899635e+09 6.011446672163712978e+08
1.741481400502279120e-01 6.082611976328886032e+09 5.964308531807944775e+08
1.758106483073458848e-01 5.392247379807894707e+09 5.928093028201349974e+08
1.774731566000750660e-01 4.741009632285510063e+09 5.902306166879651546e+08
1.791356649274240265e-01 4.128101776763003826e+09 5.886310963012158871e+08
1.807981732884377246e-01 3.552694401747177124e+09 5.879349250238490105e+08
1.824606816821959798e-01 3.013927666000900745e+09 5.880566151364051104e+08
1.841231901078118072e-01 2.510913343632972240e+09 5.889035788193995953e+08
1.857856985644300296e-01 2.042736885503153801e+09 5.903786874253988266e+08
1.874482070512257237e-01 1.608459492914124250e+09 5.923827024761534929e+08
1.891107155674030538e-01 1.207120199573170900e+09 5.948164886942656040e+08
1.907732241121938566e-01 8.377379578464065790e+08 5.975829491878508329e+08
1.924357326848565586e-01 4.993137253414854407e+08 6.005886515055799484e+08
1.940982412846749550e-01 1.908325479110020697e+08 6.037451377652211189e+08
1.957607499109572380e-01 -8.873436480236949027e+07 6.069699309225059748e+08
1.974232585630348313e-01 -3.404275750843259692e+08 6.101872621697950363e+08
1.990857672402615297e-01 -5.652973678935118914e+08 6.133285519542995691e+08
2.007482759420124996e-01 -7.644017203117458820e+08 6.163326801771916151e+08
2.024107846676835298e-01 -9.388042933170686960e+08 6.191460809285906553e+08
2.040732934166899215e-01 -1.089572449397335529e+09 6.217226947249137163e+08
2.057358021884660160e-01 -1.217775299460624933e+09 6.240238075724545717e+08
2.073983109824642512e-01 -1.324481782372173309e+09 6.260178019922057390e+08
2.090608197981545235e-01 -1.410758780373293877e+09 6.276798409056929350e+08
2.107233286350234380e-01 -1.477669273516506195e+09 6.289915013164414167e+08
2.123858374925735870e-01 -1.526270536147747755e+09 6.299403712086297274e+08
2.140483463703231337e-01 -1.557612378336215734e+09 6.305196200983223915e+08
2.157108552678049240e-01 -1.572735435054920912e+09 6.307275512268437147e+08
2.173733641845664311e-01 -1.572669505752424479e+09 6.305671414543901682e+08
2.190358731201685061e-01 -1.558431946868455887e+09 6.300455734408180714e+08
2.206983820741854618e-01 -1.531026119662470341e+09 6.291737636366779804e+08
2.223608910462041566e-01 -1.491439895634169102e+09 6.279658888874491453e+08
2.240234000358239386e-01 -1.440644221628214598e+09 6.264389140247390270e+08
2.256859090426557024e-01 -1.379591746605258942e+09 6.246121226248770952e+08
2.273484180663219723e-01 -1.309215511885742664e+09 6.225066531142877340e+08
2.290109271064561247e-01 -1.230427706540248632e+09 6.201450425450379848e+08
2.306734361627020280e-01 -1.144118489438221216e+09 6.175507806195253134e+08
2.323359452347137921e-01 -1.051154879310983896e+09 6.147478768632595539e+08
2.339984543221555469e-01 -9.523797140350390673e+08 6.117604442010354996e+08
2.356609634247005536e-01 -8.486106801755124331e+08 6.086123025407336950e+08
2.373234725420314828e-01 -7.406394136786783934e+08 6.053266062785264254e+08
2.389859816738397480e-01 -6.292306724360278845e+08 6.019254998702361584e+08
2.406484908198254224e-01 -5.151215812927895784e+08 5.984298057389311790e+08
2.423109999796965175e-01 -3.990209499008155465e+08 5.948587487720327377e+08
2.439735091531692601e-01 -2.816086636746140122e+08 5.912297214874455929e+08
2.456360183399674824e-01 -1.635351479344250262e+08 5.875580935960925817e+08
2.472985275398224547e-01 -4.542090517839138210e+07 5.838570691579368114e+08
2.489610367524725254e-01 7.214387473860807717e+07 5.801375938233416080e+08
2.506235459776631203e-01 1.885996318905652165e+08 5.764083137917367220e+08
2.522860552151463542e-01 3.034176815530530810e+08 5.726755871333143711e+08
2.539485644646808371e-01 4.161003881322159171e+08 5.689435470487918854e+08
2.556110737260313126e-01 5.261812685701584220e+08 5.652142155284203291e+08
2.572735829989687417e-01 6.332250261806524992e+08 5.614876647722715139e+08
2.589360922832700251e-01 7.368275160174908638e+08 5.577622226903892756e+08
2.605986015787175591e-01 8.366156430013298988e+08 5.540347178673160076e+08
2.622611108850994577e-01 9.322471941779205799e+08 5.503007585817607641e+08
2.639236202022091082e-01 1.023410606591063857e+09 5.465550398486975431e+08
2.655861295298450053e-01 1.109824672387040854e+09 5.427916720127751827e+08
2.672486388678106950e-01 1.191238182881637573e+09 5.390045241642724276e+08
2.689111482159146083e-01 1.267429513435255527e+09 5.351875755671290159e+08
2.705736575739698391e-01 1.338206151084579229e+09 5.313352683547297120e+08
2.722361669417941443e-01 1.403404166990133047e+09 5.274428549339383841e+08
2.738986763192096108e-01 1.462887635847292423e+09 5.235067338069741130e+08
2.755611857060425440e-01 1.516548004503818274e+09 5.195247678341202736e+08
2.772236951021236906e-01 1.564303412114342690e+09 5.154965792808979750e+08
2.788862045072874607e-01 1.606097964233443022e+09 5.114238162912755609e+08
2.805487139213725944e-01 1.641900963333286047e+09 5.073103856771972179e+08
2.822112233442213292e-01 1.671706098284416914e+09 5.031626470944741964e+08
2.838737327756796214e-01 1.695530595415153980e+09 4.989895637906554937e+08
2.855362422155972579e-01 1.713414333800072432e+09 4.948028051571528912e+08
2.871987516638271343e-01 1.725418927493600845e+09 4.906167963352686167e+08
2.888612611202258651e-01 1.731626777450804472e+09 4.864487101383548379e+08
2.905237705846532292e-01 1.732140095915142536e+09 4.823183966302713156e+08
2.921862800569720031e-01 1.727079906089856863e+09 4.782482459106311202e+08
2.938487895370484604e-01 1.716585019909605265e+09 4.742629800889185071e+08
2.955112990247516502e-01 1.700810996764315367e+09 4.703893711884524822e+08
2.971738085199533974e-01 1.679929086015290499e+09 4.666558829004515409e+08
2.988363180225286353e-01 1.654125156159982204e+09 4.630922358074563146e+08
3.004988275323551283e-01 1.623598613477308750e+09 4.597288979786779881e+08
3.021613370493130279e-01 1.588561312992076397e+09 4.565965057302289009e+08
3.038238465732852611e-01 1.549236464556092501e+09 4.537252227899802923e+08
3.054863561041573639e-01 1.505857536838250399e+09 4.511440499869449139e+08
3.071488656418173702e-01 1.458667161962661028e+09 4.488801016539779305e+08
3.088113751861554790e-01 1.407916043513100863e+09 4.469578688703798056e+08
3.104738847370644983e-01 1.353861870564160347e+09 4.453984930573228598e+08
3.121363942944395120e-01 1.296768240355629683e+09 4.442190758313592076e+08
3.137989038581776025e-01 1.236903592164728165e+09 4.434320519863495827e+08
3.154614134281782389e-01 1.174540154877050400e+09 4.430446516838653684e+08
3.171239230043430002e-01 1.109952910676847458e+09 4.430584752183381915e+08
3.187864325865753523e-01 1.043418577213199258e+09 4.434691991481835246e+08
3.204489421747808708e-01 9.752146105259091854e+08 4.442664264408261180e+08
3.221114517688670742e-01 9.056182309091511965e+08 4.454336860926150680e+08
3.237739613687434237e-01 8.349054738382644653e+08 4.469485801166038513e+08
3.254364709743211015e-01 7.633502679557822943e+08 4.487830685652428269e+08
3.270989805855132326e-01 6.912235420535758734e+08 4.509038770316621065e+08
3.287614902022346075e-01 6.187923628552381992e+08 4.532730063640996814e+08
3.304239998244018484e-01 5.463191053269307613e+08 4.558483214182875752e+08
3.320865094519330207e-01 4.740606571207092404e+08 4.585841946284723282e+08
3.337490190847480775e-01 4.022676586550338268e+08 4.614321808270303011e+08
3.354115287227684150e-01 3.311837802181895971e+08 4.643417017823869586e+08
3.370740383659170392e-01 2.610450373759446442e+08 4.672607219370515347e+08
3.387365480141183438e-01 1.920791458362844288e+08 4.701364003951846957e+08
3.403990576672984991e-01 1.245049168146978319e+08 4.729157079367616773e+08
3.420615673253846745e-01 5.853169382130933553e+07 4.755460014190962911e+08
3.437240769883058711e-01 -5.641168326727755368e+06 4.779755511319159865e+08
3.453865866559921449e-01 -6.782478159810121357e+07 4.801540193833586574e+08
3.470490963283750507e-01 -1.278411593731432855e+08 4.820328907483331561e+08
3.487116060053874755e-01 -1.855236071853224337e+08 4.835658560252993107e+08
3.503741156869634166e-01 -2.407170692499054372e+08 4.847091530733163357e+08
3.520366253730383144e-01 -2.932784306016895771e+08 4.854218684118763208e+08
3.536991350635486642e-01 -3.430767747660053372e+08 4.856662038493193984e+08
3.553616447584322380e-01 -3.899935970115654469e+08 4.854077125455988050e+08
3.570241544576279180e-01 -4.339229733640800118e+08 4.846155088851046562e+08
3.586866641610758633e-01 -4.747716856556516290e+08 4.832624564067734480e+08
3.603491738687170098e-01 -5.124593030199088454e+08 4.813253378591529727e+08
3.620116835804937372e-01 -5.469182203465713263e+08 4.787850112661377788e+08
3.636741932963493684e-01 -5.780936543157677650e+08 4.756265557293099761e+08
3.653367030162280593e-01 -6.059435977567471266e+08 4.718394105892517567e+08
3.669992127400752979e-01 -6.304387331561763287e+08 4.674175115212754607e+08
3.686617224678372939e-01 -6.515623062696739435e+08 4.623594271793308854e+08
3.703242321994613118e-01 -6.693099608623028994e+08 4.566685001102997065e+08
3.719867419348956150e-01 -6.836895357248294353e+08 4.503529958531639576e+08
3.736492516740893000e-01 -6.947208251759839058e+08 4.434262643900237083e+08
3.753117614169925176e-01 -7.024353043703875542e+08 4.359069184176165462e+08
3.769742711635561405e-01 -7.068758208013218641e+08 4.278190332072512507e+08
3.786367809137318741e-01 -7.080962534656188488e+08 4.191923730631252527e+08
3.802992906674724227e-01 -7.061611412375361919e+08 4.100626494518807530e+08
3.819618004247312126e-01 -7.011452820587438345e+08 4.004718155998274684e+08
3.836243101854625026e-01 -6.931333046179159880e+08 3.904684014628778696e+08
3.852868199496213841e-01 -6.822192142558066845e+08 3.801078910769239068e+08
3.869493297171635593e-01 -6.685059148685691357e+08 3.694531407992818356e+08
3.886118394880457849e-01 -6.521047086550189257e+08 3.585748310273438692e+08
3.902743492622252064e-01 -6.331347755653470755e+08 3.475519344881381392e+08
3.919368590396599683e-01 -6.117226343696130514e+08 3.364721696752676964e+08
3.935993688203087704e-01 -5.880015872804733515e+08 3.254323867724816799e+08
3.952618786041311449e-01 -5.621111500933330059e+08 3.145388038069596291e+08
3.969243883910870685e-01 -5.341964698284838796e+08 3.039069719668987989e+08
3.985868981811374612e-01 -5.044077318718783855e+08 2.936613022458983064e+08
4.002494079742436872e-01 -4.728995586129145026e+08 2.839339364294402003e+08
4.019119177703678880e-01 -4.398304015911979079e+08 2.748627066593025923e+08
4.035744275694727046e-01 -4.053619291530510783e+08 2.665879219490324259e+08
4.052369373715214440e-01 -3.696584116042618752e+08 2.592477790715046823e+08
4.068994471764781906e-01 -3.328861058477649689e+08 2.529723534958089590e+08
4.085619569843071952e-01 -2.952126414550611377e+08 2.478764018072206378e+08
4.102244667949735413e-01 -2.568064101061950922e+08 2.440515752980331182e+08
4.118869766084432005e-01 -2.178359603012527823e+08 2.415590137043754160e+08
4.135494864246819224e-01 -1.784693992072709501e+08 2.404235085260523260e+08
4.152119962436567890e-01 -1.388738034622506797e+08 2.406303475465828776e+08
4.168745060653349932e-01 -9.921464071836660802e+07 2.421255217547256052e+08
4.185370158896842829e-01 -5.965520364894227684e+07 2.448192990138996243e+08
4.201995257166728504e-01 -2.035605809018022195e+07 2.485924827185961902e+08
4.218620355462696647e-01 1.852549306316452101e+07 2.533042227135607600e+08
4.235245453784438063e-01 5.683592867123132199e+07 2.588001521217164099e+08
4.251870552131651881e-01 9.442600937620578706e+07 2.649198438506837189e+08
4.268495650504041117e-01 1.311512574480953962e+08 2.715029647005627155e+08
4.285120748901312115e-01 1.668724151015625298e+08 2.783938942439084053e+08
4.301745847323175664e-01 2.014558800381723046e+08 2.854448694670742750e+08
4.318370945769347546e-01 2.347741170285574794e+08 2.925178843145912886e+08
4.334996044239549096e-01 2.667060444597238302e+08 2.994856342553620338e+08
4.351621142733504422e-01 2.971373948184344769e+08 3.062317863619720936e+08
4.368246241250944295e-01 3.259610482265218496e+08 3.126508105042201281e+08
4.384871339791597822e-01 3.530773381725468636e+08 3.186475515925743580e+08
4.401496438355204099e-01 3.783943287371053100e+08 3.241366706834278107e+08
4.418121536941504446e-01 4.018280626480830312e+08 3.290420398186065555e+08
4.434746635550242400e-01 4.233027796509903669e+08 3.332961432910107374e+08
4.451371734181167605e-01 4.427511047177832723e+08 3.368395150855301023e+08
4.467996832834031928e-01 4.601142057849465609e+08 3.396202270269739032e+08
4.484621931508591675e-01 4.753419207203992605e+08 3.415934322631487846e+08
4.501247030204606481e-01 4.883928534239314198e+08 3.427209629452209473e+08
4.517872128921838204e-01 4.992344389396410584e+08 3.429709775475724936e+08
4.534497227660054253e-01 5.078429776902427673e+08 3.423176518265889883e+08
4.551122326419027031e-01 5.142036388949004412e+08 3.407409067143213153e+08
4.567747425198525613e-01 5.183104334824883938e+08 3.382261667006531358e+08
4.584372523998329063e-01 5.201661567367293239e+08 3.347641424868463278e+08
4.600997622818217003e-01 5.197823011863259077e+08 3.303506324990698695e+08
4.617622721657972384e-01 5.171789401412102580e+08 3.249863382687823176e+08
4.634247820517383154e-01 5.123845825886926055e+08 3.186766895990793705e+08
4.650872919396236149e-01 5.054359999975944161e+08 3.114316757649813294e+08
4.667498018294323758e-01 4.963780259433023930e+08 3.032656798870350122e+08
4.684123117211442255e-01 4.852633292309573889e+08 2.941973137614016533e+08
4.700748216147389580e-01 4.721521616343294382e+08 2.842492513008732200e+08
4.717373315101965336e-01 4.571120810168188810e+08 2.734480586665293574e+08
4.733998414074974126e-01 4.402176511750469208e+08 2.618240200725346506e+08
4.750623513066224435e-01 4.215501192180966139e+08 2.494109579249117374e+08
4.767248612075521974e-01 4.011970720629504323e+08 2.362460469762885273e+08
4.783873711102680226e-01 3.792520728487808704e+08 2.223696215521738231e+08
4.800498810147514894e-01 3.558142791329211593e+08 2.078249761837599277e+08
4.817123909209840571e-01 3.309880435617002845e+08 1.926581589320168495e+08
4.833749008289477955e-01 3.048824992648710012e+08 1.769177584844730794e+08
4.850374107386249412e-01 2.776111303616050482e+08 1.606546844162473679e+08
4.866999206499977859e-01 2.492913304490453005e+08 1.439219429164379835e+08
4.883624305630492324e-01 2.200439487599062920e+08 1.267744077062377483e+08
4.900249404777619611e-01 1.899928280515794754e+08 1.092685919853896201e+08
4.916874503941192631e-01 1.592643321792009473e+08 9.146242557053685188e+07
4.933499603121045407e-01 1.279868704264587611e+08 7.341506623249663413e+07
4.950124702317013070e-01 9.629041103935700655e+07 5.518682355324464291e+07
4.966749801528934083e-01 6.430600246453081071e+07 3.683965090345524997e+07
4.983374900756649684e-01 3.216525321414639801e+07 1.844189780625119060e+07
