# r [arcsec]	I [Jy/sr]	I_uncer [Jy/sr]
1.272617859314095550e-03 1.329774608210091400e+10 2.459917790966681480e+09
2.921189009106442414e-03 1.334558647258735657e+10 2.452835662654019833e+09
4.579495862547155495e-03 1.343143041512293243e+10 2.440194337957311153e+09
6.240002426697914550e-03 1.355491315585797119e+10 2.422047830125643253e+09
7.901343393063876494e-03 1.371548474039898872e+10 2.398501063994918346e+09
9.563088128690054243e-03 1.391242744065528488e+10 2.369694258364860535e+09
1.122505851373705593e-02 1.414486030329302597e+10 2.335800111817801476e+09
1.288716767388508287e-02 1.441174326066793251e+10 2.297022413785019875e+09
1.454936822595933807e-02 1.471188174278658867e+10 2.253594840015707493e+09
1.621163214106096165e-02 1.504393191681945038e+10 2.205779739019774437e+09
1.787394178310437384e-02 1.540640656369809723e+10 2.153866878968231678e+09
1.953628550253095827e-02 1.579768157504941368e+10 2.098172164681893826e+09
2.119865529577967186e-02 1.621600304486596489e+10 2.039036348693856955e+09
2.286104548286438387e-02 1.665949492570874023e+10 1.976823766735495567e+09
2.452345192144544592e-02 1.712616721604374886e+10 1.911921130818668127e+09
2.618587151961204035e-02 1.761392464259830475e+10 1.844736413388065100e+09
2.784830192283991451e-02 1.812057579925878143e+10 1.775697853449930429e+09
2.951074130657948408e-02 1.864384270184347916e+10 1.705253108914553881e+09
3.117318823511218417e-02 1.918137071611527252e+10 1.633868566413494825e+09
3.283564156322602012e-02 1.973073881461877823e+10 1.562028797211727619e+09
3.449810036628684490e-02 2.028947011632179260e+10 1.490236110655348539e+09
3.616056388957845924e-02 2.085504266165554428e+10 1.419010098231756926e+09
3.782303151098994481e-02 2.142490037436606979e+10 1.348886973393900633e+09
3.948550271312052662e-02 2.199646416059763336e+10 1.280418385664371252e+09
4.114797706214112089e-02 2.256714309490342331e+10 1.214169215154566050e+09
4.281045419157746001e-02 2.313434564232082367e+10 1.150713636994212389e+09
4.447293378972808769e-02 2.369549086537952423e+10 1.090628506073414564e+09
4.613541558980088775e-02 2.424801956483063889e+10 1.034482911062017560e+09
4.779789936210682849e-02 2.478940530307955170e+10 9.828227015117635727e+08
4.946038490782722619e-02 2.531716525971023941e+10 9.361490881979101896e+08
5.112287205399637657e-02 2.582887086917543030e+10 8.948912724669399261e+08
5.278536064943199074e-02 2.632215819160541534e+10 8.593746117863075733e+08
5.444785056141081270e-02 2.679473796887456894e+10 8.297879323450568914e+08
5.611034167293492414e-02 2.724440531941656113e+10 8.061556419904637337e+08
5.777283388046990098e-02 2.766904902694643021e+10 7.883212368212763071e+08
5.943532709206246489e-02 2.806666038007302856e+10 7.759476394553211927e+08
6.109782122576532665e-02 2.843534152189390945e+10 7.685363830015816689e+08
6.276031620831216962e-02 2.877331327096036148e+10 7.654630631620529890e+08
6.442281197399798987e-02 2.907892237750697708e+10 7.660226403700664043e+08
6.608530846372812073e-02 2.935064818156172943e+10 7.694766423765370846e+08
6.774780562420743002e-02 2.958710864244258499e+10 7.750953615984824896e+08
6.941030340724584080e-02 2.978706571221488571e+10 7.821907985382417440e+08
7.107280176916151715e-02 2.994943002892733002e+10 7.901390083726419210e+08
7.273530067026563739e-02 3.007326490878814697e+10 7.983926904274779558e+08
7.439780007441634813e-02 3.015778961998200607e+10 8.064860073936779499e+08
7.606029994863128252e-02 3.020238192439005280e+10 8.140339006978802681e+08
7.772280026274960840e-02 3.020657987720830917e+10 8.207279244284927845e+08
7.938530098913672284e-02 3.017008287819733429e+10 8.263301619523085356e+08
8.104780210242505667e-02 3.009275197212367249e+10 8.306663146230099201e+08
8.271030357928650656e-02 2.997460939978805161e+10 8.336186544190313816e+08
8.437280539823126257e-02 2.981583740487217712e+10 8.351192375537719727e+08
8.603530753943039455e-02 2.961677630568607330e+10 8.351435754652965069e+08
8.769780998455847798e-02 2.937792184464691544e+10 8.337048324206683636e+08
8.936031271665356712e-02 2.909992183208868027e+10 8.308485438828703165e+08
9.102281571999285004e-02 2.878357210461505508e+10 8.266478092329350710e+08
9.268531897998151525e-02 2.842981182174363327e+10 8.211988936236616373e+08
9.434782248305331742e-02 2.803971812801713562e+10 8.146171680484484434e+08
9.601032621658157906e-02 2.761450021098888397e+10 8.070333187266304493e+08
9.767283016879922675e-02 2.715549278859624100e+10 7.985897634892888069e+08
9.933533432872686253e-02 2.666414906232929993e+10 7.894372223414804935e+08
1.009978386861079547e-01 2.614203317529493332e+10 7.797314010839041471e+08
1.026603432313502873e-01 2.559081221674905396e+10 7.696297606029073000e+08
1.043228479554730720e-01 2.501224781689675140e+10 7.592883601815164089e+08
1.059853528500589448e-01 2.440818737774429703e+10 7.488587808414703608e+08
1.076478579072105424e-01 2.378055498748633957e+10 7.384851538537547588e+08
1.093103631195108394e-01 2.313134206736528397e+10 7.283013391884812117e+08
1.109728684799872744e-01 2.246259780106605530e+10 7.184283172121217251e+08
1.126353739820789568e-01 2.177641939759284210e+10 7.089718721966205835e+08
1.142978796196066349e-01 2.107494223910711288e+10 7.000206556261302233e+08
1.159603853867454265e-01 2.036032996549327469e+10 6.916447183766767979e+08
1.176228912779997832e-01 1.963476454734119415e+10 6.838945917316389084e+08
1.192853972881804531e-01 1.890043639872908020e+10 6.768009772485356331e+08
1.209479034123834701e-01 1.815953458051157379e+10 6.703750757476776838e+08
1.226104096459709192e-01 1.741423714391049957e+10 6.646095489938549995e+08
1.242729159845529646e-01 1.666670166295803642e+10 6.594800682923026085e+08
1.259354224239715991e-01 1.591905600287127876e+10 6.549473672557892799e+08
1.275979289602855449e-01 1.517338936963851166e+10 6.509596861865532398e+08
1.292604355897561952e-01 1.443174368410394096e+10 6.474554764223141670e+08
1.309229423088349165e-01 1.369610532155793762e+10 6.443662263155876398e+08
1.325854491141509606e-01 1.296839725536327171e+10 6.416192759218503237e+08
1.342479560025006402e-01 1.225047164044393539e+10 6.391405029022002220e+08
1.359104629708369483e-01 1.154410286959289360e+10 6.368567844252660275e+08
1.375729700162601765e-01 1.085098113249061775e+10 6.346981654620817900e+08
1.392354771360091448e-01 1.017270650412569046e+10 6.325996895729607344e+08
1.408979843274529020e-01 9.510783585985857010e+09 6.305028716128499508e+08
1.425604915880832879e-01 8.866616719943576813e+09 6.283568111614874601e+08
1.442229989155077718e-01 8.241505791247742653e+09 6.261189602552725077e+08
1.458855063074428748e-01 7.636642633452255249e+09 6.237555692061523199e+08
1.475480137617080634e-01 7.053108044502049446e+09 6.212418404733763933e+08
1.492105212762198374e-01 6.491869419566001892e+09 6.185618235076887608e+08
1.508730288489867621e-01 5.953779002591734886e+09 6.157080840884691477e+08
1.525355364781040279e-01 5.439572754974581718e+09 6.126811807552882433e+08
1.541980441617490649e-01 4.949869836206715584e+09 6.094889792061393261e+08
1.558605518981770188e-01 4.485172687921503067e+09 6.061458335524473190e+08
1.575230596857167542e-01 4.045867709395928383e+09 6.026716614864271879e+08
1.591855675227668576e-01 3.632226509352429390e+09 5.990909389790731668e+08
1.608480754077921959e-01 3.244407715796044827e+09 5.954316392029856443e+08
1.625105833393203636e-01 2.882459322700561047e+09 5.917241399662680626e+08
1.641730913159387406e-01 2.546321549587835789e+09 5.880001239517775774e+08
1.658355993362912173e-01 2.235830187476363182e+09 5.842914962994136810e+08
1.674981073990755853e-01 1.950720402305945635e+09 5.806293443108713627e+08
1.691606155030408176e-01 1.690630964795128584e+09 5.770429640125796795e+08
1.708231236469845982e-01 1.455108873756819248e+09 5.735589777064735889e+08
1.724856318297508795e-01 1.243614338219247580e+09 5.702005652055264711e+08
1.741481400502279120e-01 1.055526082242755771e+09 5.669868290080380440e+08
1.758106483073458848e-01 8.901469351367205381e+08 5.639323101153361797e+08
1.774731566000750660e-01 7.467096688339747190e+08 5.610466665764740705e+08
1.791356649274240265e-01 6.243830435000257492e+08 5.583345213193446398e+08
1.807981732884377246e-01 5.222780220176170468e+08 5.557954796933723688e+08
1.824606816821959798e-01 4.394541138253864646e+08 5.534243107946027517e+08
1.841231901078118072e-01 3.749258086555351615e+08 5.512112805105723143e+08
1.857856985644300296e-01 3.276690610538953543e+08 5.491426187454329729e+08
1.874482070512257237e-01 2.966277871275959015e+08 5.472010988380573988e+08
1.891107155674030538e-01 2.807203357686532736e+08 5.453667040380921364e+08
1.907732241121938566e-01 2.788458976318715215e+08 5.436173541888003349e+08
1.924357326848565586e-01 2.898908163813327551e+08 5.419296654777841568e+08
1.940982412846749550e-01 3.127347681667340994e+08 5.402797171215718985e+08
1.957607499109572380e-01 3.462567769161443710e+08 5.386438009221711159e+08
1.974232585630348313e-01 3.893410348426272869e+08 5.369991324823317528e+08
1.990857672402615297e-01 4.408824995209470391e+08 5.353245061911612749e+08
2.007482759420124996e-01 4.997922410001124740e+08 5.336008796016866565e+08
2.024107846676835298e-01 5.650025146484370232e+08 5.318118762774881124e+08
2.040732934166899215e-01 6.354715377704352140e+08 5.299441993982020020e+08
2.057358021884660160e-01 7.101879504628322124e+08 5.279879512677455544e+08
2.073983109824642512e-01 7.881749436838654280e+08 5.259368563041511178e+08
2.090608197981545235e-01 8.684940400650780201e+08 5.237883871037765741e+08
2.107233286350234380e-01 9.502485155869439840e+08 5.215437948031980395e+08
2.123858374925735870e-01 1.032586452848285913e+09 5.192080462792930007e+08
2.140483463703231337e-01 1.114703419268585443e+09 5.167896718198326826e+08
2.157108552678049240e-01 1.195844766144541502e+09 5.143005278554527164e+08
2.173733641845664311e-01 1.275307547039886713e+09 5.117554802675312161e+08
2.190358731201685061e-01 1.352442056475382090e+09 5.091720147496868968e+08
2.206983820741854618e-01 1.426652992320026398e+09 5.065697817737804055e+08
2.223608910462041566e-01 1.497400247617959738e+09 5.039700849267650843e+08
2.240234000358239386e-01 1.564199339831464291e+09 5.013953227504134178e+08
2.256859090426557024e-01 1.626621487601290226e+09 4.988683957002351284e+08
2.273484180663219723e-01 1.684293347133166313e+09 4.964120913721379042e+08
2.290109271064561247e-01 1.736896422174925566e+09 4.940484626176130772e+08
2.306734361627020280e-01 1.784166163270581245e+09 4.917982144382379651e+08
2.323359452347137921e-01 1.825890773534420490e+09 4.896801164565253854e+08
2.339984543221555469e-01 1.861909739585574865e+09 4.877104581340179443e+08
2.356609634247005536e-01 1.892112107510196686e+09 4.859025635982816815e+08
2.373234725420314828e-01 1.916434524771216393e+09 4.842663818361436725e+08
2.389859816738397480e-01 1.934859069862829924e+09 4.828081660603173375e+08
2.406484908198254224e-01 1.947410892199317455e+09 4.815302532891409397e+08
2.423109999796965175e-01 1.954155685251105309e+09 4.804309517079529762e+08
2.439735091531692601e-01 1.955197016273882151e+09 4.795045393963719606e+08
2.456360183399674824e-01 1.950673536142844200e+09 4.787413737680417895e+08
2.472985275398224547e-01 1.940756092792916536e+09 4.781281068675042987e+08
2.489610367524725254e-01 1.925644771589285135e+09 4.776479977925539017e+08
2.506235459776631203e-01 1.905565885613263130e+09 4.772813102200852036e+08
2.522860552151463542e-01 1.880768938355792284e+09 4.770057804997266531e+08
2.539485644646808371e-01 1.851523580672941923e+09 4.767971401568551064e+08
2.556110737260313126e-01 1.818116583080774784e+09 4.766296759348953962e+08
2.572735829989687417e-01 1.780848843566132307e+09 4.764768106513930559e+08
2.589360922832700251e-01 1.740032450070162773e+09 4.763116890148338675e+08
2.605986015787175591e-01 1.695987815679472923e+09 4.761077539845313430e+08
2.622611108850994577e-01 1.649040903343997478e+09 4.758393010650370717e+08
2.639236202022091082e-01 1.599520555644415617e+09 4.754819999273447394e+08
2.655861295298450053e-01 1.547755943767110586e+09 4.750133747737412453e+08
2.672486388678106950e-01 1.494074148428231716e+09 4.744132367825112939e+08
2.689111482159146083e-01 1.438797884023882866e+09 4.736640636819327474e+08
2.705736575739698391e-01 1.382243375794755459e+09 4.727513229539712667e+08
2.722361669417941443e-01 1.324718398285199642e+09 4.716637363267386556e+08
2.738986763192096108e-01 1.266520481863557339e+09 4.703934840874837637e+08
2.755611857060425440e-01 1.207935292564928293e+09 4.689363483545846343e+08
2.772236951021236906e-01 1.149235189033536196e+09 4.672917948322107196e+08
2.788862045072874607e-01 1.090677958879043818e+09 4.654629927859476805e+08
2.805487139213725944e-01 1.032505735351469398e+09 4.634567730837058425e+08
2.822112233442213292e-01 9.749440938624483347e+08 4.612835242072640061e+08
2.838737327756796214e-01 9.182013265799430609e+08 4.589570262312946916e+08
2.855362422155972579e-01 8.624678920702644587e+08 4.564942229498815536e+08
2.871987516638271343e-01 8.079160357997412682e+08 4.539149326879136562e+08
2.888612611202258651e-01 7.546995762097731829e+08 4.512414989208682179e+08
2.905237705846532292e-01 7.029538500758137703e+08 4.484983827099669576e+08
2.921862800569720031e-01 6.527958099457513094e+08 4.457117001791799068e+08
2.938487895370484604e-01 6.043242656220099926e+08 4.429087098383856416e+08
2.955112990247516502e-01 5.576202609288394451e+08 4.401172564886657596e+08
2.971738085199533974e-01 5.127475763685145974e+08 4.373651806749364734e+08
2.988363180225286353e-01 4.697533477368523479e+08 4.346797050834739208e+08
3.004988275323551283e-01 4.286687903287410140e+08 4.320868117645829320e+08
3.021613370493130279e-01 3.895100180242967010e+08 4.296106263937940598e+08
3.038238465732852611e-01 3.522789462959235907e+08 4.272728277223043442e+08
3.054863561041573639e-01 3.169642680252876878e+08 4.250921016579898000e+08
3.071488656418173702e-01 2.835424909493999481e+08 4.230836598063318133e+08
3.088113751861554790e-01 2.519790255770443082e+08 4.212588415915970802e+08
3.104738847370644983e-01 2.222293125168741047e+08 4.196248171564358473e+08
3.121363942944395120e-01 1.942399783351677060e+08 4.181844051034375429e+08
3.137989038581776025e-01 1.679500093100556433e+08 4.169360149301549792e+08
3.154614134281782389e-01 1.432919327657285631e+08 4.158737189783121347e+08
3.171239230043430002e-01 1.201929960426030755e+08 4.149874532363114953e+08
3.187864325865753523e-01 9.857633359082464874e+07 4.142633408238186240e+08
3.204489421747808708e-01 7.836211315609176457e+07 4.136841268758049607e+08
3.221114517688670742e-01 5.946865254065401107e+07 4.132297092063512206e+08
3.237739613687434237e-01 4.181349899113748968e+07 4.128777458450858593e+08
3.254364709743211015e-01 2.531446384301454574e+07 4.126043184439687729e+08
3.270989805855132326e-01 9.890605676504943520e+06 4.123846296666700840e+08
3.287614902022346075e-01 -4.536844137565874495e+06 4.121937128805163503e+08
3.304239998244018484e-01 -1.804361896584609523e+07 4.120071335763691068e+08
3.320865094519330207e-01 -3.070162232900575176e+07 4.118016636913099885e+08
3.337490190847480775e-01 -4.257820535354239494e+07 4.115559121347674727e+08
3.354115287227684150e-01 -5.373551974886815250e+07 4.112508970812806487e+08
3.370740383659170392e-01 -6.422994913885303587e+07 4.108705477902675271e+08
3.387365480141183438e-01 -7.411162093037836254e+07 4.104021257059066892e+08
3.403990576672984991e-01 -8.342400026365928352e+07 4.098365563086752892e+08
3.420615673253846745e-01 -9.220356696493363380e+07 4.091686646204315424e+08
3.437240769883058711e-01 -1.004795758175517321e+08 4.083973084535655379e+08
3.453865866559921449e-01 -1.082738998846809715e+08 4.075254045379688740e+08
3.470490963283750507e-01 -1.156009560465523154e+08 4.065598436832625270e+08
3.487116060053874755e-01 -1.224677113849871904e+08 4.055112922937158346e+08
3.503741156869634166e-01 -1.288737685236806422e+08 4.043938790156990290e+08
3.520366253730383144e-01 -1.348115275530878603e+08 4.032247672208560705e+08
3.536991350635486642e-01 -1.402664217039639950e+08 4.020236165504950881e+08
3.553616447584322380e-01 -1.452172235021168590e+08 4.008119399586434364e+08
3.570241544576279180e-01 -1.496364177382421196e+08 3.996123666085282564e+08
3.586866641610758633e-01 -1.534906372086643875e+08 3.984478255234649777e+08
3.603491738687170098e-01 -1.567411568444650769e+08 3.973406698652072549e+08
3.620116835804937372e-01 -1.593444415327025950e+08 3.963117667873497605e+08
3.636741932963493684e-01 -1.612527426511417925e+08 3.953795825366702080e+08
3.653367030162280593e-01 -1.624147380915826261e+08 3.945592963223690391e+08
3.669992127400752979e-01 -1.627762103208168745e+08 3.938619788737437129e+08
3.686617224678372939e-01 -1.622807568500890136e+08 3.932938720654036999e+08
3.703242321994613118e-01 -1.608705273171498775e+08 3.928558041378321052e+08
3.719867419348956150e-01 -1.584869812717826962e+08 3.925427707679035068e+08
3.736492516740893000e-01 -1.550716606527997553e+08 3.923437057032439113e+08
3.753117614169925176e-01 -1.505669708935232162e+08 3.922414563406931162e+08
3.769742711635561405e-01 -1.449169645588413477e+08 3.922129702032753825e+08
3.786367809137318741e-01 -1.380681214241862893e+08 3.922296886289709210e+08
3.802992906674724227e-01 -1.299701189451770186e+08 3.922581350017136931e+08
3.819618004247312126e-01 -1.205765871349530965e+08 3.922606773192808032e+08
3.836243101854625026e-01 -1.098458419705244601e+08 3.921964393454644084e+08
3.852868199496213841e-01 -9.774159158770820498e+07 3.920223313246893287e+08
3.869493297171635593e-01 -8.423360968746240437e+07 3.916941702135449648e+08
3.886118394880457849e-01 -6.929837078742499650e+07 3.911678603572366238e+08
3.902743492622252064e-01 -5.291964217513431609e+07 3.904006080493630171e+08
3.919368590396599683e-01 -3.508902769588839263e+07 3.893521469370527267e+08
3.935993688203087704e-01 -1.580645879651981220e+07 3.879859551974343657e+08
3.952618786041311449e-01 4.919371421488202177e+06 3.862704493079620600e+08
3.969243883910870685e-01 2.707063503221696243e+07 3.841801425847279429e+08
3.985868981811374612e-01 5.062006050661961734e+07 3.816967590936917067e+08
4.002494079742436872e-01 7.553069142438936234e+07 3.788102946816135049e+08
4.019119177703678880e-01 1.017557153382667005e+08 3.755200164182950258e+08
4.035744275694727046e-01 1.292383649972314686e+08 3.718353893170644641e+08
4.052369373715214440e-01 1.579118936585308611e+08 3.677769144455456734e+08
4.068994471764781906e-01 1.876996257207663953e+08 3.633768550012620687e+08
4.085619569843071952e-01 2.185150834018520415e+08 3.586798162057425380e+08
4.102244667949735413e-01 2.502621896653017700e+08 3.537431306549555063e+08
4.118869766084432005e-01 2.828355470625955462e+08 3.486369831206999421e+08
4.135494864246819224e-01 3.161207916286501884e+08 3.434441885199150443e+08
4.152119962436567890e-01 3.499950204256701469e+08 3.382595159311957359e+08
4.168745060653349932e-01 3.843272907954072356e+08 3.331884341611053944e+08
4.185370158896842829e-01 4.189791888487161994e+08 3.283451469833084941e+08
4.201995257166728504e-01 4.538054642018201351e+08 3.238497979665427804e+08
4.218620355462696647e-01 4.886547274555178285e+08 3.198247665233998895e+08
4.235245453784438063e-01 5.233702064312055111e+08 3.163900579141202569e+08
4.251870552131651881e-01 5.577905566982587576e+08 3.136579134441407323e+08
4.268495650504041117e-01 5.917507214930943251e+08 3.117269233011424541e+08
4.285120748901312115e-01 6.250828357042351961e+08 3.106760861122353673e+08
4.301745847323175664e-01 6.576171682256952524e+08 3.105593830736637712e+08
4.318370945769347546e-01 6.891830966221541166e+08 3.114014720309541225e+08
4.334996044239549096e-01 7.196101077554197311e+08 3.131950246169301271e+08
4.351621142733504422e-01 7.487288177377988100e+08 3.159000281980748773e+08
4.368246241250944295e-01 7.763720043802839518e+08 3.194450966324316859e+08
4.384871339791597822e-01 8.023756451042846441e+08 3.237305512109993696e+08
4.401496438355204099e-01 8.265799531879791021e+08 3.286328182011216283e+08
4.418121536941504446e-01 8.488304051199978590e+08 3.340095868684024215e+08
4.434746635550242400e-01 8.689787518383268118e+08 3.397051861455074549e+08
4.451371734181167605e-01 8.868840066390970945e+08 3.455557392322636247e+08
4.467996832834031928e-01 9.024134026563112736e+08 3.513937984903175235e+08
4.484621931508591675e-01 9.154433129208886623e+08 3.570523063235324025e+08
4.501247030204606481e-01 9.258601262398170233e+08 3.623678446685169339e+08
4.517872128921838204e-01 9.335610723432946205e+08 3.671832153035665154e+08
4.534497227660054253e-01 9.384549900882917643e+08 3.713494372410275340e+08
4.551122326419027031e-01 9.404630328097512722e+08 3.747272634691255689e+08
4.567747425198525613e-01 9.395193053584616184e+08 3.771883171098987460e+08
4.584372523998329063e-01 9.355714277450679541e+08 3.786159344903610349e+08
4.600997622818217003e-01 9.285810208590824604e+08 3.789057862376707196e+08
4.617622721657972384e-01 9.185241101798379421e+08 3.779663305588802695e+08
4.634247820517383154e-01 9.053914440296506882e+08 3.757191380149211884e+08
4.650872919396236149e-01 8.891887234191462994e+08 3.720991144997906685e+08
4.667498018294323758e-01 8.699367412436636686e+08 3.670546396827769876e+08
4.684123117211442255e-01 8.476714291104360819e+08 3.605476307487872243e+08
4.700748216147389580e-01 8.224438108579115868e+08 3.525535364690006375e+08
4.717373315101965336e-01 7.943198623334304094e+08 3.430612629046584368e+08
4.733998414074974126e-01 7.633802778477628231e+08 3.320730303008281589e+08
4.750623513066224435e-01 7.297201441756019592e+08 3.196041591531770825e+08
4.767248612075521974e-01 6.934485238923190832e+08 3.056827835064219832e+08
4.783873711102680226e-01 6.546879501875667572e+08 2.903494890434509516e+08
4.800498810147514894e-01 6.135738363000369072e+08 2.736568747042601705e+08
4.817123909209840571e-01 5.702538028961086273e+08 2.556690364517097771e+08
4.833749008289477955e-01 5.248869278569304943e+08 2.364609738018483222e+08
4.850374107386249412e-01 4.776429228123655319e+08 2.161179195048979223e+08
4.866999206499977859e-01 4.287012421814585924e+08 1.947345957383198142e+08
4.883624305630492324e-01 3.782501297980222106e+08 1.724143994745512903e+08
4.900249404777619611e-01 3.264856102345851064e+08 1.492685248547231257e+08
4.916874503941192631e-01 2.736104300990707874e+08 1.254150301103197783e+08
4.933499603121045407e-01 2.198329582530206442e+08 1.009778739321277142e+08
4.950124702317013070e-01 1.653660488552570045e+08 7.608598203432159126e+07
4.966749801528934083e-01 1.104258809433415681e+08 5.087269039404536784e+07
4.983374900756649684e-01 5.523076383612681180e+07 2.547838179454592988e+07
