# r [arcsec]	I [Jy/sr]	I_uncer [Jy/sr]
1.272617859314095550e-03 4.951088461831892395e+10 1.710901224177005529e+09
2.921189009106442414e-03 4.947040411131383514e+10 1.708086935261654615e+09
4.579495862547155495e-03 4.939764354850496674e+10 1.703114385951499701e+09
6.240002426697914550e-03 4.929270137624828339e+10 1.695971388948213339e+09
7.901343393063876494e-03 4.915574085150122070e+10 1.686676094233464479e+09
9.563088128690054243e-03 4.898697698136547089e+10 1.675257820722268105e+09
1.122505851373705593e-02 4.878667485059161377e+10 1.661754069614445448e+09
1.288716767388508287e-02 4.855514880983116913e+10 1.646209739516108513e+09
1.454936822595933807e-02 4.829276171863211060e+10 1.628676774630776644e+09
1.621163214106096165e-02 4.799992412123149872e+10 1.609213925106123924e+09
1.787394178310437384e-02 4.767709332992416382e+10 1.587886539386451721e+09
1.953628550253095827e-02 4.732477241077901459e+10 1.564766363919170618e+09
2.119865529577967186e-02 4.694350907191020966e+10 1.539931342196609020e+09
2.286104548286438387e-02 4.653389445635374451e+10 1.513465411234788179e+09
2.452345192144544592e-02 4.609656184244033813e+10 1.485458296198073149e+09
2.618587151961204035e-02 4.563218525500502014e+10 1.456005305147841692e+09
2.784830192283991451e-02 4.514147799111237335e+10 1.425207126566416025e+09
2.951074130657948408e-02 4.462519106424397278e+10 1.393169632688624382e+09
3.117318823511218417e-02 4.408411157111678314e+10 1.360003691894989967e+09
3.283564156322602012e-02 4.351906098552082825e+10 1.325824993493551970e+09
3.449810036628684490e-02 4.293089338374324799e+10 1.290753888161276102e+09
3.616056388957845924e-02 4.232049360632688904e+10 1.254915247072164774e+09
3.782303151098994481e-02 4.168877536106104279e+10 1.218438342254957199e+09
3.948550271312052662e-02 4.103667927224404907e+10 1.181456749891597033e+09
4.114797706214112089e-02 4.036517088138564301e+10 1.144108276955558538e+09
4.281045419157746001e-02 3.967523860461472321e+10 1.106534909607384920e+09
4.447293378972808769e-02 3.896789165216443634e+10 1.068882778870505452e+09
4.613541558980088775e-02 3.824415791536146545e+10 1.031302134987617254e+09
4.779789936210682849e-02 3.750508182662763977e+10 9.939473161331074238e+08
4.946038490782722619e-02 3.675172219801634979e+10 9.569766893881726265e+08
5.112287205399637657e-02 3.598515004386212158e+10 9.205525316306192875e+08
5.278536064943199074e-02 3.520644639309380341e+10 8.848408048813250065e+08
5.444785056141081270e-02 3.441670009678744507e+10 8.500107645628094673e+08
5.611034167293492414e-02 3.361700563647805023e+10 8.162343204794832468e+08
5.777283388046990098e-02 3.280846093873596954e+10 7.836850504927167892e+08
5.943532709206246489e-02 3.199216520142660522e+10 7.525367487250355482e+08
6.109782122576532665e-02 3.116921673702318573e+10 7.229613787153048515e+08
6.276031620831216962e-02 3.034071083823774719e+10 6.951263048776739836e+08
6.442281197399798987e-02 2.950773767113251495e+10 6.691907029129908085e+08
6.608530846372812073e-02 2.867138020076079178e+10 6.453011124702544212e+08
6.774780562420743002e-02 2.783271215424472046e+10 6.235862018122813702e+08
6.941030340724584080e-02 2.699279602605577469e+10 6.041509647867369652e+08
7.107280176916151715e-02 2.615268113010376358e+10 5.870707503312896490e+08
7.273530067026563739e-02 2.531340170305688095e+10 5.723856996447305679e+08
7.439780007441634813e-02 2.447597506315372467e+10 5.600962841494967937e+08
7.606029994863128252e-02 2.364139982854276276e+10 5.501606423070377111e+08
7.772280026274960840e-02 2.281065419900941086e+10 5.424942679371856451e+08
7.938530098913672284e-02 2.198469430470837402e+10 5.369723122586914301e+08
8.104780210242505667e-02 2.116445262531883240e+10 5.334343840307412744e+08
8.271030357928650656e-02 2.035083648279093552e+10 5.316913619675498009e+08
8.437280539823126257e-02 1.954472661061731720e+10 5.315334677311171889e+08
8.603530753943039455e-02 1.874697580233286285e+10 5.327387464202958941e+08
8.769780998455847798e-02 1.795840764166291046e+10 5.350811682344688177e+08
8.936031271665356712e-02 1.717981531652393913e+10 5.383377542702502012e+08
9.102281571999285004e-02 1.641196051879347038e+10 5.422943723368622065e+08
9.268531897998151525e-02 1.565557243151238632e+10 5.467500814920377731e+08
9.434782248305331742e-02 1.491134680492854500e+10 5.515200855990886688e+08
9.601032621658157906e-02 1.417994512251230240e+10 5.564374715977413654e+08
9.767283016879922675e-02 1.346199385781853104e+10 5.613539621887587309e+08
9.933533432872686253e-02 1.275808382280595016e+10 5.661399203434180021e+08
1.009978386861079547e-01 1.206876960795614433e+10 5.706838217898658514e+08
1.026603432313502873e-01 1.139456911428265953e+10 5.748913761751705408e+08
1.043228479554730720e-01 1.073596317705771446e+10 5.786844384134044647e+08
1.059853528500589448e-01 1.009339528083504295e+10 5.819998150563209057e+08
1.076478579072105424e-01 9.467271365097187042e+09 5.847880393704202175e+08
1.093103631195108394e-01 8.857959719616580963e+09 5.870121640448831320e+08
1.109728684799872744e-01 8.265790968376523972e+09 5.886466017550845146e+08
1.126353739820789568e-01 7.691058140679837227e+09 5.896760302765402794e+08
1.142978796196066349e-01 7.134016827839015007e+09 5.900943694351015091e+08
1.159603853867454265e-01 6.594885423638894081e+09 5.899038309039576054e+08
1.176228912779997832e-01 6.073845446547811508e+09 5.891140378695303202e+08
1.192853972881804531e-01 5.571041941469156265e+09 5.877412092213538885e+08
1.209479034123834701e-01 5.086583958626697540e+09 5.858074016687864065e+08
1.226104096459709192e-01 4.620545107013760567e+09 5.833398026792770624e+08
1.242729159845529646e-01 4.172964179658345699e+09 5.803700671122231483e+08
1.259354224239715991e-01 3.743845847817349434e+09 5.769336907132772207e+08
1.275979289602855449e-01 3.333161421053649902e+09 5.730694141204452515e+08
1.292604355897561952e-01 2.940849670034046173e+09 5.688186516527596712e+08
1.309229423088349165e-01 2.566817708754565716e+09 5.642249398611245155e+08
1.325854491141509606e-01 2.210941932801645279e+09 5.593334016105215549e+08
1.342479560025006402e-01 1.873069010153905869e+09 5.541902223267018795e+08
1.359104629708369483e-01 1.553016920955513954e+09 5.488421359874768257e+08
1.375729700162601765e-01 1.250576042612640142e+09 5.433359194731634855e+08
1.392354771360091448e-01 9.655102765135455132e+08 5.377178950164608955e+08
1.408979843274529020e-01 6.975582126211925745e+08 5.320334417042707205e+08
1.425604915880832879e-01 4.464343281585552096e+08 5.263265182615687251e+08
1.442229989155077718e-01 2.118302165806781054e+08 5.206392006591612101e+08
1.458855063074428748e-01 -6.584156979387367144e+06 5.150112393773269057e+08
1.475480137617080634e-01 -2.091591776014060676e+08 5.094796423565401435e+08
1.492105212762198374e-01 -3.962642836046485305e+08 5.040782906866248846e+08
1.508730288489867621e-01 -5.682866544829913378e+08 4.988375948306318521e+08
1.525355364781040279e-01 -7.256298874847909212e+08 4.937841995503932834e+08
1.541980441617490649e-01 -8.687126665298860073e+08 4.889407456111596823e+08
1.558605518981770188e-01 -9.979674270952049494e+08 4.843256957259240150e+08
1.575230596857167542e-01 -1.113839020638431072e+09 4.799532310336713791e+08
1.591855675227668576e-01 -1.216783382049530506e+09 4.758332227039991021e+08
1.608480754077921959e-01 -1.307266203537382126e+09 4.719712810989485383e+08
1.625105833393203636e-01 -1.385761618262449980e+09 4.683688824224845171e+08
1.641730913159387406e-01 -1.452750896927920341e+09 4.650235701112796664e+08
1.658355993362912173e-01 -1.508721160430346489e+09 4.619292255590576530e+08
1.674981073990755853e-01 -1.554164111555484295e+09 4.590764003130136132e+08
1.691606155030408176e-01 -1.589574788581075191e+09 4.564526998123030066e+08
1.708231236469845982e-01 -1.615450343523063183e+09 4.540432071969361901e+08
1.724856318297508795e-01 -1.632288847622872829e+09 4.518309347851970196e+08
1.741481400502279120e-01 -1.640588126539720774e+09 4.497972905324050784e+08
1.758106483073458848e-01 -1.640844627563450575e+09 4.479225471100550294e+08
1.774731566000750660e-01 -1.633552321023686171e+09 4.461863021094861031e+08
1.791356649274240265e-01 -1.619201637912894011e+09 4.445679191593136787e+08
1.807981732884377246e-01 -1.598278445596837282e+09 4.430469413231199384e+08
1.824606816821959798e-01 -1.571263063324960470e+09 4.416034698755022287e+08
1.841231901078118072e-01 -1.538629319103372335e+09 4.402185033138604164e+08
1.857856985644300296e-01 -1.500843649330961466e+09 4.388742331496608853e+08
1.874482070512257237e-01 -1.458364242447026014e+09 4.375542945514227152e+08
1.891107155674030538e-01 -1.411640227679739714e+09 4.362439712365744114e+08
1.907732241121938566e-01 -1.361110909829476357e+09 4.349303550984822512e+08
1.924357326848565586e-01 -1.307205050865936279e+09 4.336024619109175801e+08
1.940982412846749550e-01 -1.250340198966287374e+09 4.322513050820609927e+08
1.957607499109572380e-01 -1.190922065469130754e+09 4.308699298636019826e+08
1.974232585630348313e-01 -1.129343950072083235e+09 4.294534106877973676e+08
1.990857672402615297e-01 -1.065986214454671741e+09 4.279988144426485300e+08
2.007482759420124996e-01 -1.001215804367586017e+09 4.265051325387880206e+08
2.024107846676835298e-01 -9.353858200899103880e+08 4.249731846043037176e+08
2.040732934166899215e-01 -8.688351350230542421e+08 4.234054965950137377e+08
2.057358021884660160e-01 -8.018880620605252981e+08 4.218061560543211102e+08
2.073983109824642512e-01 -7.348540672482752800e+08 4.201806472154676914e+08
2.090608197981545235e-01 -6.680275301284931898e+08 4.185356686283667684e+08
2.107233286350234380e-01 -6.016875500503422022e+08 4.168789360183987617e+08
2.123858374925735870e-01 -5.360977976155226231e+08 4.152189731511446238e+08
2.140483463703231337e-01 -4.715064103294245005e+08 4.135648935834154487e+08
2.157108552678049240e-01 -4.081459314275681973e+08 4.119261763189646602e+08
2.173733641845664311e-01 -3.462332907566236258e+08 4.103124385461034179e+08
2.190358731201685061e-01 -2.859698265051255822e+08 4.087332087987062931e+08
2.206983820741854618e-01 -2.275413464977721572e+08 4.071977040308105946e+08
2.223608910462041566e-01 -1.711182276964183152e+08 4.057146142095316648e+08
2.240234000358239386e-01 -1.168555524833119065e+08 4.042918980861573219e+08
2.256859090426557024e-01 -6.489328024216180295e+07 4.029365937828924656e+08
2.273484180663219723e-01 -1.535645269906315766e+07 4.016546477126050591e+08
2.290109271064561247e-01 3.164456856352992356e+07 4.004507651189664006e+08
2.306734361627020280e-01 7.601383404459400475e+07 3.993282851786496639e+08
2.323359452347137921e-01 1.176695093798567206e+08 3.982890831454462409e+08
2.339984543221555469e-01 1.565435512019036412e+08 3.973335014511131048e+08
2.356609634247005536e-01 1.925813575230320394e+08 3.964603110251309872e+08
2.373234725420314828e-01 2.257413943694042861e+08 3.956667033843320608e+08
2.389859816738397480e-01 2.559948004128844738e+08 3.949483133024213910e+08
2.406484908198254224e-01 2.833249713445544243e+08 3.942992711353317499e+08
2.423109999796965175e-01 3.077271257459120154e+08 3.937122831852005720e+08
2.439735091531692601e-01 3.292078541958510876e+08 3.931787378660584092e+08
2.456360183399674824e-01 3.477846533539181352e+08 3.926888349134244323e+08
2.472985275398224547e-01 3.634854467366210222e+08 3.922317344815238118e+08
2.489610367524725254e-01 3.763480938908632994e+08 3.917957227002191544e+08
2.506235459776631203e-01 3.864198896403995156e+08 3.913683901294021010e+08
2.522860552151463542e-01 3.937570550573607683e+08 3.909368195376472473e+08
2.539485644646808371e-01 3.984242217765400410e+08 3.904877795380241275e+08
2.556110737260313126e-01 4.004939112364909053e+08 3.900079208130994439e+08
2.572735829989687417e-01 4.000460103921309710e+08 3.894839719372372031e+08
2.589360922832700251e-01 3.971672454035075903e+08 3.889029321283521056e+08
2.605986015787175591e-01 3.919506547557364702e+08 3.882522586156504154e+08
2.622611108850994577e-01 3.844950632265935540e+08 3.875200466690998077e+08
2.639236202022091082e-01 3.749045580579501390e+08 3.866952006860600114e+08
2.655861295298450053e-01 3.632879686440227628e+08 3.857675950507290959e+08
2.672486388678106950e-01 3.497583509904983044e+08 3.847282237660071254e+08
2.689111482159146083e-01 3.344324781453049779e+08 3.835693380923326015e+08
2.705736575739698391e-01 3.174303377434617281e+08 3.822845716122919321e+08
2.722361669417941443e-01 2.988746377519367337e+08 3.808690522676146030e+08
2.738986763192096108e-01 2.788903214393361211e+08 3.793195009879558682e+08
2.755611857060425440e-01 2.576040925375109613e+08 3.776343165497175455e+08
2.772236951021236906e-01 2.351439514990937412e+08 3.758136462689273953e+08
2.788862045072874607e-01 2.116387436976095438e+08 3.738594420504790545e+08
2.805487139213725944e-01 1.872177203526943326e+08 3.717755011909728646e+08
2.822112233442213292e-01 1.620101129040725231e+08 3.695674911682524681e+08
2.838737327756796214e-01 1.361447214970197976e+08 3.672429574587131739e+08
2.855362422155972579e-01 1.097495181821125895e+08 3.648113132072894573e+08
2.871987516638271343e-01 8.295126537086805701e+07 3.622838093536136746e+08
2.888612611202258651e-01 5.587515003451833129e+07 3.596734835988839269e+08
2.905237705846532292e-01 2.864443406796578690e+07 3.569950864070656896e+08
2.921862800569720031e-01 1.380121193431772059e+06 3.542649820914014578e+08
2.938487895370484604e-01 -2.579935928667935356e+07 3.515010229710959792e+08
2.955112990247516502e-01 -5.277845162472943962e+07 3.487223946309649348e+08
2.971738085199533974e-01 -7.944475544701091945e+07 3.459494305104535818e+08
2.988363180225286353e-01 -1.056892900991266817e+08 3.432033944312211871e+08
3.004988275323551283e-01 -1.314067414156743586e+08 3.405062302787280083e+08
3.021613370493130279e-01 -1.564956908542950451e+08 3.378802789166399837e+08
3.038238465732852611e-01 -1.808588269873267114e+08 3.353479635447057486e+08
3.054863561041573639e-01 -2.044031393818309307e+08 3.329314461165732741e+08
3.071488656418173702e-01 -2.270400949499706924e+08 3.306522590720121264e+08
3.088113751861554790e-01 -2.486857968838557899e+08 3.285309184499388933e+08
3.104738847370644983e-01 -2.692611263375153542e+08 3.265865263211880326e+08
3.121363942944395120e-01 -2.886918670461497903e+08 3.248363722755550742e+08
3.137989038581776025e-01 -3.069088131185300350e+08 3.232955452383824587e+08
3.154614134281782389e-01 -3.238478602607662082e+08 3.219765679939309955e+08
3.171239230043430002e-01 -3.394500807318529487e+08 3.208890672741681337e+08
3.187864325865753523e-01 -3.536617823509197235e+08 3.200394919941899180e+08
3.204489421747808708e-01 -3.664345519118397832e+08 3.194308910932955742e+08
3.221114517688670742e-01 -3.777252833790779114e+08 3.190627604860872030e+08
3.237739613687434237e-01 -3.874961912692058682e+08 3.189309659367910624e+08
3.254364709743211015e-01 -3.957148096366106272e+08 3.190277454375329614e+08
3.270989805855132326e-01 -4.023539771087727547e+08 3.193417911606871486e+08
3.287614902022346075e-01 -4.073918084281222820e+08 3.198584075678423047e+08
3.304239998244018484e-01 -4.108116529785857201e+08 3.205597390875766277e+08
3.320865094519330207e-01 -4.126020407841660976e+08 3.214250581806977391e+08
3.337490190847480775e-01 -4.127566164847663641e+08 3.224311027626500130e+08
3.354115287227684150e-01 -4.112740617979234457e+08 3.235524509439493418e+08
3.370740383659170392e-01 -4.081580069943969846e+08 3.247619208617878556e+08
3.387365480141183438e-01 -4.034169319088982940e+08 3.260309839247823358e+08
3.403990576672984991e-01 -3.970640570299541950e+08 3.273301809255102277e+08
3.420615673253846745e-01 -3.891172251997528672e+08 3.286295320174765587e+08
3.437240769883058711e-01 -3.795987744730045199e+08 3.298989333144705296e+08
3.453865866559921449e-01 -3.685354026731243730e+08 3.311085346934525967e+08
3.470490963283750507e-01 -3.559580241942791939e+08 3.322290951249546409e+08
3.487116060053874755e-01 -3.419016195861284137e+08 3.332323134248660803e+08
3.503741156869634166e-01 -3.264050784683461189e+08 3.340911336573473215e+08
3.520366253730383144e-01 -3.095110363030766249e+08 3.347800254935203195e+08
3.536991350635486642e-01 -2.912657055669385195e+08 3.352752406451777816e+08
3.553616447584322380e-01 -2.717187018374659419e+08 3.355550470647361279e+08
3.570241544576279180e-01 -2.509228653261874616e+08 3.355999429584496021e+08
3.586866641610758633e-01 -2.289340783568538725e+08 3.353928528368071318e+08
3.603491738687170098e-01 -2.058110793060298264e+08 3.349193078499096632e+08
3.620116835804937372e-01 -1.816152734875788689e+08 3.341676125608931184e+08
3.636741932963493684e-01 -1.564105414774450958e+08 3.331290001123948097e+08
3.653367030162280593e-01 -1.302630453428692371e+08 3.317977774603688717e+08
3.669992127400752979e-01 -1.032410332481442243e+08 3.301714619824343920e+08
3.686617224678372939e-01 -7.541464288011597097e+07 3.282509103206527233e+08
3.703242321994613118e-01 -4.685570414201708883e+07 3.260404397688310146e+08
3.719867419348956150e-01 -1.763754153382298723e+07 3.235479418488085270e+08
3.736492516740893000e-01 1.216522335637231916e+07 3.207849869021512866e+08
3.753117614169925176e-01 4.247686885836411268e+07 3.177669175228025913e+08
3.769742711635561405e-01 7.322076932306717336e+07 3.145129274256098270e+08
3.786367809137318741e-01 1.043195899600475580e+08 3.110461208492326736e+08
3.802992906674724227e-01 1.356954800333096385e+08 3.073935457903489470e+08
3.819618004247312126e-01 1.672702640813301504e+08 3.035861922479405999e+08
3.836243101854625026e-01 1.989656308105436862e+08 2.996589442373065352e+08
3.852868199496213841e-01 2.307033193559969664e+08 2.956504716962504387e+08
3.869493297171635593e-01 2.624053025851929188e+08 2.916030457164450884e+08
3.886118394880457849e-01 2.939939671643683314e+08 2.875622580873882771e+08
3.902743492622252064e-01 3.253922900905209780e+08 2.835766243913866282e+08
3.919368590396599683e-01 3.565240114352756143e+08 2.796970494658657312e+08
3.935993688203087704e-01 3.873138030269150138e+08 2.759761357569079995e+08
3.952618786041311449e-01 4.176874328458184004e+08 2.724673198168316483e+08
3.969243883910870685e-01 4.475719248810741305e+08 2.692238307961167693e+08
3.985868981811374612e-01 4.768957142514602542e+08 2.662974777716944814e+08
4.002494079742436872e-01 5.055887973593429327e+08 2.637372900392186046e+08
4.019119177703678880e-01 5.335828769086859226e+08 2.615880549701271653e+08
4.035744275694727046e-01 5.608115015744289160e+08 2.598888193862732649e+08
4.052369373715214440e-01 5.872102001814272404e+08 2.586714391415472329e+08
4.068994471764781906e-01 6.127166102002770901e+08 2.579592735783043504e+08
4.085619569843071952e-01 6.372706004413365126e+08 2.577661228350815773e+08
4.102244667949735413e-01 6.608143877758606672e+08 2.580954942320641279e+08
4.118869766084432005e-01 6.832926477876634598e+08 2.589402592358861268e+08
4.135494864246819224e-01 7.046526192027196884e+08 2.602827279428854287e+08
4.152119962436567890e-01 7.248442020255340338e+08 2.620951291450852156e+08
4.168745060653349932e-01 7.438200492446544170e+08 2.643404475856016874e+08
4.185370158896842829e-01 7.615356520615170002e+08 2.669735419172001183e+08
4.201995257166728504e-01 7.779494185208331347e+08 2.699424510169742703e+08
4.218620355462696647e-01 7.930227455195571184e+08 2.731897935126166344e+08
4.235245453784438063e-01 8.067200840898377895e+08 2.766541739201639891e+08
4.251870552131651881e-01 8.190089979557305574e+08 2.802715250704523325e+08
4.268495650504041117e-01 8.298602152734392881e+08 2.839763365136617422e+08
4.285120748901312115e-01 8.392476735810213089e+08 2.877027386233704090e+08
4.301745847323175664e-01 8.471485578783673048e+08 2.913854297039796710e+08
4.318370945769347546e-01 8.535433318918536901e+08 2.949604470535714030e+08
4.334996044239549096e-01 8.584157624539772272e+08 2.983657924268530607e+08
4.351621142733504422e-01 8.617529370812062025e+08 3.015419279136056304e+08
4.368246241250944295e-01 8.635452746900709867e+08 3.044321607783539295e+08
4.384871339791597822e-01 8.637865295637998581e+08 3.069829359990253448e+08
4.401496438355204099e-01 8.624737885182676315e+08 3.091440540515135527e+08
4.418121536941504446e-01 8.596074614108937979e+08 3.108688293835291266e+08
4.434746635550242400e-01 8.551912649462690353e+08 3.121142026759220958e+08
4.451371734181167605e-01 8.492321999586964846e+08 3.128408175151717067e+08
4.467996832834031928e-01 8.417405221257442236e+08 3.130130699158925414e+08
4.484621931508591675e-01 8.327297063334195614e+08 3.125991370951654911e+08
4.501247030204606481e-01 8.222164046431435347e+08 3.115709903079283834e+08
4.517872128921838204e-01 8.102203981278408766e+08 3.099043951196531057e+08
4.534497227660054253e-01 7.967645425165381432e+08 3.075789014974348545e+08
4.551122326419027031e-01 7.818747079672818184e+08 3.045778251760883927e+08
4.567747425198525613e-01 7.655797128910275698e+08 3.008882212269704342e+08
4.584372523998329063e-01 7.479112522079792023e+08 2.965008501842865944e+08
4.600997622818217003e-01 7.289038199281629324e+08 2.914101368795862198e+08
4.617622721657972384e-01 7.085946265161312819e+08 2.856141217778022885e+08
4.634247820517383154e-01 6.870235108826137781e+08 2.791144046205943823e+08
4.650872919396236149e-01 6.642328475596300364e+08 2.719160799383808374e+08
4.667498018294323758e-01 6.402674488305538893e+08 2.640276641564481258e+08
4.684123117211442255e-01 6.151744624959549904e+08 2.554610138124066591e+08
4.700748216147389580e-01 5.890032649381498098e+08 2.462312346877436638e+08
4.717373315101965336e-01 5.618053503350255489e+08 2.363565814272748828e+08
4.733998414074974126e-01 5.336342155175811648e+08 2.258583476228942871e+08
4.750623513066224435e-01 5.045452415670028925e+08 2.147607460377564728e+08
4.767248612075521974e-01 4.745955713760845065e+08 2.030907791916502416e+08
4.783873711102680226e-01 4.438439846455690861e+08 1.908781000977118611e+08
4.800498810147514894e-01 4.123507690969539285e+08 1.781548636965488493e+08
4.817123909209840571e-01 3.801775899778918624e+08 1.649555688894937634e+08
4.833749008289477955e-01 3.473873558768877387e+08 1.513168922045473456e+08
4.850374107386249412e-01 3.140440839889464378e+08 1.372775131608752012e+08
4.866999206499977859e-01 2.802127614070509076e+08 1.228779333516324461e+08
4.883624305630492324e-01 2.459592076882781088e+08 1.081602900197673142e+08
4.900249404777619611e-01 2.113499321886755526e+08 9.316816954039517045e+07
4.916874503941192631e-01 1.764519963015994132e+08 7.794642761954817176e+07
4.933499603121045407e-01 1.413328660432087183e+08 6.254104682371930778e+07
4.950124702317013070e-01 1.060602801122643650e+08 4.699912809089867771e+07
4.966749801528934083e-01 7.070208797783933580e+07 3.136954438570116088e+07
4.983374900756649684e-01 3.532619528788080812e+07 1.570864219580146484e+07
