# r [arcsec]	I [Jy/sr]	I_uncer [Jy/sr]
3.817853577942286001e-03 7.377691909879558563e+09 2.094626168038928986e+09
8.763567027319327241e-03 7.371563784653813362e+09 2.089785343795797586e+09
1.373848758764146562e-02 7.360563900750722885e+09 2.081099112791688204e+09
1.872000728009374365e-02 7.344732678567661285e+09 2.068602842556236744e+09
2.370403017919163122e-02 7.324131487983710289e+09 2.052350335228731871e+09
2.868926438607016446e-02 7.298840447018088341e+09 2.032411918867554188e+09
3.367517554121116780e-02 7.268957879129364014e+09 2.008874018214257002e+09
3.866150302165524688e-02 7.234599835781117439e+09 1.981838809655243397e+09
4.364810467787801074e-02 7.195899563999158859e+09 1.951423853355150938e+09
4.863489642318288148e-02 7.153006902608577728e+09 1.917761691908732891e+09
5.362182534931311806e-02 7.106087605808186531e+09 1.880999419787083149e+09
5.860885650759287135e-02 7.055322596058201790e+09 1.841298232025584936e+09
6.359596588733901212e-02 7.000907149433809280e+09 1.798832962930718660e+09
6.858313644859315161e-02 6.943050017059758186e+09 1.753791627464639664e+09
7.357035576433633428e-02 6.881972486727091789e+09 1.706374979908735991e+09
7.855761455883611410e-02 6.817907389036151886e+09 1.656796106434916258e+09
8.354490576851973660e-02 6.751098052717880249e+09 1.605280070407860756e+09
8.853222391973845917e-02 6.681797214029125214e+09 1.552063631542378187e+09
9.351956470533653865e-02 6.610265885322126389e+09 1.497395062319135427e+09
9.850692468967806037e-02 6.536772188109117508e+09 1.441534087109368086e+09
1.034943010988605139e-01 6.461590156074682236e+09 1.384751970758907318e+09
1.084816916687353777e-01 6.384998513672650337e+09 1.327331783194077015e+09
1.134690945329698275e-01 6.307279436031183243e+09 1.269568863575437546e+09
1.184565081393615799e-01 6.228717295979518890e+09 1.211771499442824841e+09
1.234439311864233557e-01 6.149597404100881577e+09 1.154261819756301880e+09
1.284313625747323662e-01 6.070204747713537216e+09 1.097376870577934504e+09
1.334188013691842700e-01 5.990822734709390640e+09 1.041469790635692239e+09
1.384062467694026355e-01 5.911731948159363747e+09 9.869109210434354544e+08
1.433936980863204647e-01 5.833208917533939362e+09 9.340885561808803082e+08
1.483811547234816508e-01 5.755524912320477486e+09 8.834088589859502316e+08
1.533686161619891020e-01 5.678944763711360931e+09 8.352942182614036798e+08
1.583560819482959792e-01 5.603725719903689384e+09 7.901790344535822868e+08
1.633435516842324520e-01 5.530116340400737762e+09 7.485016456490879059e+08
1.683310250188047585e-01 5.458355434511471748e+09 7.106909858757642508e+08
1.733185016414096891e-01 5.388671049050607681e+09 6.771468365885344744e+08
1.783059812761873808e-01 5.321279509996879578e+09 6.482134786807836294e+08
1.832934636772959591e-01 5.256384522619178772e+09 6.241483642092549801e+08
1.882809486249364950e-01 5.194176334304213524e+09 6.050899033901712894e+08
1.932684359219939418e-01 5.134830964018700600e+09 5.910307533938065767e+08
1.982559253911843622e-01 5.078509502025619507e+09 5.818037267972033024e+08
2.032434168726222901e-01 5.025357483136199951e+09 5.770854881462993622e+08
2.082309102217375085e-01 4.975504336439121246e+09 5.764187713865466118e+08
2.132184053074845376e-01 4.929062914065623283e+09 5.792487561796681881e+08
2.182059020107968983e-01 4.886129101190220833e+09 5.849658827625848055e+08
2.231934002232490444e-01 4.846781509064767838e+09 5.929470750449502468e+08
2.281808998458938198e-01 4.811081252488750458e+09 6.025895901077311039e+08
2.331684007882487975e-01 4.779071812717402458e+09 6.133349360002433062e+08
2.381559029674101546e-01 4.750778986383075714e+09 6.246830401129579544e+08
2.431434063072751561e-01 4.726210920610137939e+09 6.361984461995046139e+08
2.481309107378594780e-01 4.705358234065284729e+09 6.475108331819888353e+08
2.531184161946937738e-01 4.688194223281801224e+09 6.583119741866469383e+08
2.581059226182911837e-01 4.674675153181163788e+09 6.683507819476399422e+08
2.630934299536754062e-01 4.664740630280846596e+09 6.774275748831306696e+08
2.680809381499607014e-01 4.658314056720456123e+09 6.853882691538829803e+08
2.730684471599785779e-01 4.655303162784001350e+09 6.921188890663570166e+08
2.780559569399445041e-01 4.655600615248888969e+09 6.975405808174518347e+08
2.830434674491599245e-01 4.659084698509802818e+09 7.016051877686500549e+08
2.880309786497447511e-01 4.665620065050070763e+09 7.042913741043300629e+08
2.930184905063976664e-01 4.675058551498360634e+09 7.056012477787892818e+08
2.980060029861805737e-01 4.687240056189797401e+09 7.055574189526488781e+08
3.029935160583238640e-01 4.701993473811092377e+09 7.042004272405208349e+08
3.079810296940508341e-01 4.719137682458116531e+09 7.015864742756987810e+08
3.129685438664192021e-01 4.738482578134145737e+09 6.977854038650753498e+08
3.179560585501768344e-01 4.759830151499507904e+09 6.928788784556767941e+08
3.229435737216315716e-01 4.782975601439090729e+09 6.869587067938824892e+08
3.279310893585324904e-01 4.807708479851150513e+09 6.801252830679039955e+08
3.329186054399617678e-01 4.833813861864068985e+09 6.724861024868266582e+08
3.379061219462368704e-01 4.861073535572135925e+09 6.641543222087222338e+08
3.428936388588199047e-01 4.889267205264057159e+09 6.552473401296830177e+08
3.478811561602362934e-01 4.918173702030441284e+09 6.458853676016639471e+08
3.528686738339993356e-01 4.947572195601758957e+09 6.361899760942208767e+08
3.578561918645413176e-01 4.977243401233530045e+09 6.262826026295704842e+08
3.628437102371503964e-01 5.006970775473748207e+09 6.162830049204400778e+08
3.678312289379127020e-01 5.036541694689630508e+09 6.063076649411237240e+08
3.728187479536588800e-01 5.065748610292556763e+09 5.964681493344402313e+08
3.778062672719147974e-01 5.094390174712164879e+09 5.868694465610398054e+08
3.827937868808565791e-01 5.122272332304099083e+09 5.776083135482331514e+08
3.877813067692685856e-01 5.149209369516866684e+09 5.687716778412024975e+08
3.927688269265047216e-01 5.175024918860922813e+09 5.604351534354633093e+08
3.977563473424529095e-01 5.199552911423668861e+09 5.526617377068715096e+08
4.027438680075018929e-01 5.222638472914690971e+09 5.455007611124764681e+08
4.077313889125108171e-01 5.244138758512790680e+09 5.389871588192176819e+08
4.127189100487804740e-01 5.263923722068422318e+09 5.331411230035148859e+08
4.177064314080274343e-01 5.281876815536137581e+09 5.279681762864419818e+08
4.226939529823587338e-01 5.297895614851095200e+09 5.234596820075883269e+08
4.276814747642498915e-01 5.311892368833956718e+09 5.195937784656276703e+08
4.326689967465233155e-01 5.323794468063981056e+09 5.163366954485829473e+08
4.376565189223286523e-01 5.333544831085879326e+09 5.136443860987617970e+08
4.426440412851241901e-01 5.341102205698896408e+09 5.114643885982273817e+08
4.476315638286594845e-01 5.346441383517092705e+09 5.097378223558287024e+08
4.526190865469603142e-01 5.349553326414622307e+09 5.084014227701043487e+08
4.576066094343120838e-01 5.350445203913399696e+09 5.073895263362392783e+08
4.625941324852472225e-01 5.349140341022993088e+09 5.066359317741088271e+08
4.675816556945310287e-01 5.345678076490483284e+09 5.060755804435214400e+08
4.725691790571502904e-01 5.340113531872993469e+09 5.056460180241962075e+08
4.775567025683005173e-01 5.332517292305186272e+09 5.052886171322435737e+08
4.825442262233765600e-01 5.322975000276309967e+09 5.049495557734811306e+08
4.875317500179611185e-01 5.311586864190380096e+09 5.045805584825073481e+08
4.925192739478161941e-01 5.298467083910290718e+09 5.041394155081072450e+08
4.975067980088735964e-01 5.283743195927522659e+09 5.035903007152522206e+08
5.024943221972267837e-01 5.267555341210887909e+09 5.029039115013383627e+08
5.074818465091224251e-01 5.250055459199892998e+09 5.020574545847431421e+08
5.124693709409537945e-01 5.231406411790676117e+09 5.010345006459988952e+08
5.174568954892526662e-01 5.211781041543004990e+09 4.998247290245571733e+08
5.224444201506837082e-01 5.191361168679188728e+09 4.984235814429635406e+08
5.274319449220377098e-01 5.170336531794855118e+09 4.968318413971082568e+08
5.324194698002251425e-01 5.148903677482353210e+09 4.950551536253335476e+08
5.374069947822720517e-01 5.127264804387510300e+09 4.931034961387130022e+08
5.423945198653131738e-01 5.105626567440034866e+09 4.909906157050385475e+08
5.473820450465878285e-01 5.084198848263291359e+09 4.887334365029724836e+08
5.523695703234354770e-01 5.063193497942464828e+09 4.863514508699259758e+08
5.573570956932899501e-01 5.042823058525784492e+09 4.838661006341037154e+08
5.623446211536771155e-01 5.023299469756596565e+09 4.813001573976870775e+08
5.673321467022091058e-01 5.004832767657113075e+09 4.786771102411488891e+08
5.723196723365815419e-01 4.987629781659727097e+09 4.760205695688402653e+08
5.773071980545696480e-01 4.971892837019013405e+09 4.733536961052645445e+08
5.822947238540248094e-01 4.957818469271202087e+09 4.706986642886816859e+08
5.872822497328716862e-01 4.945596157462682724e+09 4.680761693682122231e+08
5.922697756891045495e-01 4.935407082839074135e+09 4.655049873130015135e+08
5.972573017207846169e-01 4.927422919586875916e+09 4.630015961036484838e+08
6.022448278260374988e-01 4.921804664110117912e+09 4.605798660200281739e+08
6.072323540030505340e-01 4.918701509167574883e+09 4.582508251881173253e+08
6.122198802500696813e-01 4.918249769026376724e+09 4.560225048742142320e+08
6.172074065653979646e-01 4.920571861563458443e+09 4.538998669165931940e+08
6.221949329473926982e-01 4.925775353015841484e+09 4.518848133407574892e+08
6.271824593944635984e-01 4.933952070806507111e+09 4.499762757571327686e+08
6.321699859050702308e-01 4.945177289575841904e+09 4.481703797242466807e+08
6.371575124777206778e-01 4.959508995230485916e+09 4.464606770428576469e+08
6.421450391109693179e-01 4.976987231465287209e+09 4.448384370414276123e+08
6.471325658034148276e-01 4.997633532854666710e+09 4.432929864446445704e+08
6.521200925536991821e-01 5.021450448208111763e+09 4.418120864339120984e+08
6.571076193605055460e-01 5.048421157482469559e+09 4.403823350601786971e+08
6.620951462225563855e-01 5.078509185101485252e+09 4.389895832077299356e+08
6.670826731386124697e-01 5.111658212109630585e+09 4.376193528054589629e+08
6.720702001074717602e-01 5.147791989101729393e+09 4.362572468356788754e+08
6.770577271279670795e-01 5.186814351421002388e+09 4.348893418162828684e+08
6.820452541989658890e-01 5.228609337629653931e+09 4.335025547222469449e+08
6.870327813193682909e-01 5.273041411765028000e+09 4.320849776657620668e+08
6.920203084881060285e-01 5.319955789409586906e+09 4.306261749908797741e+08
6.970078357041413764e-01 5.369178867096980095e+09 4.291174386943689585e+08
7.019953629664664740e-01 5.420518754092576981e+09 4.275519992073720098e+08
7.069828902741016607e-01 5.473765905073451042e+09 4.259251895365498066e+08
7.119704176260943651e-01 5.528693851757951736e+09 4.242345615701209307e+08
7.169579450215193273e-01 5.585060031041680336e+09 4.224799540047500134e+08
7.219454724594762673e-01 5.642606706708153725e+09 4.206635118642120957e+08
7.269329999390895525e-01 5.701061981339303970e+09 4.187896580003264546e+08
7.319205274595077526e-01 5.760140894564993858e+09 4.168650173229729533e+08
7.369080550199024193e-01 5.819546603375552177e+09 4.148982948372277617e+08
7.418955826194673087e-01 5.878971639774189949e+09 4.129001089245697856e+08
7.468831102574174929e-01 5.938099240662675858e+09 4.108827817198735476e+08
7.518706379329892497e-01 5.996604744439249992e+09 4.088600889494967461e+08
7.568581656454390627e-01 6.054157048449091911e+09 4.068469722252982855e+08
7.618456933940425113e-01 6.110420121073661804e+09 4.048592175611872077e+08
7.668332211780939378e-01 6.165054561924519539e+09 4.029131047741889954e+08
7.718207489969062252e-01 6.217719203337516785e+09 4.010250334494725466e+08
7.768082768498100199e-01 6.268072746079367638e+09 3.992111322276934981e+08
7.817958047361527329e-01 6.315775421968606949e+09 3.974868592735199332e+08
7.867833326552983175e-01 6.360490675896889687e+09 3.958666028034745455e+08
7.917708606066273802e-01 6.401886859581964493e+09 3.943632914107102156e+08
7.967583885895350715e-01 6.439638929232635498e+09 3.929880245119155049e+08
8.017459166034320850e-01 6.473430139225232124e+09 3.917497334654895067e+08
8.067334446477437693e-01 6.502953723797589302e+09 3.906548836794316769e+08
8.117209727219093507e-01 6.527914558760186195e+09 3.897072273032840490e+08
8.167085008253823775e-01 6.548030795205453873e+09 3.889076148551274538e+08
8.216960289576287213e-01 6.563035457248433113e+09 3.882538724141809344e+08
8.266835571181275766e-01 6.572677995895233154e+09 3.877407488930823803e+08
8.316710853063710163e-01 6.576725791257010460e+09 3.873599355167397261e+08
8.366586135218624376e-01 6.574965595454293251e+09 3.871001571331047416e+08
8.416461417641176723e-01 6.567204908760673523e+09 3.869473325308388472e+08
8.466336700326639875e-01 6.553273281719972610e+09 3.868847987080479860e+08
8.516211983270388641e-01 6.533023536251407623e+09 3.868935921660919785e+08
8.566087266467917738e-01 6.506332899008842468e+09 3.869527788821948171e+08
8.615962549914814028e-01 6.473104040599348068e+09 3.870398237182316780e+08
8.665837833606774288e-01 6.433266014599022865e+09 3.871309896388294101e+08
8.715713117539596322e-01 6.386775090678792953e+09 3.872017572123910785e+08
8.765588401709160093e-01 6.333615476575392723e+09 3.872272553783552647e+08
8.815463686111453256e-01 6.273799924047638893e+09 3.871826952838655114e+08
8.865338970742548952e-01 6.207370214446188927e+09 3.870438000271757841e+08
8.915214255598600257e-01 6.134397519992154121e+09 3.867872242721151114e+08
8.965089540675857949e-01 6.054982637366870880e+09 3.863909588459740877e+08
9.014964825970653850e-01 5.969256090745437622e+09 3.858347164964818954e+08
9.064840111479389728e-01 5.877378101961682320e+09 3.851002959273410439e+08
9.114715397198557278e-01 5.779538426030963898e+09 3.841719219865866899e+08
9.164590683124720361e-01 5.675956050861330986e+09 3.830365604395962954e+08
9.214465969254520550e-01 5.566878760553079605e+09 3.816842060892133713e+08
9.264341255584663815e-01 5.452582562298297882e+09 3.801081431071459651e+08
9.314216542111933839e-01 5.333370977490481377e+09 3.783051763153654337e+08
9.364091828833184250e-01 5.209574198268700600e+09 3.762758317956292033e+08
9.413967115745327519e-01 5.081548111339497566e+09 3.740245246262748837e+08
9.463842402845346058e-01 4.949673191523447037e+09 3.715596907464452982e+08
9.513717690130290006e-01 4.814353268091917038e+09 3.688938789479504228e+08
9.563592977597260569e-01 4.676014167565154076e+09 3.660437978111169338e+08
9.613468265243425570e-01 4.535102237233171463e+09 3.630303110751113296e+08
9.663343553066010561e-01 4.392082754251712799e+09 3.598783735291126370e+08
9.713218841062303266e-01 4.247438225744604588e+09 3.566168981221913099e+08
9.763094129229632490e-01 4.101666585880659103e+09 3.532785437701393366e+08
9.812969417565396979e-01 3.955279296459969521e+09 3.498994124829983711e+08
9.862844706067037670e-01 3.808799358027091980e+09 3.465186442198874354e+08
9.912719994732055451e-01 3.662759239053917408e+09 3.431778986242176890e+08
9.962595283557990067e-01 3.517698731170300961e+09 3.399207148644193411e+08
1.001247057254244233e+00 3.374162738883594036e+09 3.367917445731674433e+08
1.006234586168305301e+00 3.232699012611057281e+09 3.338358586230090261e+08
1.011222115097751173e+00 3.093855834236369133e+09 3.310971363202930093e+08
1.016209644042354920e+00 2.958179664734247684e+09 3.286177553591749072e+08
1.021197173001895608e+00 2.826212763694386959e+09 3.264368119943070412e+08
1.026184701976153857e+00 2.698490790854597092e+09 3.245891123220207095e+08
1.031172230964917613e+00 2.575540399955090523e+09 3.231039858537593484e+08
1.036159759967976379e+00 2.457876835401154995e+09 3.220041799844400883e+08
1.041147288985125208e+00 2.346001542365926266e+09 3.213048967947887182e+08
1.046134818016162260e+00 2.240399801029765606e+09 3.210130305774396658e+08
1.051122347060890139e+00 2.141538395706609249e+09 3.211266550582343936e+08
1.056109876119114777e+00 2.049863329592801332e+09 3.216347940534089208e+08
1.061097405190645881e+00 1.965797595810523987e+09 3.225174899444530606e+08
1.066084934275296714e+00 1.889739015323625088e+09 3.237461633458409905e+08
1.071072463372883643e+00 1.822058152137167931e+09 3.252842375151889920e+08
1.076059992483227479e+00 1.763096315992883682e+09 3.270879849574505687e+08
1.081047521606151030e+00 1.713163662519551754e+09 3.291075430833186507e+08
1.086035050741481101e+00 1.672537400494916439e+09 3.312880413909497857e+08
1.091022579889048050e+00 1.641460115522798300e+09 3.335707841050310731e+08
1.096010109048684011e+00 1.620138219039029121e+09 3.358944383414659500e+08
1.100997638220225783e+00 1.608740531114910126e+09 3.381961870570359826e+08
1.105985167403511937e+00 1.607397005032998323e+09 3.404128166155868769e+08
1.110972696598383935e+00 1.616197601094132900e+09 3.424817193104869127e+08
1.115960225804686790e+00 1.635191316530033112e+09 3.443418006027655602e+08
1.120947755022267955e+00 1.664385377795142651e+09 3.459342885598266721e+08
1.125935284250977553e+00 1.703744600854299784e+09 3.472034488105527759e+08
1.130922813490668366e+00 1.753190924417258978e+09 3.480972123446133137e+08
1.135910342741195622e+00 1.812603120336415529e+09 3.485677259359037876e+08
1.140897872002417213e+00 1.881816684660884142e+09 3.485718361968390942e+08
1.145885401274193693e+00 1.960623912060537577e+09 3.480715186195571423e+08
1.150872930556387619e+00 2.048774155545745850e+09 3.470342627457356453e+08
1.155860459848864208e+00 2.145974272599786043e+09 3.454334240829290152e+08
1.160847989151490678e+00 2.251889258013753414e+09 3.432485527493680120e+08
1.165835518464137355e+00 2.366143062871726513e+09 3.404657082100821137e+08
1.170823047786675675e+00 2.488319598299320221e+09 3.370777689372425675e+08
1.175810577118979738e+00 2.617963921719898701e+09 3.330847454173099399e+08
1.180798106460926311e+00 2.754583602532259941e+09 3.284941045870960355e+08
1.185785635812393490e+00 2.897650263258454323e+09 3.233211134269428253e+08
1.190773165173261150e+00 3.046601291380242825e+09 3.175892088744848371e+08
1.195760694543412272e+00 3.200841716257365227e+09 3.113304001582261920e+08
1.200748223922731173e+00 3.359746244695556164e+09 3.045857076018850803e+08
1.205735753311103498e+00 3.522661447961682320e+09 2.974056382160788774e+08
1.210723282708418003e+00 3.688908092255174637e+09 2.898506919138749242e+08
1.215710812114564332e+00 3.857783603918947220e+09 2.819918814855811596e+08
1.220698341529434350e+00 4.028564659967852592e+09 2.739112325662702918e+08
1.225685870952921253e+00 4.200509893827712059e+09 2.657022043004009426e+08
1.230673400384920457e+00 4.372862705569475174e+09 2.574699347455924749e+08
1.235660929825329379e+00 4.544854165313255310e+09 2.493311655882393718e+08
1.240648459274045878e+00 4.715705997955150604e+09 2.414136396026903391e+08
1.245635988730970478e+00 4.884633636871047020e+09 2.338546987104862630e+08
1.250623518196004813e+00 5.050849333810636520e+09 2.267987584516024590e+08
1.255611047669052738e+00 5.213565311829402924e+09 2.203933290681608617e+08
1.260598577150018551e+00 5.371996947764663696e+09 2.147833416159765720e+08
1.265586106638808772e+00 5.525365970515254974e+09 2.101037688731964827e+08
1.270573636135331475e+00 5.672903661176624298e+09 2.064709254166070223e+08
1.275561165639495398e+00 5.813854040955893517e+09 2.039733351824716032e+08
1.280548695151212168e+00 5.947477032716010094e+09 2.026635103286396563e+08
1.285536224670393413e+00 6.073051581999110222e+09 2.025521626606011093e+08
1.290523754196952311e+00 6.189878723453701973e+09 2.036060843014917970e+08
1.295511283730804264e+00 6.297284578707287788e+09 2.057501960975513160e+08
1.300498813271864673e+00 6.394623271946722031e+09 2.088733223451400399e+08
1.305486342820051382e+00 6.481279749727982521e+09 2.128364812126837373e+08
1.310473872375283122e+00 6.556672491879176140e+09 2.174821548543423712e+08
1.315461401937479291e+00 6.620256100761153221e+09 2.226431543002376854e+08
1.320448931506561285e+00 6.671523756624975204e+09 2.281501475731047988e+08
1.325436461082451389e+00 6.710009527328556061e+09 2.338374390080834925e+08
1.330423990665072775e+00 6.735290521272996902e+09 2.395470027256363332e+08
1.335411520254350393e+00 6.746988873073702812e+09 2.451310200342119038e+08
1.340399049850209634e+00 6.744773552174509048e+09 2.504532660791842639e+08
1.345386579452577447e+00 6.728361985392513275e+09 2.553896859651270211e+08
1.350374109061381667e+00 6.697521485161696434e+09 2.598284452143125534e+08
1.355361638676551461e+00 6.652070476141053200e+09 2.636696692805559635e+08
1.360349168298016442e+00 6.591879513687889099e+09 2.668250214533232450e+08
1.365336697925707776e+00 6.516872088694413185e+09 2.692172157712777257e+08
1.370324227559557517e+00 6.427025214194505692e+09 2.707795227525409460e+08
1.375311757199498608e+00 6.322369790188014030e+09 2.714552990078499317e+08
1.380299286845465101e+00 6.202990744097093582e+09 2.711975543988833427e+08
1.385286816497391715e+00 6.069026945366683006e+09 2.699685596928411126e+08
1.390274346155214724e+00 5.920670893683577538e+09 2.677394915198716223e+08
1.395261875818870623e+00 5.758168181444457054e+09 2.644901082644066811e+08
1.400249405488297016e+00 5.581816732053363800e+09 2.602084492160015702e+08
1.405236935163432621e+00 5.391965816782007217e+09 2.548905491098826528e+08
1.410224464844216596e+00 5.189014853877822876e+09 2.485401606380560398e+08
1.415211994530589656e+00 4.973411994725668907e+09 2.411684782790594399e+08
1.420199524222492293e+00 4.745652502780930519e+09 2.327938577243673801e+08
1.425187053919866997e+00 4.506276932089305878e+09 2.234415261267032921e+08
1.430174583622656481e+00 4.255869113022870064e+09 2.131432793412780464e+08
1.435162113330804123e+00 3.995053953964623928e+09 2.019371631974040270e+08
1.440149643044254413e+00 3.724495068312111855e+09 1.898671366637787521e+08
1.445137172762952060e+00 3.444892237304360867e+09 1.769827154913356006e+08
1.450124702486843331e+00 3.156978719599471092e+09 1.633385956084763706e+08
1.455112232215874490e+00 2.861518419693844795e+09 1.489942561150917709e+08
1.460099761949993358e+00 2.559302927406595230e+09 1.340135423008036464e+08
1.465087291689147531e+00 2.251148441969612122e+09 1.184642295481817722e+08
1.470074821433285939e+00 1.937892593855673075e+09 1.024175694924939573e+08
1.475062351182357734e+00 1.620391179305399179e+09 8.594782013747763634e+07
1.480049880936313622e+00 1.299514820931833267e+09 6.913176227072416246e+07
1.485037410695103866e+00 9.761455713112912178e+08 5.204820538542192429e+07
1.490024940458680058e+00 6.511734710259814262e+08 3.477749182459913194e+07
1.495012470226994683e+00 3.254930874447852373e+08 1.740105278257820755e+07
